,0,1,2,3,4,5,6,7,8,9,10,11,12,13,14,15,16,17,18,19,20,21,22,23,24,25,26,27,28,29,30,31,32,33,34,35,36,37,38,39,40,41,42,43,44,45,46,47,48,49,50,51,52,53,54,55,56,57,58,59,60,61,62,63,64,65,66,67,68,69,70,71,72,73,74,75,76,77,78,79,80,81,82,83,84,85,86,87,88,89,90,91,92,93,94,95,96,97,98,99,100,101,102,103,104,105,106,107,108,109,110,111,112,113,114,115,116,117,118,119,120,121,122,123,124,125,126,127,128,129,130,131,132,133,134,135,136,137,138,139,140,141,142,143,144,145,146,147,148,149,150,151,152,153,154,155,156,157,158,159,160,161,162,163,164,165,166,167,168,169,170,171,172,173,174,175,176,177,178,179,180,181,182,183,184,185,186,187,188,189,190,191,192,193,194,195,196,197,198,199,200,201,202,203,204,205,206,207,208,209,210,211,212,213,214,215,216,217,218,219,220,221,222,223,224,225,226,227,228,229,230,231,232,233,234,235,236,237,238,239,240,241,242,243,244,245,246,247,248,249,250,251,252,253,254,255,256,257,258,259,260,261,262,263,264,265,266,267,268,269,270,271,272,273,274,275,276,277,278,279,280,281,282,283,284,285,286,287,288,289,290,291,292,293,294,295,296,297,298,299,300,301,302,303,304,305,306,307,308,309,310,311,312,313,314,315,316,317,318,319,320,321,322,323,324,325,326,327,328,329,330,331,332,333,334,335,336,337,338,339,340,341,342,343,344,345,346,347,348,349,350,351,352,353,354,355,356,357,358,359,360,361,362,363,364,365,366,367,368,369,370,371,372,373,374,375,376,377,378,379,380,381,382,383,384,385,386,387,388,389,390,391,392,393,394,395,396,397,398,399,400,401,402,403,404,405,406,407,408,409,410,411,412,413,414,415,416,417,418,419,420,421,422,423,424,425,426,427,428,429,430,431,432,433,434,435,436,437,438,439,440,441,442,443,444,445,446,447,448,449,450,451,452,453,454,455,456,457,458,459,460,461,462,463,464,465,466,467,468,469,470,471,472,473,474,475,476,477,478,479,480,481,482,483,484,485,486,487,488,489,490,491,492,493,494,495,496,497,498,499,500,501,502,503,504,505,506,507,508,509,510,511,512,513,514,515,516,517,518,519,520,521,522,523,524,525,526,527,528,529,530,531,532,533,534,535,536,537,538,539,540,541,542,543,544,545,546,547,548,549,550,551,552,553,554,555,556,557,558,559,560,561,562,563,564,565,566,567,568,569,570,571,572,573,574,575,576,577,578,579,580,581,582,583,584,585,586,587,588,589,590,591,592,593,594,595,596,597,598,599,600,601,602,603,604,605,606,607,608,609,610,611,612,613,614,615,616,617,618,619,620,621,622,623,624,625,626,627,628,629,630,631,632,633,634,635,636,637,638,639,640,641,642,643,644,645,646,647,648,649,650,651,652,653,654,655,656,657,658,659,660,661,662,663,664,665,666,667,668,669,670,671,672,673,674,675,676,677,678,679,680,681,682,683,684,685,686,687,688,689,690,691,692,693,694,695,696,697,698,699,700,701,702,703,704,705,706,707,708,709,710,711,712,713,714,715,716,717,718,719,720,721,722,723,724,725,726,727,728,729,730,731,732,733,734,735,736,737,738,739,740,741,742,743,744,745,746,747,748,749,750,751,752,753,754,755,756,757,758,759,760,761,762,763,764,765,766,767,768,769,770,771,772,773,774,775,776,777,778,779,780,781,782,783,784,785,786,787,788,789,790,791,792,793,794,795,796,797,798,799,800,801,802,803,804,805,806,807,808,809,810,811,812,813,814,815,816,817,818,819,820,821,822,823,824,825,826,827,828,829,830,831,832,833,834,835,836,837,838,839,840,841,842,843,844,845,846,847,848,849,850,851,852,853,854,855,856,857,858,859,860,861,862,863,864,865,866,867,868,869,870,871,872,873,874,875,876,877,878,879,880,881,882,883,884,885,886,887,888,889,890,891,892,893,894,895,896,897,898,899,900,901,902,903,904,905,906,907,908,909,910,911,912,913,914,915,916,917,918,919,920,921,922,923,924,925,926,927,928,929,930,931,932,933,934,935,936,937,938,939,940,941,942,943,944,945,946,947,948,949,950,951,952,953,954,955,956,957,958,959,960,961,962,963,964,965,966,967,968,969,970,971,972,973,974,975,976,977,978,979,980,981,982,983,984,985,986,987,988,989,990,991,992,993,994,995,996,997,998,999,1000,1001,1002,1003,1004,1005,1006,1007,1008,1009,1010,1011,1012,1013,1014,1015,1016,1017,1018,1019,1020,1021,1022,1023,1024,1025,1026,1027,1028,1029,1030,1031,1032,1033,1034,1035,1036,1037,1038,1039,1040,1041,1042,1043,1044,1045,1046,1047,1048,1049,1050,1051,1052,1053,1054,1055,1056,1057,1058,1059,1060,1061,1062,1063,1064,1065,1066,1067,1068,1069,1070,1071,1072,1073,1074,1075,1076,1077,1078,1079,1080,1081,1082,1083,1084,1085,1086,1087,1088,1089,1090,1091,1092,1093,1094,1095,1096,1097,1098,1099,1100,1101,1102,1103,1104,1105,1106,1107,1108,1109,1110,1111,1112,1113,1114,1115,1116,1117,1118,1119,1120,1121,1122,1123,1124,1125,1126,1127,1128,1129,1130,1131,1132,1133,1134,1135,1136,1137,1138,1139,1140,1141,1142,1143,1144,1145,1146,1147,1148,1149,1150,1151,1152,1153,1154,1155,1156,1157,1158,1159,1160,1161,1162,1163,1164,1165,1166,1167,1168,1169,1170,1171,1172,1173,1174,1175,1176,1177,1178,1179,1180,1181,1182,1183,1184,1185,1186,1187,1188,1189,1190,1191,1192,1193,1194,1195,1196,1197,1198,1199,1200,1201,1202,1203,1204,1205,1206,1207,1208,1209,1210,1211,1212,1213,1214,1215,1216,1217,1218,1219,1220,1221,1222,1223,1224,1225,1226,1227,1228,1229,1230,1231,1232,1233,1234,1235,1236,1237,1238,1239,1240,1241,1242,1243,1244,1245,1246,1247,1248,1249,1250,1251,1252,1253,1254,1255,1256,1257,1258,1259,1260,1261,1262,1263,1264,1265,1266,1267,1268,1269,1270,1271,1272,1273,1274,1275,1276,1277,1278,1279,1280,1281,1282,1283,1284,1285,1286,1287,1288,1289,1290,1291,1292,1293,1294,1295,1296,1297,1298,1299,1300,1301,1302,1303,1304,1305,1306,1307,1308,1309,1310,1311,1312,1313,1314,1315,1316,1317,1318,1319,1320,1321,1322,1323,1324,1325,1326,1327,1328,1329,1330,1331,1332,1333,1334,1335,1336,1337,1338,1339,1340,1341,1342,1343,1344,1345,1346,1347,1348,1349,1350,1351,1352,1353,1354,1355,1356,1357,1358,1359,1360,1361,1362,1363,1364,1365,1366,1367,1368,1369,1370,1371,1372,1373,1374,1375,1376,1377,1378,1379,1380,1381,1382,1383,1384,1385,1386,1387,1388,1389,1390,1391,1392,1393,1394,1395,1396,1397,1398,1399,1400,1401,1402,1403,1404,1405,1406,1407,1408,1409,1410,1411,1412,1413,1414,1415,1416,1417,1418,1419,1420,1421,1422,1423,1424,1425,1426,1427,1428,1429,1430,1431,1432,1433,1434,1435,1436,1437,1438,1439,1440,1441,1442,1443,1444,1445,1446,1447,1448,1449,1450,1451,1452,1453,1454,1455,1456,1457,1458,1459,1460,1461,1462,1463,1464,1465,1466,1467,1468,1469,1470,1471,1472,1473,1474,1475,1476,1477,1478,1479,1480,1481,1482,1483,1484,1485,1486,1487,1488,1489,1490,1491,1492,1493,1494,1495,1496,1497,1498,1499,1500,1501,1502,1503,1504,1505,1506,1507,1508,1509,1510,1511,1512,1513,1514,1515,1516,1517,1518,1519,1520,1521,1522,1523,1524,1525,1526,1527,1528,1529,1530,1531,1532,1533,1534,1535,1536,1537,1538,1539,1540,1541,1542,1543,1544,1545,1546,1547,1548,1549,1550,1551,1552,1553,1554,1555,1556,1557,1558,1559,1560,1561,1562,1563,1564,1565,1566,1567,1568,1569,1570,1571,1572,1573,1574,1575,1576,1577,1578,1579,1580,1581,1582,1583,1584,1585,1586,1587,1588,1589,1590,1591,1592,1593,1594,1595,1596,1597,1598,1599,1600,1601,1602,1603,1604,1605,1606,1607,1608,1609,1610,1611,1612,1613,1614,1615,1616,1617,1618,1619,1620,1621,1622,1623,1624,1625,1626,1627,1628,1629,1630,1631,1632,1633,1634,1635,1636,1637,1638,1639,1640,1641,1642,1643,1644,1645,1646,1647,1648,1649,1650,1651,1652,1653,1654,1655,1656,1657,1658,1659,1660,1661,1662,1663,1664,1665,1666,1667,1668,1669,1670,1671,1672,1673,1674,1675,1676,1677,1678,1679,1680,1681,1682,1683,1684,1685,1686,1687,1688,1689,1690,1691,1692,1693,1694,1695,1696,1697,1698,1699,1700,1701,1702,1703,1704,1705,1706,1707,1708,1709,1710,1711,1712,1713,1714,1715,1716,1717,1718,1719,1720,1721,1722,1723,1724,1725,1726,1727,1728,1729,1730,1731,1732,1733,1734,1735,1736,1737,1738,1739,1740,1741,1742,1743,1744,1745,1746,1747,1748,1749,1750,1751,1752,1753,1754,1755,1756,1757,1758,1759,1760,1761,1762,1763,1764,1765,1766,1767,1768,1769,1770,1771,1772,1773,1774,1775,1776,1777,1778,1779,1780,1781,1782,1783,1784,1785,1786,1787,1788,1789,1790,1791,1792,1793,1794,1795,1796,1797,1798,1799,1800,1801,1802,1803,1804,1805,1806,1807,1808,1809,1810,1811,1812,1813,1814,1815,1816,1817,1818,1819,1820,1821,1822,1823,1824,1825,1826,1827,1828,1829,1830,1831,1832,1833,1834,1835,1836,1837,1838,1839,1840,1841,1842,1843,1844,1845,1846,1847,1848,1849,1850,1851,1852,1853,1854,1855,1856,1857,1858,1859,1860,1861,1862,1863,1864,1865,1866,1867,1868,1869,1870,1871,1872,1873,1874,1875,1876,1877,1878,1879,1880,1881,1882,1883,1884,1885,1886,1887,1888,1889,1890,1891,1892,1893,1894,1895,1896,1897,1898,1899,1900,1901,1902,1903,1904,1905,1906,1907,1908,1909,1910,1911,1912,1913,1914,1915,1916,1917,1918,1919,1920,1921,1922,1923,1924,1925,1926,1927,1928,1929,1930,1931,1932,1933,1934,1935,1936,1937,1938,1939,1940,1941,1942,1943,1944,1945,1946,1947,1948,1949,1950,1951,1952,1953,1954,1955,1956,1957,1958,1959,1960,1961,1962,1963,1964,1965,1966,1967,1968,1969,1970,1971,1972,1973,1974,1975,1976,1977,1978,1979,1980,1981,1982,1983,1984,1985,1986,1987,1988,1989,1990,1991,1992,1993,1994,1995,1996,1997,1998,1999,2000,2001,2002,2003,2004,2005,2006,2007,2008,2009,2010,2011,2012,2013,2014,2015,2016,2017,2018,2019,2020,2021,2022,2023,2024,2025,2026,2027,2028,2029,2030,2031,2032,2033,2034,2035,2036,2037,2038,2039,2040,2041,2042,2043,2044,2045,2046,2047,2048,2049,2050,2051,2052,2053,2054,2055,2056,2057,2058,2059,2060,2061,2062,2063,2064,2065,2066,2067,2068,2069,2070,2071,2072,2073,2074,2075,2076,2077,2078,2079,2080,2081,2082,2083,2084,2085,2086,2087,2088,2089,2090,2091,2092,2093,2094,2095,2096,2097,2098,2099,2100,2101,2102,2103,2104,2105,2106,2107,2108,2109,2110,2111,2112,2113,2114,2115,2116,2117,2118,2119,2120,2121,2122,2123,2124,2125,2126,2127,2128,2129,2130,2131,2132,2133,2134,2135,2136,2137,2138,2139,2140,2141,2142,2143,2144,2145,2146,2147,2148,2149,2150,2151,2152,2153,2154,2155,2156,2157,2158,2159,2160,2161,2162,2163,2164,2165,2166,2167,2168,2169,2170,2171,2172,2173,2174,2175,2176,2177,2178,2179,2180,2181,2182,2183,2184,2185,2186,2187,2188,2189,2190,2191,2192,2193,2194,2195,2196,2197,2198,2199,2200,2201,2202,2203,2204,2205,2206,2207,2208,2209,2210,2211,2212,2213,2214,2215,2216,2217,2218,2219,2220,2221,2222,2223,2224,2225,2226,2227,2228,2229,2230,2231,2232,2233,2234,2235,2236,2237,2238,2239,2240,2241,2242,2243,2244,2245,2246,2247,2248,2249,2250,2251,2252,2253,2254,2255,2256,2257,2258,2259,2260,2261,2262,2263,2264,2265,2266,2267,2268,2269,2270,2271,2272,2273,2274,2275,2276,2277,2278,2279,2280,2281,2282,2283,2284,2285,2286,2287,2288,2289,2290,2291,2292,2293,2294,2295,2296,2297,2298,2299,2300,2301,2302,2303,2304,2305,2306,2307,2308,2309,2310,2311,2312,2313,2314,2315,2316,2317,2318,2319,2320,2321,2322,2323,2324,2325,2326,2327,2328,2329,2330,2331,2332,2333,2334,2335,2336,2337,2338,2339,2340,2341,2342,2343,2344,2345,2346,2347,2348,2349,2350,2351,2352,2353,2354,2355,2356,2357,2358,2359,2360,2361,2362,2363,2364,2365,2366,2367,2368,2369,2370,2371,2372,2373,2374,2375,2376,2377,2378,2379,2380,2381,2382,2383,2384,2385,2386,2387,2388,2389,2390,2391,2392,2393,2394,2395,2396,2397,2398,2399,2400,2401,2402,2403,2404,2405,2406,2407,2408,2409,2410,2411,2412,2413,2414,2415,2416,2417,2418,2419,2420,2421,2422,2423,2424,2425,2426,2427,2428,2429,2430,2431,2432,2433,2434,2435,2436,2437,2438,2439,2440,2441,2442,2443,2444,2445,2446,2447,2448,2449,2450,2451,2452,2453,2454,2455,2456,2457,2458,2459,2460,2461,2462,2463,2464,2465,2466,2467,2468,2469,2470,2471,2472,2473,2474,2475,2476,2477,2478,2479,2480,2481,2482,2483,2484,2485,2486,2487,2488,2489,2490,2491,2492,2493,2494,2495,2496,2497,2498,2499,2500,2501,2502,2503,2504,2505,2506,2507,2508,2509,2510,2511,2512,2513,2514,2515,2516,2517,2518,2519,2520,2521,2522,2523,2524,2525,2526,2527,2528,2529,2530,2531,2532,2533,2534,2535,2536,2537,2538,2539,2540,2541,2542,2543,2544,2545,2546,2547,2548,2549,2550,2551,2552,2553,2554,2555,2556,2557,2558,2559,2560,2561,2562,2563,2564,2565,2566,2567,2568,2569,2570,2571,2572,2573,2574,2575,2576,2577,2578,2579,2580,2581,2582,2583,2584,2585,2586,2587,2588,2589,2590,2591,2592,2593,2594,2595,2596,2597,2598,2599,2600,2601,2602,2603,2604,2605,2606,2607,2608,2609,2610,2611,2612,2613,2614,2615,2616,2617,2618,2619,2620,2621,2622,2623,2624,2625,2626,2627,2628,2629,2630,2631,2632,2633,2634,2635,2636,2637,2638,2639,2640,2641,2642,2643,2644,2645,2646,2647,2648,2649,2650,2651,2652,2653,2654,2655,2656,2657,2658,2659,2660,2661,2662,2663,2664,2665,2666,2667,2668,2669,2670,2671,2672,2673,2674,2675,2676,2677,2678,2679,2680,2681,2682,2683,2684,2685,2686,2687,2688,2689,2690,2691,2692,2693,2694,2695,2696,2697,2698,2699,2700,2701,2702,2703,2704,2705,2706,2707,2708,2709,2710,2711,2712,2713,2714,2715,2716,2717,2718,2719,2720,2721,2722,2723,2724,2725,2726,2727,2728,2729,2730,2731,2732,2733,2734,2735,2736,2737,2738,2739,2740,2741,2742,2743,2744,2745,2746,2747,2748,2749,2750,2751,2752,2753,2754,2755,2756,2757,2758,2759,2760,2761,2762,2763,2764,2765,2766,2767,2768,2769,2770,2771,2772,2773,2774,2775,2776,2777,2778,2779,2780,2781,2782,2783,2784,2785,2786,2787,2788,2789,2790,2791,2792,2793,2794,2795,2796,2797,2798,2799,2800,2801,2802,2803,2804,2805,2806,2807,2808,2809,2810,2811,2812,2813,2814,2815,2816,2817,2818,2819,2820,2821,2822,2823,2824,2825,2826,2827,2828,2829,2830,2831,2832,2833,2834,2835,2836,2837,2838,2839,2840,2841,2842,2843,2844,2845,2846,2847,2848,2849,2850,2851,2852,2853,2854,2855,2856,2857,2858,2859,2860,2861,2862,2863,2864,2865,2866,2867,2868,2869,2870,2871,2872,2873,2874,2875,2876,2877,2878,2879,2880,2881,2882,2883,2884,2885,2886,2887,2888,2889,2890,2891,2892,2893,2894,2895,2896,2897,2898,2899,2900,2901,2902,2903,2904,2905,2906,2907,2908,2909,2910,2911,2912,2913,2914,2915,2916,2917,2918,2919,2920,2921,2922,2923,2924,2925,2926,2927,2928,2929,2930,2931,2932,2933,2934,2935,2936,2937,2938,2939,2940,2941,2942,2943,2944,2945,2946,2947,2948,2949,2950,2951,2952,2953,2954,2955,2956,2957,2958,2959,2960,2961,2962,2963,2964,2965,2966,2967,2968,2969,2970,2971,2972,2973,2974,2975,2976,2977,2978,2979,2980,2981,2982,2983,2984,2985,2986,2987,2988,2989,2990,2991,2992,2993,2994,2995,2996,2997,2998,2999,3000,3001,3002,3003,3004,3005,3006,3007,3008,3009,3010,3011,3012,3013,3014,3015,3016,3017,3018,3019,3020,3021,3022,3023,3024,3025,3026,3027,3028,3029,3030,3031,3032,3033,3034,3035,3036,3037,3038,3039,3040,3041,3042,3043,3044,3045,3046,3047,3048,3049,3050,3051,3052,3053,3054,3055,3056,3057,3058,3059,3060,3061,3062,3063,3064,3065,3066,3067,3068,3069,3070,3071,3072,3073,3074,3075,3076,3077,3078,3079,3080,3081,3082,3083,3084,3085,3086,3087,3088,3089,3090,3091,3092,3093,3094,3095,3096,3097,3098,3099,3100,3101,3102,3103,3104,3105,3106,3107,3108,3109,3110,3111,3112,3113,3114,3115,3116,3117,3118,3119,3120,3121,3122,3123,3124,3125,3126,3127,3128,3129,3130,3131,3132,3133,3134,3135,3136,3137,3138,3139,3140,3141,3142,3143,3144,3145,3146,3147,3148,3149,3150,3151,3152,3153,3154,3155,3156,3157,3158,3159,3160,3161,3162,3163,3164,3165,3166,3167,3168,3169,3170,3171,3172,3173,3174,3175,3176,3177,3178,3179,3180,3181,3182,3183,3184,3185,3186,3187,3188,3189,3190,3191,3192,3193,3194,3195,3196,3197,3198,3199,3200,3201,3202,3203,3204,3205,3206,3207,3208,3209,3210,3211,3212,3213,3214,3215,3216,3217,3218,3219,3220,3221,3222,3223,3224,3225,3226,3227,3228,3229,3230,3231,3232,3233,3234,3235,3236,3237,3238,3239,3240,3241,3242,3243,3244,3245,3246,3247,3248,3249,3250,3251,3252,3253,3254,3255,3256,3257,3258,3259,3260,3261,3262,3263,3264,3265,3266,3267,3268,3269,3270,3271,3272,3273,3274,3275,3276,3277,3278,3279,3280,3281,3282,3283,3284,3285,3286,3287,3288,3289,3290,3291,3292,3293,3294,3295,3296,3297,3298,3299,3300,3301,3302,3303,3304,3305,3306,3307,3308,3309,3310,3311,3312,3313,3314,3315,3316,3317,3318,3319,3320,3321,3322,3323,3324,3325,3326,3327,3328,3329,3330,3331,3332,3333,3334,3335,3336,3337,3338,3339,3340,3341,3342,3343,3344,3345,3346,3347,3348,3349,3350,3351,3352,3353,3354,3355,3356,3357,3358,3359,3360,3361,3362,3363,3364,3365,3366,3367,3368,3369,3370,3371,3372,3373,3374,3375,3376,3377,3378,3379,3380,3381,3382,3383,3384,3385,3386,3387,3388,3389,3390,3391,3392,3393,3394,3395,3396,3397,3398,3399,3400,3401,3402,3403,3404,3405,3406,3407,3408,3409,3410,3411,3412,3413,3414,3415,3416,3417,3418,3419,3420,3421,3422,3423,3424,3425,3426,3427,3428,3429,3430,3431,3432,3433,3434,3435,3436,3437,3438,3439,3440,3441,3442,3443,3444,3445,3446,3447,3448,3449,3450,3451,3452,3453,3454,3455,3456,3457,3458,3459,3460,3461,3462,3463,3464,3465,3466,3467,3468,3469,3470,3471,3472,3473,3474,3475,3476,3477,3478,3479,3480,3481,3482,3483,3484,3485,3486,3487,3488,3489,3490,3491,3492,3493,3494,3495,3496,3497,3498,3499,3500,3501,3502,3503,3504,3505,3506,3507,3508,3509,3510,3511,3512,3513,3514,3515,3516,3517,3518,3519,3520,3521,3522,3523,3524,3525,3526,3527,3528,3529,3530,3531,3532,3533,3534,3535,3536,3537,3538,3539,3540,3541,3542,3543,3544,3545,3546,3547,3548,3549,3550,3551,3552,3553,3554,3555,3556,3557,3558,3559,3560,3561,3562,3563,3564,3565,3566,3567,3568,3569,3570,3571,3572,3573,3574,3575,3576,3577,3578,3579,3580,3581,3582,3583,3584,3585,3586,3587,3588,3589,3590,3591,3592,3593,3594,3595,3596,3597,3598,3599,3600,3601,3602,3603,3604,3605,3606,3607,3608,3609,3610,3611,3612,3613,3614,3615,3616,3617,3618,3619,3620,3621,3622,3623,3624,3625,3626,3627,3628,3629,3630,3631,3632,3633,3634,3635,3636,3637,3638,3639,3640,3641,3642,3643,3644,3645,3646,3647,3648,3649,3650,3651,3652,3653,3654,3655,3656,3657,3658,3659,3660,3661,3662,3663,3664,3665,3666,3667,3668,3669,3670,3671,3672,3673,3674,3675,3676,3677,3678,3679,3680,3681,3682,3683,3684,3685,3686,3687,3688,3689,3690,3691,3692,3693,3694,3695,3696,3697,3698,3699,3700,3701,3702,3703,3704,3705,3706,3707,3708,3709,3710,3711,3712,3713,3714,3715,3716,3717,3718,3719,3720,3721,3722,3723,3724,3725,3726,3727,3728,3729,3730,3731,3732,3733,3734,3735,3736,3737,3738,3739,3740,3741,3742,3743,3744,3745,3746,3747,3748,3749,3750,3751,3752,3753,3754,3755,3756,3757,3758,3759,3760,3761,3762,3763,3764,3765,3766,3767,3768,3769,3770,3771,3772,3773,3774,3775,3776,3777,3778,3779,3780,3781,3782,3783,3784,3785,3786,3787,3788,3789,3790,3791,3792,3793,3794,3795,3796,3797,3798,3799,3800,3801,3802,3803,3804,3805,3806,3807,3808,3809,3810,3811,3812,3813,3814,3815,3816,3817,3818,3819,3820,3821,3822,3823,3824,3825,3826,3827,3828,3829,3830,3831,3832,3833,3834,3835,3836,3837,3838,3839,3840,3841,3842,3843,3844,3845,3846,3847,3848,3849,3850,3851,3852,3853,3854,3855,3856,3857,3858,3859,3860,3861,3862,3863,3864,3865,3866,3867,3868,3869,3870,3871,3872,3873,3874,3875,3876,3877,3878,3879,3880,3881,3882,3883,3884,3885,3886,3887,3888,3889,3890,3891,3892,3893,3894,3895,3896,3897,3898,3899,3900,3901,3902,3903,3904,3905,3906,3907,3908,3909,3910,3911,3912,3913,3914,3915,3916,3917,3918,3919,3920,3921,3922,3923,3924,3925,3926,3927,3928,3929,3930,3931,3932,3933,3934,3935,3936,3937,3938,3939,3940,3941,3942,3943,3944,3945,3946,3947,3948,3949,3950,3951,3952,3953,3954,3955,3956,3957,3958,3959,3960,3961,3962,3963,3964,3965,3966,3967,3968,3969,3970,3971,3972,3973,3974,3975,3976,3977,3978,3979,3980,3981,3982,3983,3984,3985,3986,3987,3988,3989,3990,3991,3992,3993,3994,3995,3996,3997,3998,3999,4000,4001,4002,4003,4004,4005,4006,4007,4008,4009,4010,4011,4012,4013,4014,4015,4016,4017,4018,4019,4020,4021,4022,4023,4024,4025,4026,4027,4028,4029,4030,4031,4032,4033,4034,4035,4036,4037,4038,4039,4040,4041,4042,4043,4044,4045,4046,4047,4048,4049,4050,4051,4052,4053,4054,4055,4056,4057,4058,4059,4060,4061,4062,4063,4064,4065,4066,4067,4068,4069,4070,4071,4072,4073,4074,4075,4076,4077,4078,4079,4080,4081,4082,4083,4084,4085,4086,4087,4088,4089,4090,4091,4092,4093,4094,4095,4096,4097,4098,4099,4100,4101,4102,4103,4104,4105,4106,4107,4108,4109,4110,4111,4112,4113,4114,4115,4116,4117,4118,4119,4120,4121,4122,4123,4124,4125,4126,4127,4128,4129,4130,4131,4132,4133,4134,4135,4136,4137,4138,4139,4140,4141,4142,4143,4144,4145,4146,4147,4148,4149,4150,4151,4152,4153,4154,4155,4156,4157,4158,4159,4160,4161,4162,4163,4164,4165,4166,4167,4168,4169,4170,4171,4172,4173,4174,4175,4176,4177,4178,4179,4180,4181,4182,4183,4184,4185,4186,4187,4188,4189,4190,4191,4192,4193,4194,4195,4196,4197,4198,4199,4200,4201,4202,4203,4204,4205,4206,4207,4208,4209,4210,4211,4212,4213,4214,4215,4216,4217,4218,4219,4220,4221,4222,4223,4224,4225,4226,4227,4228,4229,4230,4231,4232,4233,4234,4235,4236,4237,4238,4239,4240,4241,4242,4243,4244,4245,4246,4247,4248,4249,4250,4251,4252,4253,4254,4255,4256,4257,4258,4259,4260,4261,4262,4263,4264,4265,4266,4267,4268,4269,4270,4271,4272,4273,4274,4275,4276,4277,4278,4279,4280,4281,4282,4283,4284,4285,4286,4287,4288,4289,4290,4291,4292,4293,4294,4295,4296,4297,4298,4299,4300,4301,4302,4303,4304,4305,4306,4307,4308,4309,4310,4311,4312,4313,4314,4315,4316,4317,4318,4319,4320,4321,4322,4323,4324,4325,4326,4327,4328,4329,4330,4331,4332,4333,4334,4335,4336,4337,4338,4339,4340,4341,4342,4343,4344,4345,4346,4347,4348,4349,4350,4351,4352,4353,4354,4355,4356,4357,4358,4359,4360,4361,4362,4363,4364,4365,4366,4367,4368,4369,4370,4371,4372,4373,4374,4375,4376,4377,4378,4379,4380,4381,4382,4383,4384,4385,4386,4387,4388,4389,4390,4391,4392,4393,4394,4395,4396,4397,4398,4399,4400,4401,4402,4403,4404,4405,4406,4407,4408,4409,4410,4411,4412,4413,4414,4415,4416,4417,4418,4419,4420,4421,4422,4423,4424,4425,4426,4427,4428,4429,4430,4431,4432,4433,4434,4435,4436,4437,4438,4439,4440,4441,4442,4443,4444,4445,4446,4447,4448,4449,4450,4451,4452,4453,4454,4455,4456,4457,4458,4459,4460,4461,4462,4463,4464,4465,4466,4467,4468,4469,4470,4471,4472,4473,4474,4475,4476,4477,4478,4479,4480,4481,4482,4483,4484,4485,4486,4487,4488,4489,4490,4491,4492,4493,4494,4495,4496,4497,4498,4499,4500,4501,4502,4503,4504,4505,4506,4507,4508,4509,4510,4511,4512,4513,4514,4515,4516,4517,4518,4519,4520,4521,4522,4523,4524,4525,4526,4527,4528,4529,4530,4531,4532,4533,4534,4535,4536,4537,4538,4539,4540,4541,4542,4543,4544,4545,4546,4547,4548,4549,4550,4551,4552,4553,4554,4555,4556,4557,4558,4559,4560,4561,4562,4563,4564,4565,4566,4567,4568,4569,4570,4571,4572,4573,4574,4575,4576,4577,4578,4579,4580,4581,4582,4583,4584,4585,4586,4587,4588,4589,4590,4591,4592,4593,4594,4595,4596,4597,4598,4599,4600,4601,4602,4603,4604,4605,4606,4607,4608,4609,4610,4611,4612,4613,4614,4615,4616,4617,4618,4619,4620,4621,4622,4623,4624,4625,4626,4627,4628,4629,4630,4631,4632,4633,4634,4635,4636,4637,4638,4639,4640,4641,4642,4643,4644,4645,4646,4647,4648,4649,4650,4651,4652,4653,4654,4655,4656,4657,4658,4659,4660,4661,4662,4663,4664,4665,4666,4667,4668,4669,4670,4671,4672,4673,4674,4675,4676,4677,4678,4679,4680,4681,4682,4683,4684,4685,4686,4687,4688,4689,4690,4691,4692,4693,4694,4695,4696,4697,4698,4699,4700,4701,4702,4703,4704,4705,4706,4707,4708,4709,4710,4711,4712,4713,4714,4715,4716,4717,4718,4719,4720,4721,4722,4723,4724,4725,4726,4727,4728,4729,4730,4731,4732,4733,4734,4735,4736,4737,4738,4739,4740,4741,4742,4743,4744,4745,4746,4747,4748,4749,4750,4751,4752,4753,4754,4755,4756,4757,4758,4759,4760,4761,4762,4763,4764,4765,4766,4767,4768,4769,4770,4771,4772,4773,4774,4775,4776,4777,4778,4779,4780,4781,4782,4783,4784,4785,4786,4787,4788,4789,4790,4791,4792,4793,4794,4795,4796,4797,4798,4799,4800,4801,4802,4803,4804,4805,4806,4807,4808,4809,4810,4811,4812,4813,4814,4815,4816,4817,4818,4819,4820,4821,4822,4823,4824,4825,4826,4827,4828,4829,4830,4831,4832,4833,4834,4835,4836,4837,4838,4839,4840,4841,4842,4843,4844,4845,4846,4847,4848,4849,4850,4851,4852,4853,4854,4855,4856,4857,4858,4859,4860,4861,4862,4863,4864,4865,4866,4867,4868,4869,4870,4871,4872,4873,4874,4875,4876,4877,4878,4879,4880,4881,4882,4883,4884,4885,4886,4887,4888,4889,4890,4891,4892,4893,4894,4895,4896,4897,4898,4899,4900,4901,4902,4903,4904,4905,4906,4907,4908,4909,4910,4911,4912,4913,4914,4915,4916,4917,4918,4919,4920,4921,4922,4923,4924,4925,4926,4927,4928,4929,4930,4931,4932,4933,4934,4935,4936,4937,4938,4939,4940,4941,4942,4943,4944,4945,4946,4947,4948,4949,4950,4951,4952,4953,4954,4955,4956,4957,4958,4959,4960,4961,4962,4963,4964,4965,4966,4967,4968,4969,4970,4971,4972,4973,4974,4975,4976,4977,4978,4979,4980,4981,4982,4983,4984,4985,4986,4987,4988,4989,4990,4991,4992,4993,4994,4995,4996,4997,4998,4999,5000,5001,5002,5003,5004,5005,5006,5007,5008,5009,5010,5011,5012,5013,5014,5015,5016,5017,5018,5019,5020,5021,5022,5023,5024,5025,5026,5027,5028,5029,5030,5031,5032,5033,5034,5035,5036,5037,5038,5039,5040,5041,5042,5043,5044,5045,5046,5047,5048,5049,5050,5051,5052,5053,5054,5055,5056,5057,5058,5059,5060,5061,5062,5063,5064,5065,5066,5067,5068,5069,5070,5071,5072,5073,5074,5075,5076,5077,5078,5079,5080,5081,5082,5083,5084,5085,5086,5087,5088,5089,5090,5091,5092,5093,5094,5095,5096,5097,5098,5099,5100,5101,5102,5103,5104,5105,5106,5107,5108,5109,5110,5111,5112,5113,5114,5115,5116,5117,5118,5119,5120,5121,5122,5123,5124,5125,5126,5127,5128,5129,5130,5131,5132,5133,5134,5135,5136,5137,5138,5139,5140,5141,5142,5143,5144,5145,5146,5147,5148,5149,5150,5151,5152,5153,5154,5155,5156,5157,5158,5159,5160,5161,5162,5163,5164,5165,5166,5167,5168,5169,5170,5171,5172,5173,5174,5175,5176,5177,5178,5179,5180,5181,5182,5183,5184,5185,5186,5187,5188,5189,5190,5191,5192,5193,5194,5195,5196,5197,5198,5199,5200,5201,5202,5203,5204,5205,5206,5207,5208,5209,5210,5211,5212,5213,5214,5215,5216,5217,5218,5219,5220,5221,5222,5223,5224,5225,5226,5227,5228,5229,5230,5231,5232,5233,5234,5235,5236,5237,5238,5239,5240,5241,5242,5243,5244,5245,5246,5247,5248,5249,5250,5251,5252,5253,5254,5255,5256,5257,5258,5259,5260,5261,5262,5263,5264,5265,5266,5267,5268,5269,5270,5271,5272,5273,5274,5275,5276,5277,5278,5279,5280,5281,5282,5283,5284,5285,5286,5287,5288,5289,5290,5291,5292,5293,5294,5295,5296,5297,5298,5299,5300,5301,5302,5303,5304,5305,5306,5307,5308,5309,5310,5311,5312,5313,5314,5315,5316,5317,5318,5319,5320,5321,5322,5323,5324,5325,5326,5327,5328,5329,5330,5331,5332,5333,5334,5335,5336,5337,5338,5339,5340,5341,5342,5343,5344,5345,5346,5347,5348,5349,5350,5351,5352,5353,5354,5355,5356,5357,5358,5359,5360,5361,5362,5363,5364,5365,5366,5367,5368,5369,5370,5371,5372,5373,5374,5375,5376,5377,5378,5379,5380,5381,5382,5383,5384,5385,5386,5387,5388,5389,5390,5391,5392,5393,5394,5395,5396,5397,5398,5399,5400,5401,5402,5403,5404,5405,5406,5407,5408,5409,5410,5411,5412,5413,5414,5415,5416,5417,5418,5419,5420,5421,5422,5423,5424,5425,5426,5427,5428,5429,5430,5431,5432,5433,5434,5435,5436,5437,5438,5439,5440,5441,5442,5443,5444,5445,5446,5447,5448,5449,5450,5451,5452,5453,5454,5455,5456,5457,5458,5459,5460,5461,5462,5463,5464,5465,5466,5467,5468,5469,5470,5471,5472,5473,5474,5475,5476,5477,5478,5479,5480,5481,5482,5483,5484,5485,5486,5487,5488,5489,5490,5491,5492,5493,5494,5495,5496,5497,5498,5499,5500,5501,5502,5503,5504,5505,5506,5507,5508,5509,5510,5511,5512,5513,5514,5515,5516,5517,5518,5519,5520,5521,5522,5523,5524,5525,5526,5527,5528,5529,5530,5531,5532,5533,5534,5535,5536,5537,5538,5539,5540,5541,5542,5543,5544,5545,5546,5547,5548,5549,5550,5551,5552,5553,5554,5555,5556,5557,5558,5559,5560,5561,5562,5563,5564,5565,5566,5567,5568,5569,5570,5571,5572,5573,5574,5575,5576,5577,5578,5579,5580,5581,5582,5583,5584,5585,5586,5587,5588,5589,5590,5591,5592,5593,5594,5595,5596,5597,5598,5599,5600,5601,5602,5603,5604,5605,5606,5607,5608,5609,5610,5611,5612,5613,5614,5615,5616,5617,5618,5619,5620,5621,5622,5623,5624,5625,5626,5627,5628,5629,5630,5631,5632,5633,5634,5635,5636,5637,5638,5639,5640,5641,5642,5643,5644,5645,5646,5647,5648,5649,5650,5651,5652,5653,5654,5655,5656,5657,5658,5659,5660,5661,5662,5663,5664,5665,5666,5667,5668,5669,5670,5671,5672,5673,5674,5675,5676,5677,5678,5679,5680,5681,5682,5683,5684,5685,5686,5687,5688,5689,5690,5691,5692,5693,5694,5695,5696,5697,5698,5699,5700,5701,5702,5703,5704,5705,5706,5707,5708,5709,5710,5711,5712,5713,5714,5715,5716,5717,5718,5719,5720,5721,5722,5723,5724,5725,5726,5727,5728,5729,5730,5731,5732,5733,5734,5735,5736,5737,5738,5739,5740,5741,5742,5743,5744,5745,5746,5747,5748,5749,5750,5751,5752,5753,5754,5755,5756,5757,5758,5759,5760,5761,5762,5763,5764,5765,5766,5767,5768,5769,5770,5771,5772,5773,5774,5775,5776,5777,5778,5779,5780,5781,5782,5783,5784,5785,5786,5787,5788,5789,5790,5791,5792,5793,5794,5795,5796,5797,5798,5799,5800,5801,5802,5803,5804,5805,5806,5807,5808,5809,5810,5811,5812,5813,5814,5815,5816,5817,5818,5819,5820,5821,5822,5823,5824,5825,5826,5827,5828,5829,5830,5831,5832,5833,5834,5835,5836,5837,5838,5839,5840,5841,5842,5843,5844,5845,5846,5847,5848,5849,5850,5851,5852,5853,5854,5855,5856,5857,5858,5859,5860,5861,5862,5863,5864,5865,5866,5867,5868,5869,5870,5871,5872,5873,5874,5875,5876,5877,5878,5879,5880,5881,5882,5883,5884,5885,5886,5887,5888,5889,5890,5891,5892,5893,5894,5895,5896,5897,5898,5899,5900,5901,5902,5903,5904,5905,5906,5907,5908,5909,5910,5911,5912,5913,5914,5915,5916,5917,5918,5919,5920,5921,5922,5923,5924,5925,5926,5927,5928,5929,5930,5931,5932,5933,5934,5935,5936,5937,5938,5939,5940,5941,5942,5943,5944,5945,5946,5947,5948,5949,5950,5951,5952,5953,5954,5955,5956,5957,5958,5959,5960,5961,5962,5963,5964,5965,5966,5967,5968,5969,5970,5971,5972,5973,5974,5975,5976,5977,5978,5979,5980,5981,5982,5983,5984,5985,5986,5987,5988,5989,5990,5991,5992,5993,5994,5995,5996,5997,5998,5999,6000,6001,6002,6003,6004,6005,6006,6007,6008,6009,6010,6011,6012,6013,6014,6015,6016,6017,6018,6019,6020,6021,6022,6023,6024,6025,6026,6027,6028,6029,6030,6031,6032,6033,6034,6035,6036,6037,6038,6039,6040,6041,6042,6043,6044,6045,6046,6047,6048,6049,6050,6051,6052,6053,6054,6055,6056,6057,6058,6059,6060,6061,6062,6063,6064,6065,6066,6067,6068,6069,6070,6071,6072,6073,6074,6075,6076,6077,6078,6079,6080,6081,6082,6083,6084,6085,6086,6087,6088,6089,6090,6091,6092,6093,6094,6095,6096,6097,6098,6099,6100,6101,6102,6103,6104,6105,6106,6107,6108,6109,6110,6111,6112,6113,6114,6115,6116,6117,6118,6119,6120,6121,6122,6123,6124,6125,6126,6127,6128,6129,6130,6131,6132,6133,6134,6135,6136,6137,6138,6139,6140,6141,6142,6143,6144,6145,6146,6147,6148,6149,6150,6151,6152,6153,6154,6155,6156,6157,6158,6159,6160,6161,6162,6163,6164,6165,6166,6167,6168,6169,6170,6171,6172,6173,6174,6175,6176,6177,6178,6179,6180,6181,6182,6183,6184,6185,6186,6187,6188,6189,6190,6191,6192,6193,6194,6195,6196,6197,6198,6199,6200,6201,6202,6203,6204,6205,6206,6207,6208,6209,6210,6211,6212,6213,6214,6215,6216,6217,6218,6219,6220,6221,6222,6223,6224,6225,6226,6227,6228,6229,6230,6231,6232,6233,6234,6235,6236,6237,6238,6239,6240,6241,6242,6243,6244,6245,6246,6247,6248,6249,6250,6251,6252,6253,6254,6255,6256,6257,6258,6259,6260,6261,6262,6263,6264,6265,6266,6267,6268,6269,6270,6271,6272,6273,6274,6275,6276,6277,6278,6279,6280,6281,6282,6283,6284,6285,6286,6287,6288,6289,6290,6291,6292,6293,6294,6295,6296,6297,6298,6299,6300,6301,6302,6303,6304,6305,6306,6307,6308,6309,6310,6311,6312,6313,6314,6315,6316,6317,6318,6319,6320,6321,6322,6323,6324,6325,6326,6327,6328,6329,6330,6331,6332,6333,6334,6335,6336,6337,6338,6339,6340,6341,6342,6343,6344,6345,6346,6347,6348,6349,6350,6351,6352,6353,6354,6355,6356,6357,6358,6359,6360,6361,6362,6363,6364,6365,6366,6367,6368,6369,6370,6371,6372,6373,6374,6375,6376,6377,6378,6379,6380,6381,6382,6383,6384,6385,6386,6387,6388,6389,6390,6391,6392,6393,6394,6395,6396,6397,6398,6399,6400,6401,6402,6403,6404,6405,6406,6407,6408,6409,6410,6411,6412,6413,6414,6415,6416,6417,6418,6419,6420,6421,6422,6423,6424,6425,6426,6427,6428,6429,6430,6431,6432,6433,6434,6435,6436,6437,6438,6439,6440,6441,6442,6443,6444,6445,6446,6447,6448,6449,6450,6451,6452,6453,6454,6455,6456,6457,6458,6459,6460,6461,6462,6463,6464,6465,6466,6467,6468,6469,6470,6471,6472,6473,6474,6475,6476,6477,6478,6479,6480,6481,6482,6483,6484,6485,6486,6487,6488,6489,6490,6491,6492,6493,6494,6495,6496,6497,6498,6499,6500,6501,6502,6503,6504,6505,6506,6507,6508,6509,6510,6511,6512,6513,6514,6515,6516,6517,6518,6519,6520,6521,6522,6523,6524,6525,6526,6527,6528,6529,6530,6531,6532,6533,6534,6535,6536,6537,6538,6539,6540,6541,6542,6543,6544,6545,6546,6547,6548,6549,6550,6551,6552,6553,6554,6555,6556,6557,6558,6559,6560,6561,6562,6563,6564,6565,6566,6567,6568,6569,6570,6571,6572,6573,6574,6575,6576,6577,6578,6579,6580,6581,6582,6583,6584,6585,6586,6587,6588,6589,6590,6591,6592,6593,6594,6595,6596,6597,6598,6599,6600,6601,6602,6603,6604,6605,6606,6607,6608,6609,6610,6611,6612,6613,6614,6615,6616,6617,6618,6619,6620,6621,6622,6623,6624,6625,6626,6627,6628,6629,6630,6631,6632,6633,6634,6635,6636,6637,6638,6639,6640,6641,6642,6643,6644,6645,6646,6647,6648,6649,6650,6651,6652,6653,6654,6655,6656,6657,6658,6659,6660,6661,6662,6663,6664,6665,6666,6667,6668,6669,6670,6671,6672,6673,6674,6675,6676,6677,6678,6679,6680,6681,6682,6683,6684,6685,6686,6687,6688,6689,6690,6691,6692,6693,6694,6695,6696,6697,6698,6699,6700,6701,6702,6703,6704,6705,6706,6707,6708,6709,6710,6711,6712,6713,6714,6715,6716,6717,6718,6719,6720,6721,6722,6723,6724,6725,6726,6727,6728,6729,6730,6731,6732,6733,6734,6735,6736,6737,6738,6739,6740,6741,6742,6743,6744,6745,6746,6747,6748,6749,6750,6751,6752,6753,6754,6755,6756,6757,6758,6759,6760,6761,6762,6763,6764,6765,6766,6767,6768,6769,6770,6771,6772,6773,6774,6775,6776,6777,6778,6779,6780,6781,6782,6783,6784,6785,6786,6787,6788,6789,6790,6791,6792,6793,6794,6795,6796,6797,6798,6799,6800,6801,6802,6803,6804,6805,6806,6807,6808,6809,6810,6811,6812,6813,6814,6815,6816,6817,6818,6819,6820,6821,6822,6823,6824,6825,6826,6827,6828,6829,6830,6831,6832,6833,6834,6835,6836,6837,6838,6839,6840,6841,6842,6843,6844,6845,6846,6847,6848,6849,6850,6851,6852,6853,6854,6855,6856,6857,6858,6859,6860,6861,6862,6863,6864,6865,6866,6867,6868,6869,6870,6871,6872,6873,6874,6875,6876,6877,6878,6879,6880,6881,6882,6883,6884,6885,6886,6887,6888,6889,6890,6891,6892,6893,6894,6895,6896,6897,6898,6899,6900,6901,6902,6903,6904,6905,6906,6907,6908,6909,6910,6911,6912,6913,6914,6915,6916,6917,6918,6919,6920,6921,6922,6923,6924,6925,6926,6927,6928,6929,6930,6931,6932,6933,6934,6935,6936,6937,6938,6939,6940,6941,6942,6943,6944,6945,6946,6947,6948,6949,6950,6951,6952,6953,6954,6955,6956,6957,6958,6959,6960,6961,6962,6963,6964,6965,6966,6967,6968,6969,6970,6971,6972,6973,6974,6975,6976,6977,6978,6979,6980,6981,6982,6983,6984,6985,6986,6987,6988,6989,6990,6991,6992,6993,6994,6995,6996,6997,6998,6999,7000,7001,7002,7003,7004,7005,7006,7007,7008,7009,7010,7011,7012,7013,7014,7015,7016,7017,7018,7019,7020,7021,7022,7023,7024,7025,7026,7027,7028,7029,7030,7031,7032,7033,7034,7035,7036,7037,7038,7039,7040,7041,7042,7043,7044,7045,7046,7047,7048,7049,7050,7051,7052,7053,7054,7055,7056,7057,7058,7059,7060,7061,7062,7063,7064,7065,7066,7067,7068,7069,7070,7071,7072,7073,7074,7075,7076,7077,7078,7079,7080,7081,7082,7083,7084,7085,7086,7087,7088,7089,7090,7091,7092,7093,7094,7095,7096,7097,7098,7099,7100,7101,7102,7103,7104,7105,7106,7107,7108,7109,7110,7111,7112,7113,7114,7115,7116,7117,7118,7119,7120,7121,7122,7123,7124,7125,7126,7127,7128,7129,7130,7131,7132,7133,7134,7135,7136,7137,7138,7139,7140,7141,7142,7143,7144,7145,7146,7147,7148,7149,7150,7151,7152,7153,7154,7155,7156,7157,7158,7159,7160,7161,7162,7163,7164,7165,7166,7167,7168,7169,7170,7171,7172,7173,7174,7175,7176,7177,7178,7179,7180,7181,7182,7183,7184,7185,7186,7187,7188,7189,7190,7191,7192,7193,7194,7195,7196,7197,7198,7199,7200,7201,7202,7203,7204,7205,7206,7207,7208,7209,7210,7211,7212,7213,7214,7215,7216,7217,7218,7219,7220,7221,7222,7223,7224,7225,7226,7227,7228,7229,7230,7231,7232,7233,7234,7235,7236,7237,7238,7239,7240,7241,7242,7243,7244,7245,7246,7247,7248,7249,7250,7251,7252,7253,7254,7255,7256,7257,7258,7259,7260,7261,7262,7263,7264,7265,7266,7267,7268,7269,7270,7271,7272,7273,7274,7275,7276,7277,7278,7279,7280,7281,7282,7283,7284,7285,7286,7287,7288,7289,7290,7291,7292,7293,7294,7295,7296,7297,7298,7299,7300,7301,7302,7303,7304,7305,7306,7307,7308,7309,7310,7311,7312,7313,7314,7315,7316,7317,7318,7319,7320,7321,7322,7323,7324,7325,7326,7327,7328,7329,7330,7331,7332,7333,7334,7335,7336,7337,7338,7339,7340,7341,7342,7343,7344,7345,7346,7347,7348,7349,7350,7351,7352,7353,7354,7355,7356,7357,7358,7359,7360,7361,7362,7363,7364,7365,7366,7367,7368,7369,7370,7371,7372,7373,7374,7375,7376,7377,7378,7379,7380,7381,7382,7383,7384,7385,7386,7387,7388,7389,7390,7391,7392,7393,7394,7395,7396,7397,7398,7399,7400,7401,7402,7403,7404,7405,7406,7407,7408,7409,7410,7411,7412,7413,7414,7415,7416,7417,7418,7419,7420,7421,7422,7423,7424,7425,7426,7427,7428,7429,7430,7431,7432,7433,7434,7435,7436,7437,7438,7439,7440,7441,7442,7443,7444,7445,7446,7447,7448,7449,7450,7451,7452,7453,7454,7455,7456,7457,7458,7459,7460,7461,7462,7463,7464,7465,7466,7467,7468,7469,7470,7471,7472,7473,7474,7475,7476,7477,7478,7479,7480,7481,7482,7483,7484,7485,7486,7487,7488,7489,7490,7491,7492,7493,7494,7495,7496,7497,7498,7499,7500,7501,7502,7503,7504,7505,7506,7507,7508,7509,7510,7511,7512,7513,7514,7515,7516,7517,7518,7519,7520,7521,7522,7523,7524,7525,7526,7527,7528,7529,7530,7531,7532,7533,7534,7535,7536,7537,7538,7539,7540,7541,7542,7543,7544,7545,7546,7547,7548,7549,7550,7551,7552,7553,7554,7555,7556,7557,7558,7559,7560,7561,7562,7563,7564,7565,7566,7567,7568,7569,7570,7571,7572,7573,7574,7575,7576,7577,7578,7579,7580,7581,7582,7583,7584,7585,7586,7587,7588,7589,7590,7591,7592,7593,7594,7595,7596,7597,7598,7599,7600,7601,7602,7603,7604,7605,7606,7607,7608,7609,7610,7611,7612,7613,7614,7615,7616,7617,7618,7619,7620,7621,7622,7623,7624,7625,7626,7627,7628,7629,7630,7631,7632,7633,7634,7635,7636,7637,7638,7639,7640,7641,7642,7643,7644,7645,7646,7647,7648,7649,7650,7651,7652,7653,7654,7655,7656,7657,7658,7659,7660,7661,7662,7663,7664,7665,7666,7667,7668,7669,7670,7671,7672,7673,7674,7675,7676,7677,7678,7679,7680,7681,7682,7683,7684,7685,7686,7687,7688,7689,7690,7691,7692,7693,7694,7695,7696,7697,7698,7699,7700,7701,7702,7703,7704,7705,7706,7707,7708,7709,7710,7711,7712,7713,7714,7715,7716,7717,7718,7719,7720,7721,7722,7723,7724,7725,7726,7727,7728,7729,7730,7731,7732,7733,7734,7735,7736,7737,7738,7739,7740,7741,7742,7743,7744,7745,7746,7747,7748,7749,7750,7751,7752,7753,7754,7755,7756,7757,7758,7759,7760,7761,7762,7763,7764,7765,7766,7767,7768,7769,7770,7771,7772,7773,7774,7775,7776,7777,7778,7779,7780,7781,7782,7783,7784,7785,7786,7787,7788,7789,7790,7791,7792,7793,7794,7795,7796,7797,7798,7799,7800,7801,7802,7803,7804,7805,7806,7807,7808,7809,7810,7811,7812,7813,7814,7815,7816,7817,7818,7819,7820,7821,7822,7823,7824,7825,7826,7827,7828,7829,7830,7831,7832,7833,7834,7835,7836,7837,7838,7839,7840,7841,7842,7843,7844,7845,7846,7847,7848,7849,7850,7851,7852,7853,7854,7855,7856,7857,7858,7859,7860,7861,7862,7863,7864,7865,7866,7867,7868,7869,7870,7871,7872,7873,7874,7875,7876,7877,7878,7879,7880,7881,7882,7883,7884,7885,7886,7887,7888,7889,7890,7891,7892,7893,7894,7895,7896,7897,7898,7899,7900,7901,7902,7903,7904,7905,7906,7907,7908,7909,7910,7911,7912,7913,7914,7915,7916,7917,7918,7919,7920,7921,7922,7923,7924,7925,7926,7927,7928,7929,7930,7931,7932,7933,7934,7935,7936,7937,7938,7939,7940,7941,7942,7943,7944,7945,7946,7947,7948,7949,7950,7951,7952,7953,7954,7955,7956,7957,7958,7959,7960,7961,7962,7963,7964,7965,7966,7967,7968,7969,7970,7971,7972,7973,7974,7975,7976,7977,7978,7979,7980,7981,7982,7983,7984,7985,7986,7987,7988,7989,7990,7991,7992,7993,7994,7995,7996,7997,7998,7999,8000,8001,8002,8003,8004,8005,8006,8007,8008,8009,8010,8011,8012,8013,8014,8015,8016,8017,8018,8019,8020,8021,8022,8023,8024,8025,8026,8027,8028,8029,8030,8031,8032,8033,8034,8035,8036,8037,8038,8039,8040,8041,8042,8043,8044,8045,8046,8047,8048,8049,8050,8051,8052,8053,8054,8055,8056,8057,8058,8059,8060,8061,8062,8063,8064,8065,8066,8067,8068,8069,8070,8071,8072,8073,8074,8075,8076,8077,8078,8079,8080,8081,8082,8083,8084,8085,8086,8087,8088,8089,8090,8091,8092,8093,8094,8095,8096,8097,8098,8099,8100,8101,8102,8103,8104,8105,8106,8107,8108,8109,8110,8111,8112,8113,8114,8115,8116,8117,8118,8119,8120,8121,8122,8123,8124,8125,8126,8127,8128,8129,8130,8131,8132,8133,8134,8135,8136,8137,8138,8139,8140,8141,8142,8143,8144,8145,8146,8147,8148,8149,8150,8151,8152,8153,8154,8155,8156,8157,8158,8159,8160,8161,8162,8163,8164,8165,8166,8167,8168,8169,8170,8171,8172,8173,8174,8175,8176,8177,8178,8179,8180,8181,8182,8183,8184,8185,8186,8187,8188,8189,8190,8191,8192,8193,8194,8195,8196,8197,8198,8199,8200,8201,8202,8203,8204,8205,8206,8207,8208,8209,8210,8211,8212,8213,8214,8215,8216,8217,8218,8219,8220,8221,8222,8223,8224,8225,8226,8227,8228,8229,8230,8231,8232,8233,8234,8235,8236,8237,8238,8239,8240,8241,8242,8243,8244,8245,8246,8247,8248,8249,8250,8251,8252,8253,8254,8255,8256,8257,8258,8259,8260,8261,8262,8263,8264,8265,8266,8267,8268,8269,8270,8271,8272,8273,8274,8275,8276,8277,8278,8279,8280,8281,8282,8283,8284,8285,8286,8287,8288,8289,8290,8291,8292,8293,8294,8295,8296,8297,8298,8299,8300,8301,8302,8303,8304,8305,8306,8307,8308,8309,8310,8311,8312,8313,8314,8315,8316,8317,8318,8319,8320,8321,8322,8323,8324,8325,8326,8327,8328,8329,8330,8331,8332,8333,8334,8335,8336,8337,8338,8339,8340,8341,8342,8343,8344,8345,8346,8347,8348,8349,8350,8351,8352,8353,8354,8355,8356,8357,8358,8359,8360,8361,8362,8363,8364,8365,8366,8367,8368,8369,8370,8371,8372,8373,8374,8375,8376,8377,8378,8379,8380,8381,8382,8383,8384,8385,8386,8387,8388,8389,8390,8391,8392,8393,8394,8395,8396,8397,8398,8399,8400,8401,8402,8403,8404,8405,8406,8407,8408,8409,8410,8411,8412,8413,8414,8415,8416,8417,8418,8419,8420,8421,8422,8423,8424,8425,8426,8427,8428,8429,8430,8431,8432,8433,8434,8435,8436,8437,8438,8439,8440,8441,8442,8443,8444,8445,8446,8447,8448,8449,8450,8451,8452,8453,8454,8455,8456,8457,8458,8459,8460,8461,8462,8463,8464,8465,8466,8467,8468,8469,8470,8471,8472,8473,8474,8475,8476,8477,8478,8479,8480,8481,8482,8483,8484,8485,8486,8487,8488,8489,8490,8491,8492,8493,8494,8495,8496,8497,8498,8499,8500,8501,8502,8503,8504,8505,8506,8507,8508,8509,8510,8511,8512,8513,8514,8515,8516,8517,8518,8519,8520,8521,8522,8523,8524,8525,8526,8527,8528,8529,8530,8531,8532,8533,8534,8535,8536,8537,8538,8539,8540,8541,8542,8543,8544,8545,8546,8547,8548,8549,8550,8551,8552,8553,8554,8555,8556,8557,8558,8559,8560,8561,8562,8563,8564,8565,8566,8567,8568,8569,8570,8571,8572,8573,8574,8575,8576,8577,8578,8579,8580,8581,8582,8583,8584,8585,8586,8587,8588,8589,8590,8591,8592,8593,8594,8595,8596,8597,8598,8599,8600,8601,8602,8603,8604,8605,8606,8607,8608,8609,8610,8611,8612,8613,8614,8615,8616,8617,8618,8619,8620,8621,8622,8623,8624,8625,8626,8627,8628,8629,8630,8631,8632,8633,8634,8635,8636,8637,8638,8639,8640,8641,8642,8643,8644,8645,8646,8647,8648,8649,8650,8651,8652,8653,8654,8655,8656,8657,8658,8659,8660,8661,8662,8663,8664,8665,8666,8667,8668,8669,8670,8671,8672,8673,8674,8675,8676,8677,8678,8679,8680,8681,8682,8683,8684,8685,8686,8687,8688,8689,8690,8691,8692,8693,8694,8695,8696,8697,8698,8699,8700,8701,8702,8703,8704,8705,8706,8707,8708,8709,8710,8711,8712,8713,8714,8715,8716,8717,8718,8719,8720,8721,8722,8723,8724,8725,8726,8727,8728,8729,8730,8731,8732,8733,8734,8735,8736,8737,8738,8739,8740,8741,8742,8743,8744,8745,8746,8747,8748,8749,8750,8751,8752,8753,8754,8755,8756,8757,8758,8759,8760,8761,8762,8763,8764,8765,8766,8767,8768,8769,8770,8771,8772,8773,8774,8775,8776,8777,8778,8779,8780,8781,8782,8783,8784,8785,8786,8787,8788,8789,8790,8791,8792,8793,8794,8795,8796,8797,8798,8799,8800,8801,8802,8803,8804,8805,8806,8807,8808,8809,8810,8811,8812,8813,8814,8815,8816,8817,8818,8819,8820,8821,8822,8823,8824,8825,8826,8827,8828,8829,8830,8831,8832,8833,8834,8835,8836,8837,8838,8839,8840,8841,8842,8843,8844,8845,8846,8847,8848,8849,8850,8851,8852,8853,8854,8855,8856,8857,8858,8859,8860,8861,8862,8863,8864,8865,8866,8867,8868,8869,8870,8871,8872,8873,8874,8875,8876,8877,8878,8879,8880,8881,8882,8883,8884,8885,8886,8887,8888,8889,8890,8891,8892,8893,8894,8895,8896,8897,8898,8899,8900,8901,8902,8903,8904,8905,8906,8907,8908,8909,8910,8911,8912,8913,8914,8915,8916,8917,8918,8919,8920,8921,8922,8923,8924,8925,8926,8927,8928,8929,8930,8931,8932,8933,8934,8935,8936,8937,8938,8939,8940,8941,8942,8943,8944,8945,8946,8947,8948,8949,8950,8951,8952,8953,8954,8955,8956,8957,8958,8959,8960,8961,8962,8963,8964,8965,8966,8967,8968,8969,8970,8971,8972,8973,8974,8975,8976,8977,8978,8979,8980,8981,8982,8983,8984,8985,8986,8987,8988,8989,8990,8991,8992,8993,8994,8995,8996,8997,8998,8999,9000,9001,9002,9003,9004,9005,9006,9007,9008,9009,9010,9011,9012,9013,9014,9015,9016,9017,9018,9019,9020,9021,9022,9023,9024,9025,9026,9027,9028,9029,9030,9031,9032,9033,9034,9035,9036,9037,9038,9039,9040,9041,9042,9043,9044,9045,9046,9047,9048,9049,9050,9051,9052,9053,9054,9055,9056,9057,9058,9059,9060,9061,9062,9063,9064,9065,9066,9067,9068,9069,9070,9071,9072,9073,9074,9075,9076,9077,9078,9079,9080,9081,9082,9083,9084,9085,9086,9087,9088,9089,9090,9091,9092,9093,9094,9095,9096,9097,9098,9099,9100,9101,9102,9103,9104,9105,9106,9107,9108,9109,9110,9111,9112,9113,9114,9115,9116,9117,9118,9119,9120,9121,9122,9123,9124,9125,9126,9127,9128,9129,9130,9131,9132,9133,9134,9135,9136,9137,9138,9139,9140,9141,9142,9143,9144,9145,9146,9147,9148,9149,9150,9151,9152,9153,9154,9155,9156,9157,9158,9159,9160,9161,9162,9163,9164,9165,9166,9167,9168,9169,9170,9171,9172,9173,9174,9175,9176,9177,9178,9179,9180,9181,9182,9183,9184,9185,9186,9187,9188,9189,9190,9191,9192,9193,9194,9195,9196,9197,9198,9199,9200,9201,9202,9203,9204,9205,9206,9207,9208,9209,9210,9211,9212,9213,9214,9215,9216,9217,9218,9219,9220,9221,9222,9223,9224,9225,9226,9227,9228,9229,9230,9231,9232,9233,9234,9235,9236,9237,9238,9239,9240,9241,9242,9243,9244,9245,9246,9247,9248,9249,9250,9251,9252,9253,9254,9255,9256,9257,9258,9259,9260,9261,9262,9263,9264,9265,9266,9267,9268,9269,9270,9271,9272,9273,9274,9275,9276,9277,9278,9279,9280,9281,9282,9283,9284,9285,9286,9287,9288,9289,9290,9291,9292,9293,9294,9295,9296,9297,9298,9299,9300,9301,9302,9303,9304,9305,9306,9307,9308,9309,9310,9311,9312,9313,9314,9315,9316,9317,9318,9319,9320,9321,9322,9323,9324,9325,9326,9327,9328,9329,9330,9331,9332,9333,9334,9335,9336,9337,9338,9339,9340,9341,9342,9343,9344,9345,9346,9347,9348,9349,9350,9351,9352,9353,9354,9355,9356,9357,9358,9359,9360,9361,9362,9363,9364,9365,9366,9367,9368,9369,9370,9371,9372,9373,9374,9375,9376,9377,9378,9379,9380,9381,9382,9383,9384,9385,9386,9387,9388,9389,9390,9391,9392,9393,9394,9395,9396,9397,9398,9399,9400,9401,9402,9403,9404,9405,9406,9407,9408,9409,9410,9411,9412,9413,9414,9415,9416,9417,9418,9419,9420,9421,9422,9423,9424,9425,9426,9427,9428,9429,9430,9431,9432,9433,9434,9435,9436,9437,9438,9439,9440,9441,9442,9443,9444,9445,9446,9447,9448,9449,9450,9451,9452,9453,9454,9455,9456,9457,9458,9459,9460,9461,9462,9463,9464,9465,9466,9467,9468,9469,9470,9471,9472,9473,9474,9475,9476,9477,9478,9479,9480,9481,9482,9483,9484,9485,9486,9487,9488,9489,9490,9491,9492,9493,9494,9495,9496,9497,9498,9499,9500,9501,9502,9503,9504,9505,9506,9507,9508,9509,9510,9511,9512,9513,9514,9515,9516,9517,9518,9519,9520,9521,9522,9523,9524,9525,9526,9527,9528,9529,9530,9531,9532,9533,9534,9535,9536,9537,9538,9539,9540,9541,9542,9543,9544,9545,9546,9547,9548,9549,9550,9551,9552,9553,9554,9555,9556,9557,9558,9559,9560,9561,9562,9563,9564,9565,9566,9567,9568,9569,9570,9571,9572,9573,9574,9575,9576,9577,9578,9579,9580,9581,9582,9583,9584,9585,9586,9587,9588,9589,9590,9591,9592,9593,9594,9595,9596,9597,9598,9599,9600,9601,9602,9603,9604,9605,9606,9607,9608,9609,9610,9611,9612,9613,9614,9615,9616,9617,9618,9619,9620,9621,9622,9623,9624,9625,9626,9627,9628,9629,9630,9631,9632,9633,9634,9635,9636,9637,9638,9639,9640,9641,9642,9643,9644,9645,9646,9647,9648,9649,9650,9651,9652,9653,9654,9655,9656,9657,9658,9659,9660,9661,9662,9663,9664,9665,9666,9667,9668,9669,9670,9671,9672,9673,9674,9675,9676,9677,9678,9679,9680,9681,9682,9683,9684,9685,9686,9687,9688,9689,9690,9691,9692,9693,9694,9695,9696,9697,9698,9699,9700,9701,9702,9703,9704,9705,9706,9707,9708,9709,9710,9711,9712,9713,9714,9715,9716,9717,9718,9719,9720,9721,9722,9723,9724,9725,9726,9727,9728,9729,9730,9731,9732,9733,9734,9735,9736,9737,9738,9739,9740,9741,9742,9743,9744,9745,9746,9747,9748,9749,9750,9751,9752,9753,9754,9755,9756,9757,9758,9759,9760,9761,9762,9763,9764,9765,9766,9767,9768,9769,9770,9771,9772,9773,9774,9775,9776,9777,9778,9779,9780,9781,9782,9783,9784,9785,9786,9787,9788,9789,9790,9791,9792,9793,9794,9795,9796,9797,9798,9799,9800,9801,9802,9803,9804,9805,9806,9807,9808,9809,9810,9811,9812,9813,9814,9815,9816,9817,9818,9819,9820,9821,9822,9823,9824,9825,9826,9827,9828,9829,9830,9831,9832,9833,9834,9835,9836,9837,9838,9839,9840,9841,9842,9843,9844,9845,9846,9847,9848,9849,9850,9851,9852,9853,9854,9855,9856,9857,9858,9859,9860,9861,9862,9863,9864,9865,9866,9867,9868,9869,9870,9871,9872,9873,9874,9875,9876,9877,9878,9879,9880,9881,9882,9883,9884,9885,9886,9887,9888,9889,9890,9891,9892,9893,9894,9895,9896,9897,9898,9899,9900,9901,9902,9903,9904,9905,9906,9907,9908,9909,9910,9911,9912,9913,9914,9915,9916,9917,9918,9919,9920,9921,9922,9923,9924,9925,9926,9927,9928,9929,9930,9931,9932,9933,9934,9935,9936,9937,9938,9939,9940,9941,9942,9943,9944,9945,9946,9947,9948,9949,9950,9951,9952,9953,9954,9955,9956,9957,9958,9959,9960,9961,9962,9963,9964,9965,9966,9967,9968,9969,9970,9971,9972,9973,9974,9975,9976,9977,9978,9979,9980,9981,9982,9983,9984,9985,9986,9987,9988,9989,9990,9991,9992,9993,9994,9995,9996,9997,9998,9999,10000,10001,10002,10003,10004,10005,10006,10007,10008,10009,10010,10011,10012,10013,10014,10015,10016,10017,10018,10019,10020,10021,10022,10023,10024,10025,10026,10027,10028,10029,10030,10031,10032,10033,10034,10035,10036,10037,10038,10039,10040,10041,10042,10043,10044,10045,10046,10047,10048,10049,10050,10051,10052,10053,10054,10055,10056,10057,10058,10059,10060,10061,10062,10063,10064,10065,10066,10067,10068,10069,10070,10071,10072,10073,10074,10075,10076,10077,10078,10079,10080,10081,10082,10083,10084,10085,10086,10087,10088,10089,10090,10091,10092,10093,10094,10095,10096,10097,10098,10099,10100,10101,10102,10103,10104,10105,10106,10107,10108,10109,10110,10111,10112,10113,10114,10115,10116,10117,10118,10119,10120,10121,10122,10123,10124,10125,10126,10127,10128,10129,10130,10131,10132,10133,10134,10135,10136,10137,10138,10139,10140,10141,10142,10143,10144,10145,10146,10147,10148,10149,10150,10151,10152,10153,10154,10155,10156,10157,10158,10159,10160,10161,10162,10163,10164,10165,10166,10167,10168,10169,10170,10171,10172,10173,10174,10175,10176,10177,10178,10179,10180,10181,10182,10183,10184,10185,10186,10187,10188,10189,10190,10191,10192,10193,10194,10195,10196,10197,10198,10199,10200
dx,0.0,-0.0,0.0,0.0,-0.0,0.0,-0.0,-0.0,0.0,0.0,0.0,0.0,0.0,-0.0,0.0,0.0,0.0,0.0,0.0,-0.0,-0.0,-0.0,-0.0,-0.0,0.0,0.0,0.0,0.0,0.0,0.0,0.0,-0.0,-0.0,-0.0,0.0,-0.0,-0.0,0.0,0.0,0.0,-0.0,0.0,0.0,-0.0,-0.0,-0.0,-0.0,-0.0,0.0,-0.0,-0.0,0.0,-0.0,0.0,-0.0,0.0,0.0,0.0,0.0,0.0,0.0,0.0,-0.0,0.0,0.0,0.0,-0.0,0.0,-0.0,0.0,0.0,0.0,-0.0,-0.0,0.0,0.0,0.0,0.0,-0.0,-0.0,-0.0,-0.0,-0.0,-0.0,0.0,0.0,0.0,0.0,-0.0,0.0,0.0,0.0,0.0,-0.0,-0.0,0.0,0.0,-0.0,-0.0,0.0,0.0,0.0,0.0,0.0,0.0,0.0,0.0,0.0,0.0,0.0,0.0,0.0,0.0,0.0,0.0,0.0,0.0,0.0,0.0,0.0,0.0,0.0,0.0,0.0,0.0,0.0,0.0,0.0,0.0,0.0,0.0,0.0,0.0,0.0,0.0,0.0,0.0,0.0,0.0,0.0,0.0,0.0,0.0,0.0,0.0,0.0,0.0,0.0,0.0,0.0,0.0,0.0,0.0,0.0,0.0,0.0,0.0,0.0,0.0,0.0,0.0,0.0,0.0,0.0,0.0,0.0,0.0,0.0,0.0,0.0,0.0,0.0,0.0,0.0,0.0,0.0,0.0,0.0,0.0,0.0,0.0,0.0,0.0,0.0,0.0,0.0,0.0,0.0,0.0,0.0,0.0,0.0,0.0,0.0,0.0,0.0,0.0,0.0,0.0,0.0,0.0,0.0,0.0,0.0,0.0,0.0,0.0,0.0,0.0,0.0,0.0,0.0,0.0,0.0,0.0,0.0,0.0,0.0,0.0,0.0,0.0,0.0,0.0,0.0,0.0,0.0,0.0,0.0,0.0,0.0,0.0,0.0,0.0,0.0,0.0,0.0,0.0,0.0,0.0,0.0,0.0,0.0,0.0,0.0,0.0,0.0,0.0,0.0,0.0,0.0,0.0,0.0,0.0,0.0,0.0,0.0,0.0,0.0,0.0,0.0,0.0,0.0,0.0,0.0,0.0,0.0,0.0,0.0,0.0,0.0,0.0,0.0,0.0,0.0,0.0,0.0,0.0,0.0,0.0,0.0,0.0,0.0,0.0,0.0,0.0,0.0,0.0,0.0,0.0,0.0,0.0,0.0,0.0,0.0,0.0,0.0,0.0,0.0,0.0,0.0,0.0,0.0,0.0,0.0,0.0,0.0,0.0,0.0,0.0,0.0,0.0,0.0,0.0,0.0,0.0,0.0,0.0,0.0,0.0,0.0,0.0,0.0,0.0,0.0,0.0,0.0,0.0,0.0,0.0,0.0,0.0,0.0,0.0,0.0,0.0,0.0,0.0,0.0,0.0,0.0,0.0,0.0,0.0,0.0,0.0,0.0,0.0,0.0,0.0,0.0,0.0,0.0,0.0,0.0,0.0,0.0,0.0,0.0,0.0,0.0,0.0,0.0,0.0,0.0,0.0,0.0,0.0,0.0,0.0,0.0,0.0,0.0,0.0,0.0,0.0,0.0,0.0,0.0,0.0,0.0,0.0,0.0,0.0,0.0,0.0,0.0,0.0,0.0,0.0,0.0,0.0,0.0,0.0,0.0,0.0,0.0,0.0,0.0,0.0,0.0,0.0,0.0,0.0,0.0,0.0,0.0,0.0,0.0,0.0,0.0,0.0,0.0,0.0,0.0,0.0,0.0,0.0,0.0,0.0,0.0,0.0,0.0,0.0,0.0,0.0,0.0,0.0,0.0,0.0,0.0,0.0,0.0,0.0,0.0,0.0,0.0,0.0,0.0,0.0,0.0,0.0,0.0,0.0,0.0,0.0,0.0,0.0,0.0,0.0,0.0,0.0,0.0,0.0,0.0,0.0,0.0,0.0,0.0,0.0,0.0,0.0,0.0,0.0,0.0,0.0,0.0,0.0,0.0,0.0,0.0,0.0,0.0,0.0,0.0,0.0,0.0,0.0,0.0,0.0,0.0,0.0,0.0,0.0,0.0,0.0,0.0,0.0,0.0,0.0,0.0,0.0,0.0,0.0,0.0,0.0,0.0,0.0,0.0,0.0,0.0,0.0,0.0,0.0,0.0,0.0,0.0,0.0,0.0,0.0,0.0,0.0,0.0,0.0,0.0,0.0,0.0,0.0,0.0,0.0,0.0,0.0,0.0,0.0,0.0,0.0,0.0,0.0,0.0,0.0,0.0,0.0,0.0,0.0,0.0,0.0,0.0,0.0,0.0,0.0,0.0,0.0,0.0,0.0,0.0,0.0,0.0,0.0,0.0,0.0,0.0,0.0,0.0,0.0,0.0,0.0,0.0,0.0,0.0,0.0,0.0,0.0,0.0,0.0,0.0,0.0,0.0,0.0,0.0,0.0,0.0,0.0,0.0,0.0,0.0,0.0,0.0,0.0,0.0,0.0,0.0,0.0,0.0,0.0,0.0,0.0,0.0,0.0,0.0,0.0,0.0,0.0,0.0,0.0,0.0,0.0,0.0,0.0,0.0,0.0,0.0,0.0,0.0,0.0,0.0,0.0,0.0,0.0,0.0,0.0,0.0,0.0,0.0,0.0,0.0,0.0,0.0,0.0,0.0,0.0,0.0,0.0,0.0,0.0,0.0,0.0,0.0,0.0,0.0,0.0,0.0,0.0,0.0,0.0,0.0,0.0,0.0,0.0,0.0,0.0,0.0,0.0,0.0,0.0,0.0,0.0,0.0,0.0,0.0,0.0,0.0,0.0,0.0,0.0,0.0,0.0,0.0,0.0,0.0,0.0,0.0,0.0,0.0,0.0,0.0,0.0,0.0,0.0,0.0,0.0,0.0,0.0,0.0,0.0,0.0,0.0,0.0,0.0,0.0,0.0,0.0,0.0,0.0,0.0,0.0,0.0,0.0,0.0,0.0,0.0,0.0,0.0,0.0,0.0,0.0,0.0,0.0,0.0,0.0,0.0,0.0,0.0,0.0,0.0,0.0,0.0,0.0,0.0,0.0,0.0,0.0,0.0,0.0,0.0,0.0,0.0,0.0,0.0,0.0,0.0,0.0,0.0,0.0,0.0,0.0,0.0,0.0,0.0,0.0,0.0,0.0,0.0,0.0,0.0,0.0,0.0,0.0,0.0,0.0,0.0,0.0,0.0,0.0,0.0,0.0,0.0,0.0,0.0,0.0,0.0,0.0,0.0,0.0,0.0,0.0,0.0,0.0,0.0,0.0,0.0,0.0,0.0,0.0,0.0,0.0,0.0,0.0,0.0,0.0,0.0,0.0,0.0,0.0,0.0,0.0,0.0,0.0,0.0,0.0,0.0,0.0,0.0,0.0,0.0,0.0,0.0,0.0,0.0,0.0,0.0,0.0,0.0,0.0,0.0,0.0,0.0,0.0,0.0,0.0,0.0,0.0,0.0,0.0,0.0,0.0,0.0,0.0,0.0,0.0,0.0,0.0,0.0,0.0,0.0,0.0,0.0,0.0,0.0,0.0,0.0,0.0,0.0,0.0,0.0,0.0,0.0,0.0,0.0,0.0,0.0,0.0,0.0,0.0,0.0,0.0,0.0,0.0,0.0,0.0,0.0,0.0,0.0,0.0,0.0,0.0,0.0,0.0,0.0,0.0,0.0,0.0,0.0,0.0,0.0,0.0,0.0,0.0,0.0,0.0,0.0,0.0,0.0,0.0,0.0,0.0,0.0,0.0,0.0,0.0,0.0,0.0,0.0,0.0,0.0,0.0,0.0,0.0,0.0,0.0,0.0,0.0,0.0,0.0,0.0,0.0,0.0,0.0,0.0,0.0,0.0,0.0,0.0,0.0,0.0,0.0,0.0,0.0,0.0,0.0,0.0,0.0,0.0,0.0,0.0,0.0,0.0,0.0,0.0,0.0,0.0,0.0,0.0,0.0,0.0,0.0,0.0,0.0,0.0,0.0,0.0,0.0,0.0,0.0,0.0,0.0,0.0,0.0,0.0,0.0,0.0,0.0,0.0,0.0,0.0,0.0,0.0,0.0,0.0,0.0,0.0,0.0,0.0,0.0,0.0,0.0,0.0,0.0,0.0,0.0,0.0,0.0,0.0,0.0,0.0,0.0,0.0,0.0,0.0,0.0,0.0,0.0,0.0,0.0,0.0,0.0,0.0,0.0,0.0,0.0,0.0,0.0,0.0,0.0,0.0,0.0,0.0,0.0,0.0,0.0,0.0,0.0,0.0,0.0,0.0,0.0,0.0,0.0,0.0,0.0,0.0,0.0,0.0,0.0,0.0,0.0,0.0,0.0,0.0,0.0,0.0,0.0,0.0,0.0,0.0,0.0,0.0,0.0,0.0,0.0,0.0,0.0,0.0,0.0,0.0,0.0,0.0,0.0,0.0,0.0,0.0,0.0,0.0,0.0,0.0,0.0,0.0,0.0,0.0,0.0,0.0,0.0,0.0,0.0,0.0,0.0,0.0,0.0,0.0,0.0,0.0,0.0,0.0,0.0,0.0,0.0,0.0,0.0,0.0,0.0,0.0,0.0,0.0,0.0,0.0,0.0,0.0,0.0,0.0,0.0,0.0,0.0,0.0,0.0,0.0,0.0,0.0,0.0,0.0,0.0,0.0,0.0,0.0,0.0,0.0,0.0,0.0,0.0,0.0,0.0,0.0,0.0,0.0,0.0,0.0,0.0,0.0,0.0,0.0,0.0,0.0,0.0,0.0,0.0,0.0,0.0,0.0,0.0,0.0,0.0,0.0,0.0,0.0,0.0,0.0,0.0,0.0,0.0,0.0,0.0,0.0,0.0,0.0,0.0,0.0,0.0,0.0,0.0,0.0,0.0,0.0,0.0,0.0,0.0,0.0,0.0,0.0,0.0,0.0,0.0,0.0,0.0,0.0,0.0,0.0,0.0,0.0,0.0,0.0,0.0,0.0,0.0,0.0,0.0,0.0,0.0,0.0,0.0,0.0,0.0,0.0,0.0,0.0,0.0,0.0,0.0,0.0,0.0,0.0,0.0,0.0,0.0,0.0,0.0,0.0,0.0,0.0,0.0,0.0,0.0,0.0,0.0,0.0,0.0,0.0,0.0,0.0,0.0,0.0,0.0,0.0,0.0,0.0,0.0,0.0,0.0,0.0,0.0,0.0,0.0,0.0,0.0,0.0,0.0,0.0,0.0,0.0,0.0,0.0,0.0,0.0,0.0,0.0,0.0,0.0,0.0,0.0,0.0,0.0,0.0,0.0,0.0,0.0,0.0,0.0,0.0,0.0,0.0,0.0,0.0,0.0,0.0,0.0,0.0,0.0,0.0,0.0,0.0,0.0,0.0,0.0,0.0,0.0,0.0,0.0,0.0,0.0,0.0,0.0,0.0,0.0,0.0,0.0,0.0,0.0,0.0,0.0,0.0,0.0,0.0,0.0,0.0,0.0,0.0,0.0,0.0,0.0,0.0,0.0,0.0,0.0,0.0,0.0,0.0,0.0,0.0,0.0,0.0,0.0,0.0,0.0,0.0,0.0,0.0,0.0,0.0,0.0,0.0,0.0,0.0,0.0,0.0,0.0,0.0,0.0,0.0,0.0,0.0,0.0,0.0,0.0,0.0,0.0,0.0,0.0,0.0,0.0,0.0,0.0,0.0,0.0,0.0,0.0,0.0,0.0,0.0,0.0,0.0,0.0,0.0,0.0,0.0,0.0,0.0,0.0,0.0,0.0,0.0,0.0,0.0,0.0,0.0,0.0,0.0,0.0,0.0,0.0,0.0,0.0,0.0,0.0,0.0,0.0,0.0,0.0,0.0,0.0,0.0,0.0,0.0,0.0,0.0,0.0,0.0,0.0,0.0,0.0,0.0,0.0,0.0,0.0,0.0,0.0,0.0,0.0,0.0,0.0,0.0,0.0,0.0,0.0,0.0,0.0,0.0,0.0,0.0,0.0,0.0,0.0,0.0,0.0,0.0,0.0,0.0,0.0,0.0,0.0,0.0,0.0,0.0,0.0,0.0,0.0,0.0,0.0,0.0,0.0,0.0,0.0,0.0,0.0,0.0,0.0,0.0,0.0,0.0,0.0,0.0,0.0,0.0,0.0,0.0,0.0,0.0,0.0,0.0,0.0,0.0,0.0,0.0,0.0,0.0,0.0,0.0,0.0,0.0,0.0,0.0,0.0,0.0,0.0,0.0,0.0,0.0,0.0,0.0,0.0,0.0,0.0,0.0,0.0,0.0,0.0,0.0,0.0,0.0,0.0,0.0,0.0,0.0,0.0,0.0,0.0,0.0,0.0,0.0,0.0,0.0,0.0,0.0,0.0,0.0,0.0,0.0,0.0,0.0,0.0,0.0,0.0,0.0,0.0,0.0,0.0,0.0,0.0,0.0,0.0,0.0,0.0,0.0,0.0,0.0,0.0,0.0,0.0,0.0,0.0,0.0,0.0,0.0,0.0,0.0,0.0,0.0,0.0,0.0,0.0,0.0,0.0,0.0,0.0,0.0,0.0,0.0,0.0,0.0,0.0,0.0,0.0,0.0,0.0,0.0,0.0,0.0,0.0,0.0,0.0,0.0,0.0,0.0,0.0,0.0,0.0,0.0,0.0,0.0,0.0,0.0,0.0,0.0,0.0,0.0,0.0,0.0,0.0,0.0,0.0,0.0,0.0,0.0,0.0,0.0,0.0,0.0,0.0,0.0,0.0,0.0,0.0,0.0,0.0,0.0,0.0,0.0,0.0,0.0,0.0,0.0,0.0,0.0,0.0,0.0,0.0,0.0,0.0,0.0,0.0,0.0,0.0,0.0,0.0,0.0,0.0,0.0,0.0,0.0,0.0,0.0,0.0,0.0,0.0,0.0,0.0,0.0,0.0,0.0,0.0,0.0,0.0,0.0,0.0,0.0,0.0,0.0,0.0,0.0,0.0,0.0,0.0,0.0,0.0,0.0,0.0,0.0,0.0,0.0,0.0,0.0,0.0,0.0,0.0,0.0,0.0,0.0,0.0,0.0,0.0,0.0,0.0,0.0,0.0,0.0,0.0,0.0,0.0,0.0,0.0,0.0,0.0,0.0,0.0,0.0,0.0,0.0,0.0,0.0,0.0,0.0,0.0,0.0,0.0,0.0,0.0,0.0,0.0,0.0,0.0,0.0,0.0,0.0,0.0,0.0,0.0,0.0,0.0,0.0,0.0,0.0,0.0,0.0,0.0,0.0,0.0,0.0,0.0,0.0,0.0,0.0,0.0,0.0,0.0,0.0,0.0,0.0,0.0,0.0,0.0,0.0,0.0,0.0,0.0,0.0,0.0,0.0,0.0,0.0,0.0,0.0,0.0,0.0,0.0,0.0,0.0,0.0,0.0,0.0,0.0,0.0,0.0,0.0,0.0,0.0,0.0,0.0,0.0,0.0,0.0,0.0,0.0,0.0,0.0,0.0,0.0,0.0,0.0,0.0,0.0,0.0,0.0,0.0,0.0,0.0,0.0,0.0,0.0,0.0,0.0,0.0,0.0,0.0,0.0,0.0,0.0,0.0,0.0,0.0,0.0,0.0,0.0,0.0,0.0,0.0,0.0,0.0,0.0,0.0,0.0,0.0,0.0,0.0,0.0,0.0,0.0,0.0,0.0,0.0,0.0,0.0,0.0,0.0,0.0,0.0,0.0,0.0,0.0,0.0,0.0,0.0,0.0,0.0,0.0,0.0,0.0,0.0,0.0,0.0,0.0,0.0,0.0,0.0,0.0,0.0,0.0,0.0,0.0,0.0,0.0,0.0,0.0,0.0,0.0,0.0,0.0,0.0,0.0,0.0,0.0,0.0,0.0,0.0,0.0,0.0,0.0,0.0,0.0,0.0,0.0,0.0,0.0,0.0,0.0,0.0,0.0,0.0,0.0,0.0,0.0,0.0,0.0,0.0,0.0,0.0,0.0,0.0,0.0,0.0,0.0,0.0,0.0,0.0,0.0,0.0,0.0,0.0,0.0,0.0,0.0,0.0,0.0,0.0,0.0,0.0,0.0,0.0,0.0,0.0,0.0,0.0,0.0,0.0,0.0,0.0,0.0,0.0,0.0,0.0,0.0,0.0,0.0,0.0,0.0,0.0,0.0,0.0,0.0,0.0,0.0,0.0,0.0,0.0,0.0,0.0,0.0,0.0,0.0,0.0,0.0,0.0,0.0,0.0,0.0,0.0,0.0,0.0,0.0,0.0,0.0,0.0,0.0,0.0,0.0,0.0,0.0,0.0,0.0,0.0,0.0,0.0,0.0,0.0,0.0,0.0,0.0,0.0,0.0,0.0,0.0,0.0,0.0,0.0,0.0,0.0,0.0,0.0,0.0,0.0,0.0,0.0,0.0,0.0,0.0,0.0,0.0,0.0,0.0,0.0,0.0,0.0,0.0,0.0,0.0,0.0,0.0,0.0,0.0,0.0,0.0,0.0,0.0,0.0,0.0,0.0,0.0,0.0,0.0,0.0,0.0,0.0,0.0,0.0,0.0,0.0,0.0,0.0,0.0,0.0,0.0,0.0,0.0,0.0,0.0,0.0,0.0,0.0,0.0,0.0,0.0,0.0,0.0,0.0,0.0,0.0,0.0,0.0,0.0,0.0,0.0,0.0,0.0,0.0,0.0,0.0,0.0,0.0,0.0,0.0,0.0,0.0,0.0,0.0,0.0,0.0,0.0,0.0,0.0,0.0,0.0,0.0,0.0,0.0,0.0,0.0,0.0,0.0,0.0,0.0,0.0,0.0,0.0,0.0,0.0,0.0,0.0,0.0,0.0,0.0,0.0,0.0,0.0,0.0,0.0,0.0,0.0,0.0,0.0,0.0,0.0,0.0,0.0,0.0,0.0,0.0,0.0,0.0,0.0,0.0,0.0,0.0,0.0,0.0,0.0,0.0,0.0,0.0,0.0,0.0,0.0,0.0,0.0,0.0,0.0,0.0,0.0,0.0,0.0,0.0,0.0,0.0,0.0,0.0,0.0,0.0,0.0,0.0,0.0,0.0,0.0,0.0,0.0,0.0,0.0,0.0,0.0,0.0,0.0,0.0,0.0,0.0,0.0,0.0,0.0,0.0,0.0,0.0,0.0,0.0,0.0,0.0,0.0,0.0,0.0,0.0,0.0,0.0,0.0,0.0,0.0,0.0,0.0,0.0,0.0,0.0,0.0,0.0,0.0,0.0,0.0,0.0,0.0,0.0,0.0,0.0,0.0,0.0,0.0,0.0,0.0,0.0,0.0,0.0,0.0,0.0,0.0,0.0,0.0,0.0,0.0,0.0,0.0,0.0,0.0,0.0,0.0,0.0,0.0,0.0,0.0,0.0,0.0,0.0,0.0,0.0,0.0,0.0,0.0,0.0,0.0,0.0,0.0,0.0,0.0,0.0,0.0,0.0,0.0,0.0,0.0,0.0,0.0,0.0,0.0,0.0,0.0,0.0,0.0,0.0,0.0,0.0,0.0,0.0,0.0,0.0,0.0,0.0,0.0,0.0,0.0,0.0,0.0,0.0,0.0,0.0,0.0,0.0,0.0,0.0,0.0,0.0,0.0,0.0,0.0,0.0,0.0,0.0,0.0,0.0,0.0,0.0,0.0,0.0,0.0,0.0,0.0,0.0,0.0,0.0,0.0,0.0,0.0,0.0,0.0,0.0,0.0,0.0,0.0,0.0,0.0,0.0,0.0,0.0,0.0,0.0,0.0,0.0,0.0,0.0,0.0,0.0,0.0,0.0,0.0,0.0,0.0,0.0,0.0,0.0,0.0,0.0,0.0,0.0,0.0,0.0,0.0,0.0,0.0,0.0,0.0,0.0,0.0,0.0,0.0,0.0,0.0,0.0,0.0,0.0,0.0,0.0,0.0,0.0,0.0,0.0,0.0,0.0,0.0,0.0,0.0,0.0,0.0,0.0,0.0,0.0,0.0,0.0,0.0,0.0,0.0,0.0,0.0,0.0,0.0,0.0,0.0,0.0,0.0,0.0,0.0,0.0,0.0,0.0,0.0,0.0,0.0,0.0,0.0,0.0,0.0,0.0,0.0,0.0,0.0,0.0,0.0,0.0,0.0,0.0,0.0,0.0,0.0,0.0,0.0,0.0,0.0,0.0,0.0,0.0,0.0,0.0,0.0,0.0,0.0,0.0,0.0,0.0,0.0,0.0,0.0,0.0,0.0,0.0,0.0,0.0,0.0,0.0,0.0,0.0,0.0,0.0,0.0,0.0,0.0,0.0,0.0,0.0,0.0,0.0,0.0,0.0,0.0,0.0,0.0,0.0,0.0,0.0,0.0,0.0,0.0,0.0,0.0,0.0,0.0,0.0,0.0,0.0,0.0,0.0,0.0,0.0,0.0,0.0,0.0,0.0,0.0,0.0,0.0,0.0,0.0,0.0,0.0,0.0,0.0,0.0,0.0,0.0,0.0,0.0,0.0,0.0,0.0,0.0,0.0,0.0,0.0,0.0,0.0,0.0,0.0,0.0,0.0,0.0,0.0,0.0,0.0,0.0,0.0,0.0,0.0,0.0,0.0,0.0,0.0,0.0,0.0,0.0,0.0,0.0,0.0,0.0,0.0,0.0,0.0,0.0,0.0,0.0,0.0,0.0,0.0,0.0,0.0,0.0,0.0,0.0,0.0,0.0,0.0,0.0,0.0,0.0,0.0,0.0,0.0,0.0,0.0,0.0,0.0,0.0,0.0,0.0,0.0,0.0,0.0,0.0,0.0,0.0,0.0,0.0,0.0,0.0,0.0,0.0,0.0,0.0,0.0,0.0,0.0,0.0,0.0,0.0,0.0,0.0,0.0,0.0,0.0,0.0,0.0,0.0,0.0,0.0,0.0,0.0,0.0,0.0,0.0,0.0,0.0,0.0,0.0,0.0,0.0,0.0,0.0,0.0,0.0,0.0,0.0,0.0,0.0,0.0,0.0,0.0,0.0,0.0,0.0,0.0,0.0,0.0,0.0,0.0,0.0,0.0,0.0,0.0,0.0,0.0,0.0,0.0,0.0,0.0,0.0,0.0,0.0,0.0,0.0,0.0,0.0,0.0,0.0,0.0,0.0,0.0,0.0,0.0,0.0,0.0,0.0,0.0,0.0,0.0,0.0,0.0,0.0,0.0,0.0,0.0,0.0,0.0,0.0,0.0,0.0,0.0,0.0,0.0,0.0,0.0,0.0,0.0,0.0,0.0,0.0,0.0,0.0,0.0,0.0,0.0,0.0,0.0,0.0,0.0,0.0,0.0,0.0,0.0,0.0,0.0,0.0,0.0,0.0,0.0,0.0,0.0,0.0,0.0,0.0,0.0,0.0,0.0,0.0,0.0,0.0,0.0,0.0,0.0,0.0,0.0,0.0,0.0,0.0,0.0,0.0,0.0,0.0,0.0,0.0,0.0,0.0,0.0,0.0,0.0,0.0,0.0,0.0,0.0,0.0,0.0,0.0,0.0,0.0,0.0,0.0,0.0,0.0,0.0,0.0,0.0,0.0,0.0,0.0,0.0,0.0,0.0,0.0,0.0,0.0,0.0,0.0,0.0,0.0,0.0,0.0,0.0,0.0,0.0,0.0,0.0,0.0,0.0,0.0,0.0,0.0,0.0,0.0,0.0,0.0,0.0,0.0,0.0,0.0,0.0,0.0,0.0,0.0,0.0,0.0,0.0,0.0,0.0,0.0,0.0,0.0,0.0,0.0,0.0,0.0,0.0,0.0,0.0,0.0,0.0,0.0,0.0,0.0,0.0,0.0,0.0,0.0,0.0,0.0,0.0,0.0,0.0,0.0,0.0,0.0,0.0,0.0,0.0,0.0,0.0,0.0,0.0,0.0,0.0,0.0,0.0,0.0,0.0,0.0,0.0,0.0,0.0,0.0,0.0,0.0,0.0,0.0,0.0,0.0,0.0,0.0,0.0,0.0,0.0,0.0,0.0,0.0,0.0,0.0,0.0,0.0,0.0,0.0,0.0,0.0,0.0,0.0,0.0,0.0,0.0,0.0,0.0,0.0,0.0,0.0,0.0,0.0,0.0,0.0,0.0,0.0,0.0,0.0,0.0,0.0,0.0,0.0,0.0,0.0,0.0,0.0,0.0,0.0,0.0,0.0,0.0,0.0,0.0,0.0,0.0,0.0,0.0,0.0,0.0,0.0,0.0,0.0,0.0,0.0,0.0,0.0,0.0,0.0,0.0,0.0,0.0,0.0,0.0,0.0,0.0,0.0,0.0,0.0,0.0,0.0,0.0,0.0,0.0,0.0,0.0,0.0,0.0,0.0,0.0,0.0,0.0,0.0,0.0,0.0,0.0,0.0,0.0,0.0,0.0,0.0,0.0,0.0,0.0,0.0,0.0,0.0,0.0,0.0,0.0,0.0,0.0,0.0,0.0,0.0,0.0,0.0,0.0,0.0,0.0,0.0,0.0,0.0,0.0,0.0,0.0,0.0,0.0,0.0,0.0,0.0,0.0,0.0,0.0,0.0,0.0,0.0,0.0,0.0,0.0,0.0,0.0,0.0,0.0,0.0,0.0,0.0,0.0,0.0,0.0,0.0,0.0,0.0,0.0,0.0,0.0,0.0,0.0,0.0,0.0,0.0,0.0,0.0,0.0,0.0,0.0,0.0,0.0,0.0,0.0,0.0,0.0,0.0,0.0,0.0,0.0,0.0,0.0,0.0,0.0,0.0,0.0,0.0,0.0,0.0,0.0,0.0,0.0,0.0,0.0,0.0,0.0,0.0,0.0,0.0,0.0,0.0,0.0,0.0,0.0,0.0,0.0,0.0,0.0,0.0,0.0,0.0,0.0,0.0,0.0,0.0,0.0,0.0,0.0,0.0,0.0,0.0,0.0,0.0,0.0,0.0,0.0,0.0,0.0,0.0,0.0,0.0,0.0,0.0,0.0,0.0,0.0,0.0,0.0,0.0,0.0,0.0,0.0,0.0,0.0,0.0,0.0,0.0,0.0,0.0,0.0,0.0,0.0,0.0,0.0,0.0,0.0,0.0,0.0,0.0,0.0,0.0,0.0,0.0,0.0,0.0,0.0,0.0,0.0,0.0,0.0,0.0,0.0,0.0,0.0,0.0,0.0,0.0,0.0,0.0,0.0,0.0,0.0,0.0,0.0,0.0,0.0,0.0,0.0,0.0,0.0,0.0,0.0,0.0,0.0,0.0,0.0,0.0,0.0,0.0,0.0,0.0,0.0,0.0,0.0,0.0,0.0,0.0,0.0,0.0,0.0,0.0,0.0,0.0,0.0,0.0,0.0,0.0,0.0,0.0,0.0,0.0,0.0,0.0,0.0,0.0,0.0,0.0,0.0,0.0,0.0,0.0,0.0,0.0,0.0,0.0,-0.0,-0.0,-0.0,-0.0,-0.0,-0.0,-0.0,-0.0,-0.0,0.0,0.0,0.0,0.0,0.0,0.0,0.0,0.0,0.0,0.0,0.0,0.0,0.0,0.0,0.0,0.0,0.0,0.0,0.0,0.0,0.0,0.0,-0.0,0.0,0.0,0.0,0.0,0.0,0.0,0.0,0.0,0.0,0.0,0.0,0.0,0.0,0.0,0.0,0.0,0.0,0.0,0.0,0.0,0.0,0.0,0.0,0.0,0.0,0.0,0.0,0.0,0.0,0.0,0.0,0.0,0.0,0.0,0.0,0.0,0.0,0.0,0.0,0.0,0.0,0.0,0.0,0.0,0.0,-0.0,-0.0,-0.0,0.0,0.0,0.0,0.0,0.0,0.0,0.0,0.0,0.0,0.0,0.0,0.0,0.0,0.0,0.0,0.0,0.0,0.0,0.0,0.0,0.0,0.0,0.0,0.0,0.0,0.0,0.0,0.0,0.0,0.0,0.0,0.0,0.0,0.0,0.0,0.0,0.0,0.0,0.0,0.0,0.0,0.0,0.0,0.0,0.0,0.0,0.0,0.0,0.0,0.0,0.0,0.0,0.0,0.0,0.0,0.0,0.0,0.0,0.0,0.0,0.0,0.0,0.0,0.0,0.0,0.0,0.0,0.0,0.0,0.0,0.0,0.0,0.0,0.0,0.0,0.0,0.0,0.0,0.0,0.0,0.0,0.0,0.0,0.0,0.0,0.0,0.0,0.0,0.0,0.0,0.0,0.0,0.0,0.0,0.0,0.0,0.0,0.0,0.0,0.0,0.0,0.0,0.0,0.0,0.0,0.0,0.0,0.0,0.0,0.0,0.0,0.0,0.0,0.0,0.0,0.0,0.0,0.0,0.0,0.0,0.0,0.0,0.0,0.0,0.0,0.0,0.0,0.0,0.0,0.0,0.0,0.0,0.0,0.0,0.0,0.0,0.0,0.0,0.0,0.0,0.0,0.0,0.0,0.0,0.0,0.0,0.0,0.0,0.0,0.0,0.0,0.0,0.0,0.0,0.0,0.0,0.0,0.0,0.0,0.0,0.0,0.0,0.0,0.0,0.0,0.0,0.0,0.0,0.0,0.0,0.0,0.0,0.0,0.0,0.0,0.0,0.0,0.0,0.0,0.0,0.0,0.0,0.0,0.0,0.0,0.0,0.0,0.0,0.0,0.0,0.0,0.0,0.0,0.0,0.0,0.0,0.0,0.0,0.0,0.0,0.0,0.0,0.0,0.0,0.0,0.0,0.0,0.0,0.0,0.0,0.0,0.0,0.0,0.0,0.0,0.0,0.0,0.0,0.0,0.0,0.0,0.0,0.0,0.0,0.0,0.0,0.0,0.0,0.0,0.0,0.0,0.0,0.0,0.0,0.0,0.0,0.0,0.0,0.0,0.0,0.0,0.0,0.0,0.0,0.0,0.0,0.0,0.0,0.0,0.0,0.0,0.0,0.0,0.0,0.0,0.0,0.0,0.0,0.0,0.0,0.0,0.0,0.0,0.0,0.0,0.0,0.0,0.0,0.0,0.0,0.0,0.0,0.0,0.0,0.0,0.0,0.0,0.0,0.0,0.0,0.0,0.0,0.0,0.0,0.0,0.0,0.0,0.0,0.0,0.0,0.0,0.0,0.0,0.0,0.0,0.0,0.0,0.0,0.0,0.0,0.0,0.0,0.0,0.0,0.0,0.0,0.0,0.0,0.0,0.0,0.0,0.0,0.0,0.0,0.0,0.0,0.0,0.0,0.0,0.0,0.0,0.0,0.0,0.0,0.0,0.0,0.0,0.0,0.0,0.0,0.0,0.0,0.0,0.0,0.0,0.0,0.0,0.0,0.0,0.0,0.0,0.0,0.0,0.0,0.0,0.0,0.0,0.0,0.0,0.0,0.0,0.0,0.0,0.0,0.0,0.0,0.0,0.0,0.0,0.0,0.0,0.0,0.0,0.0,0.0,0.0,0.0,0.0,0.0,0.0,0.0,0.0,0.0,0.0,0.0,0.0,0.0,0.0,0.0,0.0,0.0,0.0,0.0,0.0,0.0,0.0,0.0,0.0,0.0,0.0,0.0,0.0,0.0,0.0,0.0,0.0,0.0,0.0,0.0,0.0,0.0,0.0,0.0,0.0,0.0,0.0,0.0,0.0,0.0,0.0,0.0,0.0,0.0,0.0,0.0,0.0,0.0,0.0,0.0,0.0,0.0,0.0,0.0,0.0,0.0,0.0,0.0,0.0,0.0,0.0,0.0,0.0,0.0,0.0,0.0,0.0,0.0,0.0,0.0,0.0,0.0,0.0,0.0,0.0,0.0,0.0,0.0,0.0,0.0,0.0,0.0,0.0,0.0,0.0,0.0,0.0,0.0,0.0,0.0,0.0,0.0,0.0,0.0,0.0,0.0,0.0,0.0,0.0,0.0,0.0,0.0,0.0,0.0,0.0,0.0,0.0,0.0,0.0,0.0,0.0,0.0,0.0,0.0,0.0,0.0,0.0,0.0,0.0,0.0,0.0,0.0,0.0,0.0,0.0,0.0,0.0,0.0,0.0,0.0,0.0,0.0,0.0,0.0,0.0,0.0,0.0,0.0,0.0,0.0,0.0,0.0,0.0,0.0,0.0,0.0,0.0,0.0,0.0,0.0,0.0,0.0,0.0,0.0,0.0,0.0,0.0,0.0,0.0,0.0,0.0,0.0,0.0,0.0,0.0,0.0,0.0,0.0,0.0,0.0,0.0,0.0,0.0,0.0,0.0,0.0,0.0,0.0,0.0,0.0,0.0,0.0,0.0,0.0,0.0,0.0,0.0,0.0,0.0,0.0,0.0,0.0,0.0,0.0,0.0,0.0,0.0,0.0,0.0,0.0,0.0,0.0,0.0,0.0,0.0,0.0,0.0,0.0,0.0,0.0,0.0,0.0,0.0,0.0,0.0,0.0,0.0,0.0,0.0,0.0,0.0,0.0,0.0,0.0,0.0,0.0,0.0,0.0,0.0,0.0,0.0,0.0,0.0,0.0,0.0,0.0,0.0,0.0,0.0,0.0,0.0,0.0,0.0,0.0,0.0,0.0,0.0,0.0,0.0,0.0,0.0,0.0,0.0,0.0,0.0,0.0,0.0,0.0,0.0,0.0,0.0,0.0,0.0,0.0,0.0,0.0,0.0,0.0,0.0,0.0,0.0,0.0,0.0,0.0,0.0,0.0,0.0,0.0,0.0,0.0,0.0,0.0,0.0,0.0,0.0,0.0,0.0,0.0,0.0,0.0,0.0,0.0,0.0,0.0,0.0,0.0,0.0,0.0,0.0,0.0,0.0,0.0,0.0,0.0,0.0,0.0,0.0,0.0,0.0,0.0,0.0,0.0,0.0,0.0,0.0,0.0,0.0,0.0,0.0,0.0,0.0,0.0,0.0,0.0,0.0,0.0,0.0,0.0,0.0,0.0,0.0,0.0,0.0,0.0,0.0,0.0,0.0,0.0,0.0,0.0,0.0,0.0,0.0,0.0,0.0,0.0,0.0,0.0,0.0,0.0,0.0,0.0,0.0,0.0,0.0,0.0,0.0,0.0,0.0,0.0,0.0,0.0,0.0,0.0,0.0,0.0,0.0,0.0,0.0,0.0,0.0,0.0,0.0,0.0,0.0,0.0,0.0,0.0,0.0,0.0,0.0,0.0,0.0,0.0,0.0,0.0,0.0,0.0,0.0,0.0,0.0,0.0,0.0,0.0,0.0,0.0,0.0,0.0,0.0,0.0,0.0,0.0,0.0,0.0,0.0,0.0,0.0,0.0,0.0,0.0,0.0,0.0,0.0,0.0,0.0,0.0,0.0,0.0,0.0,0.0,0.0,0.0,0.0,0.0,0.0,0.0,0.0,0.0,0.0,0.0,0.0,0.0,0.0,0.0,0.0,0.0,0.0,0.0,0.0,0.0,0.0,0.0,0.0,0.0,0.0,0.0,0.0,0.0,0.0,0.0,0.0,0.0,0.0,0.0,0.0,0.0,0.0,0.0,0.0,0.0,0.0,0.0,0.0,0.0,0.0,0.0,0.0,0.0,0.0,0.0,0.0,0.0,0.0,0.0,0.0,0.0,0.0,0.0,0.0,0.0,0.0,0.0,0.0,0.0,0.0,0.0,0.0,0.0,0.0,0.0,0.0,0.0,0.0,0.0,0.0,0.0,0.0,0.0,0.0,0.0,0.0,0.0,0.0,0.0,0.0,0.0,0.0,0.0,0.0,0.0,0.0,0.0,0.0,0.0,0.0,0.0,0.0,0.0,0.0,0.0,0.0,0.0,0.0,0.0,0.0,0.0,0.0,0.0,0.0,0.0,0.0,0.0,0.0,0.0,0.0,0.0,0.0,0.0,0.0,0.0,0.0,0.0,0.0,0.0,0.0,0.0,0.0,0.0,0.0,0.0,0.0,0.0,0.0,0.0,0.0,0.0,0.0,0.0,0.0,0.0,0.0,0.0,0.0,0.0,0.0,0.0,0.0,0.0,0.0,0.0,0.0,0.0,0.0,0.0,0.0,0.0,0.0,0.0,0.0,0.0,0.0,0.0,0.0,0.0,0.0,0.0,0.0,0.0,0.0,0.0,0.0,0.0,0.0,0.0,0.0,0.0,0.0,0.0,0.0,0.0,0.0,0.0,0.0,0.0,0.0,0.0,0.0,0.0,0.0,0.0,0.0,0.0,0.0,0.0,0.0,0.0,0.0,0.0,0.0,0.0,0.0,0.0,0.0,0.0,0.0,0.0,0.0,0.0,0.0,0.0,0.0,0.0,0.0,0.0,0.0,0.0,0.0,0.0,0.0,0.0,0.0,0.0,0.0,0.0,0.0,0.0,0.0,0.0,0.0,0.0,0.0,0.0,0.0,0.0,0.0,0.0,0.0,0.0,0.0,0.0,0.0,0.0,0.0,0.0,0.0,0.0,0.0,0.0,0.0,0.0,0.0,0.0,0.0,0.0,0.0,0.0,0.0,0.0,0.0,0.0,0.0,0.0,0.0,0.0,0.0,0.0,0.0,0.0,0.0,0.0,0.0,0.0,0.0,0.0,0.0,0.0,0.0,0.0,0.0,0.0,0.0,0.0,0.0,0.0,0.0,0.0,0.0,0.0,0.0,0.0,0.0,0.0,0.0,0.0,0.0,0.0,0.0,0.0,0.0,0.0,0.0,0.0,0.0,0.0,0.0,0.0,0.0,0.0,0.0,0.0,0.0,0.0,0.0,0.0,0.0,0.0,0.0,0.0,0.0,0.0,0.0,0.0,0.0,0.0,0.0,0.0,0.0,0.0,0.0,0.0,0.0,0.0,0.0,0.0,0.0,0.0,0.0,0.0,0.0,0.0,0.0,0.0,0.0,0.0,0.0,0.0,0.0,0.0,0.0,0.0,0.0,0.0,0.0,0.0,0.0,0.0,0.0,0.0,0.0,0.0,0.0,0.0,0.0,0.0,0.0,0.0,0.0,0.0,0.0,0.0,0.0,0.0,0.0,0.0,0.0,0.0,0.0,0.0,0.0,0.0,0.0,0.0,0.0,0.0,0.0,0.0,0.0,0.0,0.0,0.0,0.0,0.0,0.0,0.0,0.0,0.0,0.0,0.0,0.0,0.0,0.0,0.0,0.0,0.0,0.0,0.0,0.0,0.0,0.0,0.0,0.0,0.0,0.0,0.0,0.0,0.0,0.0,0.0,0.0,0.0,0.0,0.0,0.0,0.0,0.0,0.0,0.0,0.0,0.0,0.0,0.0,0.0,0.0,0.0,0.0,0.0,0.0,0.0,0.0,0.0,0.0,0.0,0.0,0.0,0.0,0.0,0.0,0.0,0.0,0.0,0.0,0.0,0.0,0.0,0.0,0.0,0.0,0.0,0.0,0.0,0.0,0.0,0.0,0.0,0.0,0.0,0.0,0.0,0.0,0.0,0.0,0.0,0.0,0.0,0.0,0.0,0.0,0.0,0.0,0.0,0.0,0.0,0.0,0.0,0.0,0.0,0.0,0.0,0.0,0.0,0.0,0.0,0.0,0.0,0.0,0.0,0.0,0.0,0.0,0.0,0.0,0.0,0.0,0.0,0.0,0.0,0.0,0.0,0.0,0.0,0.0,0.0,0.0,0.0,0.0,0.0,0.0,0.0,0.0,0.0,0.0,0.0,0.0,0.0,0.0,0.0,0.0,0.0,0.0,0.0,0.0,0.0,0.0,0.0,0.0,0.0,0.0,0.0,0.0,0.0,0.0,0.0,0.0,0.0,0.0,0.0,0.0,0.0,0.0,0.0,0.0,0.0,0.0,0.0,0.0,0.0,0.0,0.0,0.0,0.0,0.0,0.0,0.0,0.0,0.0,0.0,0.0,0.0,0.0,0.0,0.0,0.0,0.0,0.0,0.0,0.0,0.0,0.0,0.0,0.0,0.0,0.0,0.0,0.0,0.0,0.0,0.0,0.0,0.0,0.0,0.0,0.0,0.0,0.0,0.0,0.0,0.0,0.0,0.0,0.0,0.0,0.0,0.0,0.0,0.0,0.0,0.0,0.0,0.0,0.0,0.0,0.0,0.0,0.0,0.0,0.0,0.0,0.0,0.0,0.0,0.0,0.0,0.0,0.0,0.0,0.0,0.0,0.0,0.0,0.0,0.0,0.0,0.0,0.0,0.0,0.0,0.0,0.0,0.0,0.0,0.0,0.0,0.0,0.0,0.0,0.0,0.0,0.0,0.0,0.0,0.0,0.0,0.0,0.0,0.0,0.0,0.0,0.0,0.0,0.0,0.0,0.0,0.0,0.0,0.0,0.0,0.0,0.0,0.0,0.0,0.0,0.0,0.0,0.0,0.0,0.0,0.0,0.0,0.0,0.0,0.0,0.0,0.0,0.0,0.0,0.0,0.0,0.0,0.0,0.0,0.0,0.0,0.0,0.0,0.0,0.0,0.0,0.0,0.0,0.0,0.0,0.0,0.0,0.0,0.0,0.0,0.0,0.0,0.0,0.0,0.0,0.0,0.0,0.0,0.0,0.0,0.0,0.0,0.0,0.0,0.0,0.0,0.0,0.0,0.0,0.0,0.0,0.0,0.0,0.0,0.0,0.0,0.0,0.0,0.0,0.0,0.0,0.0,0.0,0.0,0.0,0.0,0.0,0.0,0.0,0.0,0.0,0.0,0.0,0.0,0.0,0.0,0.0,0.0,0.0,0.0,0.0,0.0,0.0,0.0,0.0,0.0,0.0,0.0,0.0,0.0,0.0,0.0,0.0,0.0,0.0,0.0,0.0,0.0,0.0,0.0,0.0,0.0,0.0,0.0,0.0,0.0,0.0,0.0,0.0,0.0,0.0,0.0,0.0,0.0,0.0,0.0,0.0,0.0,0.0,0.0,0.0,0.0,0.0,0.0,0.0,0.0,0.0,0.0,0.0,0.0,0.0,0.0,0.0,0.0,0.0,0.0,0.0,0.0,0.0,0.0,0.0,0.0,0.0,0.0,0.0,0.0,0.0,0.0,0.0,0.0,0.0,0.0,0.0,0.0,0.0,0.0,0.0,0.0,0.0,0.0,0.0,0.0,0.0,0.0,0.0,0.0,0.0,0.0,0.0,0.0,0.0,0.0,0.0,0.0,0.0,0.0,0.0,0.0,0.0,0.0,0.0,0.0,0.0,0.0,0.0,0.0,0.0,0.0,0.0,0.0,0.0,0.0,0.0,0.0,0.0,0.0,0.0,0.0,0.0,0.0,0.0,0.0,0.0,0.0,0.0,0.0,0.0,0.0,0.0,0.0,0.0,0.0,0.0,0.0,0.0,0.0,0.0,0.0,0.0,0.0,0.0,0.0,0.0,0.0,0.0,0.0,0.0,0.0,0.0,0.0,0.0,0.0,0.0,0.0,0.0,0.0,0.0,0.0,0.0,0.0,0.0,0.0,0.0,0.0,0.0,0.0,0.0,0.0,0.0,0.0,0.0,0.0,0.0,0.0,0.0,0.0,0.0,0.0,0.0,0.0,0.0,0.0,0.0,0.0,0.0,0.0,0.0,0.0,0.0,0.0,0.0,0.0,0.0,0.0,0.0,0.0,0.0,0.0,0.0,0.0,0.0,0.0,0.0,0.0,0.0,0.0,0.0,0.0,0.0,0.0,0.0,0.0,0.0,0.0,0.0,0.0,0.0,0.0,0.0,0.0,0.0,0.0,0.0,0.0,0.0,0.0,0.0,0.0,0.0,0.0,0.0,0.0,0.0,0.0,0.0,0.0,0.0,0.0,0.0,0.0,0.0,0.0,0.0,0.0,0.0,0.0,0.0,0.0,0.0,0.0,0.0,0.0,0.0,0.0,0.0,0.0,0.0,0.0,0.0,0.0,0.0,0.0,0.0,0.0,0.0,0.0,0.0,0.0,0.0,0.0,0.0,0.0,0.0,0.0,0.0,0.0,0.0,0.0,0.0,0.0,0.0,0.0,0.0,0.0,0.0,0.0,0.0,0.0,0.0,0.0,0.0,0.0,0.0,0.0,0.0,0.0,0.0,0.0,0.0,0.0,0.0,0.0,0.0,0.0,0.0,0.0,0.0,0.0,0.0,0.0,0.0,0.0,0.0,0.0,0.0,0.0,0.0,0.0,0.0,0.0,0.0,0.0,0.0,0.0,0.0,0.0,0.0,0.0,0.0,0.0,0.0,0.0,0.0,0.0,0.0,0.0,0.0,0.0,0.0,0.0,0.0,0.0,0.0,0.0,0.0,0.0,0.0,0.0,0.0,0.0,0.0,0.0,0.0,0.0,0.0,0.0,0.0,0.0,0.0,0.0,0.0,0.0,0.0,0.0,0.0,0.0,0.0,0.0,0.0,0.0,0.0,0.0,0.0,0.0,0.0,0.0,0.0,0.0,0.0,0.0,0.0,0.0,0.0,0.0,0.0,0.0,0.0,0.0,0.0,0.0,0.0,0.0,0.0,0.0,0.0,0.0,0.0,0.0,0.0,0.0,0.0,0.0,0.0,0.0,0.0,0.0,0.0,0.0,0.0,0.0,0.0,0.0,0.0,0.0,0.0,0.0,0.0,0.0,0.0,0.0,0.0,0.0,0.0,0.0,0.0,0.0,0.0,0.0,0.0,0.0,0.0,0.0,0.0,0.0,0.0,0.0,0.0,0.0,0.0,0.0,0.0,0.0,0.0,0.0,0.0,0.0,0.0,0.0,0.0,0.0,0.0,0.0,0.0,0.0,0.0,0.0,0.0,0.0,0.0,0.0,0.0,0.0,0.0,0.0,0.0,0.0,0.0,0.0,0.0,0.0,0.0,0.0,0.0,0.0,0.0,0.0,0.0,0.0,0.0,0.0,0.0,0.0,0.0,0.0,0.0,0.0,0.0,0.0,0.0,0.0,0.0,0.0,0.0,0.0,0.0,0.0,0.0,0.0,0.0,0.0,0.0,0.0,0.0,0.0,0.0,0.0,0.0,0.0,0.0,0.0,0.0,0.0,0.0,0.0,0.0,0.0,0.0,0.0,0.0,0.0,0.0,0.0,0.0,0.0,0.0,0.0,0.0,0.0,0.0,0.0,0.0,0.0,0.0,0.0,0.0,0.0,0.0,0.0,0.0,0.0,0.0,0.0,0.0,0.0,0.0,0.0,0.0,0.0,0.0,0.0,0.0,0.0,0.0,0.0,0.0,0.0,0.0,0.0,0.0,0.0,0.0,0.0,0.0,0.0,0.0,0.0,0.0,0.0,0.0,0.0,0.0,0.0,0.0,0.0,0.0,0.0,0.0,0.0,0.0,0.0,0.0,0.0,0.0,0.0,0.0,0.0,0.0,0.0,0.0,0.0,0.0,0.0,0.0,0.0,0.0,0.0,0.0,0.0,0.0,0.0,0.0,0.0,0.0,0.0,0.0,0.0,0.0,0.0,0.0,0.0,0.0,0.0,0.0,0.0,0.0,0.0,0.0,0.0,0.0,0.0,0.0,0.0,0.0,0.0,0.0,0.0,0.0,0.0,0.0,0.0,0.0,0.0,0.0,0.0,0.0,0.0,0.0,0.0,0.0,0.0,0.0,0.0,0.0,0.0,0.0,0.0,0.0,0.0,0.0,0.0,0.0,0.0,0.0,0.0,0.0,0.0,0.0,0.0,0.0,0.0,0.0,0.0,0.0,0.0,0.0,0.0,0.0,0.0,0.0,0.0,0.0,0.0,0.0,0.0,0.0,0.0,0.0,0.0,0.0,0.0,0.0,0.0,0.0,0.0,0.0,0.0,0.0,0.0,0.0,0.0,0.0,0.0,0.0,0.0,0.0,0.0,0.0,0.0,0.0,0.0,0.0,0.0,0.0,0.0,0.0,0.0,0.0,0.0,0.0,0.0,0.0,0.0,0.0,0.0,0.0,0.0,0.0,0.0,0.0,0.0,0.0,0.0,0.0,0.0,0.0,0.0,0.0,0.0,0.0,0.0,0.0,0.0,0.0,0.0,0.0,0.0,0.0,0.0,0.0,0.0,0.0,0.0,0.0,0.0,0.0,0.0,0.0,0.0,0.0,0.0,0.0,0.0,0.0,0.0,0.0,0.0,0.0,0.0,0.0,0.0,0.0,0.0,0.0,0.0,0.0,0.0,0.0,0.0,0.0,0.0,0.0,0.0,0.0,0.0,0.0,0.0,0.0,0.0,0.0,0.0,0.0,0.0,0.0,0.0,0.0,0.0,0.0,0.0,0.0,0.0,0.0,0.0,0.0,0.0,0.0,0.0,0.0,0.0,0.0,0.0,0.0,0.0,0.0,0.0,0.0,0.0,0.0,0.0,0.0,0.0,0.0,0.0,0.0,0.0,0.0,0.0,0.0,0.0,0.0,0.0,0.0,0.0,0.0,0.0,0.0,0.0,0.0,0.0,0.0,0.0,0.0,0.0,0.0,0.0,0.0,0.0,0.0,0.0,0.0,0.0,0.0,0.0,0.0,0.0,0.0,0.0,0.0,0.0,0.0,0.0,0.0,0.0,0.0,0.0,0.0,0.0,0.0,0.0,0.0,0.0,0.0,0.0,0.0,0.0,0.0,0.0,0.0,0.0,0.0,0.0,0.0,0.0,0.0,0.0,0.0,0.0,0.0,0.0,0.0,0.0,0.0,0.0,0.0,0.0,0.0,0.0,0.0,0.0,0.0,0.0,0.0,0.0,0.0,0.0,0.0,0.0,0.0,0.0,0.0,0.0,0.0,0.0,0.0,0.0,0.0,0.0,0.0,0.0,0.0,0.0,0.0,0.0,0.0,0.0,0.0,0.0,0.0,0.0,0.0,0.0,0.0,0.0,0.0,0.0,0.0,0.0,0.0,0.0,0.0,0.0,0.0,0.0,0.0,0.0,0.0,0.0,0.0,0.0,0.0,0.0,0.0,0.0,0.0,0.0,0.0,0.0,0.0,0.0,0.0,0.0,0.0,0.0,0.0,0.0,0.0,0.0,0.0,0.0,0.0,0.0,0.0,0.0,0.0,0.0,0.0,0.0,0.0,0.0,0.0,0.0,0.0,0.0,0.0,0.0,0.0,0.0,0.0,0.0,0.0,0.0,0.0,0.0,0.0,0.0,0.0,0.0,0.0,0.0,0.0,0.0,0.0,0.0,0.0,0.0,0.0,0.0,0.0,0.0,0.0,0.0,0.0,0.0,0.0,0.0,0.0,0.0,0.0,0.0,0.0,0.0,0.0,0.0,0.0,0.0,0.0,0.0,0.0,0.0,0.0,0.0,0.0,0.0,0.0,0.0,0.0,0.0,0.0,0.0,0.0,0.0,0.0,0.0,0.0,0.0,0.0,0.0,0.0,0.0,0.0,0.0,0.0,0.0,0.0,0.0,0.0,0.0,0.0,0.0,0.0,0.0,0.0,0.0,0.0,0.0,0.0,0.0,0.0,0.0,0.0,0.0,0.0,0.0,0.0,0.0,0.0,0.0,0.0,0.0,0.0,0.0,0.0,0.0,0.0,0.0,0.0,0.0,0.0,0.0,0.0,0.0,0.0,0.0,0.0,0.0,0.0,0.0,0.0,0.0,0.0,0.0,0.0,0.0,0.0,0.0,0.0,0.0,0.0,0.0,0.0,0.0,0.0,0.0,0.0,0.0,0.0,0.0,0.0,0.0,0.0,0.0,0.0,0.0,0.0,0.0,0.0,0.0,0.0,0.0,0.0,0.0,0.0,0.0,0.0,0.0,0.0,0.0,0.0,0.0,0.0,0.0,0.0,0.0,0.0,0.0,0.0,0.0,0.0,0.0,0.0,0.0,0.0,0.0,0.0,0.0,0.0,0.0,0.0,0.0,0.0,0.0,0.0,0.0,0.0,0.0,0.0,0.0,0.0,0.0,0.0,0.0,0.0,0.0,0.0,0.0,0.0,0.0,0.0,0.0,0.0,0.0,0.0,0.0,0.0,0.0,0.0,0.0,0.0,0.0,0.0,0.0,0.0,0.0,0.0,0.0,0.0,0.0,0.0,0.0,0.0,0.0,0.0,0.0,0.0,0.0,0.0,0.0,0.0,0.0,0.0,0.0,0.0,0.0,0.0,0.0,0.0,0.0,0.0,0.0,0.0,0.0,0.0,0.0,0.0,0.0,0.0,0.0,0.0,0.0,0.0,0.0,0.0,0.0,0.0,0.0,0.0,0.0,0.0,0.0,0.0,0.0,0.0,0.0,0.0,0.0,0.0,0.0,0.0,0.0,0.0,0.0,0.0,0.0,0.0,0.0,0.0,0.0,0.0,0.0,0.0,0.0,0.0,0.0,0.0,0.0,0.0,0.0,0.0,0.0,0.0,0.0,0.0,0.0,0.0,0.0,0.0,0.0,0.0,0.0,0.0,0.0,0.0,0.0,0.0,0.0,0.0,0.0,0.0,0.0,0.0,0.0,0.0,0.0,0.0,0.0,0.0,0.0,0.0,0.0,0.0,0.0,0.0,0.0,0.0,0.0,0.0,0.0,0.0,0.0,0.0,0.0,0.0,0.0,0.0,0.0,0.0,0.0,0.0,0.0,0.0,0.0,0.0,0.0,0.0,0.0,0.0,0.0,0.0,0.0,0.0,0.0,0.0,0.0,0.0,0.0,0.0,0.0,0.0,0.0,0.0,0.0,0.0,0.0,0.0,0.0,0.0,0.0,0.0,0.0,0.0,0.0,0.0,0.0,0.0,0.0,0.0,0.0,0.0,0.0,0.0,0.0,0.0,0.0,0.0,0.0,0.0,0.0,0.0,0.0,0.0,0.0,0.0,0.0,0.0,0.0,0.0,0.0,0.0,0.0,0.0,0.0,0.0,0.0,0.0,0.0,0.0,0.0,0.0,0.0,0.0,0.0,0.0,0.0,0.0,0.0,0.0,0.0,0.0,0.0,0.0,0.0,0.0,0.0,0.0,0.0,0.0,0.0,0.0,0.0,0.0,0.0,0.0,0.0,0.0,0.0,0.0,0.0,0.0,0.0,0.0,0.0,0.0,0.0,0.0,0.0,0.0,0.0,0.0,0.0,0.0,0.0,0.0,0.0,0.0,0.0,0.0,0.0,0.0,0.0,0.0,0.0,0.0,0.0,0.0,0.0,0.0,0.0,0.0,0.0,0.0,0.0,0.0,0.0,0.0,0.0,0.0,0.0,0.0,0.0,0.0,0.0,0.0,0.0,0.0,0.0,0.0,0.0,0.0,0.0,0.0,0.0,0.0,0.0,0.0,0.0,0.0,0.0,0.0,0.0,0.0,0.0,0.0,0.0,0.0,0.0,0.0,0.0,0.0,0.0,0.0,0.0,0.0,0.0,0.0,0.0,0.0,0.0,0.0,0.0,0.0,0.0,0.0,0.0,0.0,0.0,0.0,0.0,0.0,0.0,0.0,0.0,0.0,0.0,0.0,0.0,0.0,0.0,0.0,0.0,0.0,0.0,0.0,0.0,0.0,0.0,0.0,0.0,0.0,0.0,0.0,0.0,0.0,0.0,0.0,0.0,0.0,0.0,0.0,0.0,0.0,0.0,0.0,0.0,0.0,0.0,0.0,0.0,0.0,0.0,0.0,0.0,0.0,0.0,0.0,0.0,0.0,0.0,0.0,0.0,0.0,0.0,0.0,0.0,0.0,0.0,0.0,0.0,0.0,0.0,0.0,0.0,0.0,0.0,0.0,0.0,0.0,0.0,0.0,0.0,0.0,0.0,0.0,0.0,0.0,0.0,0.0,0.0,0.0,0.0,0.0,0.0,0.0,0.0,0.0,0.0,0.0,0.0,0.0,0.0,0.0,0.0,0.0,0.0,0.0,0.0,0.0,0.0,0.0,0.0,0.0,0.0,0.0,0.0,0.0,0.0,0.0,0.0,0.0,0.0,0.0,0.0,0.0,0.0,0.0,0.0,0.0,0.0,0.0,0.0,0.0,0.0,0.0,0.0,0.0,0.0,0.0,0.0,0.0,0.0,0.0,0.0,0.0,0.0,0.0,0.0,0.0,0.0,0.0,0.0,0.0,0.0,0.0,0.0,0.0,0.0,0.0,0.0,0.0,0.0,0.0,0.0,0.0,0.0,0.0,0.0,0.0,0.0,0.0,0.0,0.0,0.0,0.0,0.0,0.0,0.0,0.0,0.0,0.0,0.0,0.0,0.0,0.0,0.0,0.0,0.0,0.0,0.0,0.0,0.0,0.0,0.0,0.0,0.0,0.0,0.0,0.0,0.0,0.0,0.0,0.0,0.0,0.0,0.0,0.0,0.0,0.0,0.0,0.0,0.0,0.0,0.0,0.0,0.0,0.0,0.0,0.0,0.0,0.0,0.0,0.0,0.0,0.0,0.0,0.0,0.0,0.0,0.0,0.0,0.0,0.0,0.0,0.0,0.0,0.0,0.0,0.0,0.0,0.0,0.0,0.0,0.0,0.0,0.0,0.0,0.0,0.0,0.0,0.0,0.0,0.0,0.0,0.0,0.0,0.0,0.0,0.0,0.0,0.0,0.0,0.0,0.0,0.0,0.0,0.0,0.0,0.0,0.0,0.0,0.0,0.0,0.0,0.0,0.0,0.0,0.0,0.0,0.0,0.0,0.0,0.0,0.0,0.0,0.0,0.0,0.0,0.0,0.0,0.0,0.0,0.0,0.0,0.0,0.0,0.0,0.0,0.0,0.0,0.0,0.0,0.0,0.0,0.0,0.0,0.0,0.0,0.0,0.0,0.0,0.0,0.0,0.0,0.0,0.0,0.0,0.0,0.0,0.0,0.0,0.0,0.0,0.0,0.0,0.0,0.0,0.0,0.0,0.0,0.0,0.0,0.0,0.0,0.0,0.0,0.0,0.0,0.0,0.0,0.0,0.0,0.0,0.0,0.0,0.0,0.0,0.0,0.0,0.0,0.0,0.0,0.0,0.0,0.0,0.0,0.0,0.0,0.0,0.0,0.0,0.0,0.0,0.0,0.0,0.0,0.0,0.0,0.0,0.0,0.0,0.0,0.0,0.0,0.0,0.0,0.0,0.0,0.0,0.0,0.0,0.0,0.0,0.0,0.0,0.0,0.0,0.0,0.0,0.0,0.0,0.0,0.0,0.0,0.0,0.0,0.0,0.0,0.0,0.0,0.0,0.0,0.0,0.0,0.0,0.0,0.0,0.0,0.0,0.0,0.0,0.0,0.0,0.0,0.0,0.0,0.0,0.0,0.0,0.0,0.0,0.0,0.0,0.0,0.0,0.0,0.0,0.0,0.0,0.0,0.0,0.0,0.0,0.0,0.0,0.0,0.0,0.0,0.0,0.0,0.0,0.0,0.0,0.0,0.0,0.0,0.0,0.0,0.0,0.0,0.0,0.0,0.0,0.0,0.0,0.0,0.0,0.0,0.0,0.0,0.0,0.0,0.0,0.0,0.0,0.0,0.0,0.0,0.0,0.0,0.0,0.0,0.0,0.0,0.0,0.0,0.0,0.0,0.0,0.0,0.0,0.0,0.0,0.0,0.0,0.0,0.0,0.0,0.0,0.0,0.0,0.0,0.0,0.0,0.0,0.0,0.0,0.0,0.0,0.0,0.0,0.0,0.0,0.0,0.0,0.0,0.0,0.0,0.0,0.0,0.0,0.0,0.0,0.0,0.0,0.0,0.0,0.0,0.0,0.0,0.0,0.0,0.0,0.0,0.0,0.0,0.0,0.0,0.0,0.0,0.0,0.0,0.0,0.0,0.0,0.0,0.0,0.0,0.0,0.0,0.0,0.0,0.0,0.0,0.0,0.0,0.0,0.0,0.0,0.0,0.0,0.0,0.0,0.0,0.0,0.0,0.0,0.0,0.0,0.0,0.0,0.0,0.0,0.0,0.0,0.0,0.0,0.0,0.0,0.0,0.0,0.0,0.0,0.0,0.0,0.0,0.0,0.0,0.0,0.0,0.0,0.0,0.0,0.0,0.0,0.0,0.0,0.0,0.0,0.0,0.0,0.0,0.0,0.0,0.0,0.0,0.0,0.0,0.0,0.0,0.0,0.0,0.0,0.0,0.0,0.0,0.0,0.0,0.0,0.0,0.0,0.0,0.0,0.0,0.0,0.0,0.0,0.0,0.0,0.0,0.0,0.0,0.0,0.0,0.0,0.0,0.0,0.0,0.0,0.0,0.0,0.0,0.0,0.0,0.0,0.0,0.0,0.0,0.0,0.0,0.0,0.0,0.0,0.0,0.0,0.0,0.0,0.0,0.0,0.0,0.0,0.0,0.0,0.0,0.0,0.0,0.0,0.0,0.0,0.0,0.0,0.0,0.0,0.0,0.0,0.0,0.0,0.0,0.0,0.0,0.0,0.0,0.0,0.0,0.0,0.0,0.0,0.0,0.0,0.0,0.0,0.0,0.0,0.0,0.0,0.0,0.0,0.0,0.0,0.0,0.0,0.0,0.0,0.0,0.0,0.0,0.0,0.0,0.0,0.0,0.0,0.0,0.0,0.0,0.0,0.0,0.0,0.0,0.0,0.0,0.0,0.0,0.0,0.0,0.0,0.0,0.0,0.0,0.0,0.0,0.0,0.0,0.0,0.0,0.0,0.0,0.0,0.0,0.0,0.0,0.0,0.0,0.0,0.0,0.0,0.0,0.0,0.0,0.0,0.0,0.0,0.0,0.0,0.0,0.0,0.0,0.0,0.0,0.0,0.0,0.0,0.0,0.0,0.0,0.0,0.0,0.0,0.0,0.0,0.0,0.0,0.0,0.0,0.0,0.0,0.0,0.0,0.0,0.0,0.0,0.0,0.0,0.0,0.0,0.0,0.0,0.0,0.0,0.0,0.0,0.0,0.0,0.0,0.0,0.0,0.0,0.0,0.0,0.0,0.0,0.0,0.0,0.0,0.0,0.0,0.0,0.0,0.0,0.0,0.0,0.0,0.0,0.0,0.0,0.0,0.0,0.0,0.0,0.0,0.0,0.0,0.0,0.0,0.0,0.0,0.0,0.0,0.0,0.0,0.0,0.0,0.0,0.0,0.0,0.0,0.0,0.0,0.0,0.0,0.0,0.0,0.0,0.0,0.0,0.0,0.0,0.0,0.0,0.0,0.0,0.0,0.0,0.0,0.0,0.0,0.0,0.0,0.0,0.0,0.0,0.0,0.0,0.0,0.0,0.0,0.0,0.0,0.0,0.0,0.0,0.0,0.0,0.0,0.0,0.0,0.0,0.0,0.0,0.0,0.0,0.0,0.0,0.0,0.0,0.0,0.0,0.0,0.0,0.0,0.0,0.0,0.0,0.0,0.0,0.0,0.0,0.0,0.0,0.0,0.0,0.0,0.0,0.0,0.0,0.0,0.0,0.0,0.0,0.0,0.0,0.0,0.0,0.0,0.0,0.0,0.0,0.0,0.0,0.0,0.0,0.0,0.0,0.0,0.0,0.0,0.0,0.0,0.0,0.0,0.0,0.0,0.0,0.0,0.0,0.0,0.0,0.0,0.0,0.0,0.0,-0.0,-0.0,-0.0,-0.0,-0.0,-0.0,-0.0,-0.0,-0.0,-0.0,-0.0,0.0,0.0,0.0,0.0,0.0,0.0,0.0,0.0,0.0,0.0,0.0,0.0,0.0,0.0,0.0,0.0,0.0,0.0,-0.0,-0.0,0.0,0.0,0.0,0.0,0.0,0.0,0.0,0.0,0.0,0.0,0.0,0.0,0.0,0.0,0.0,0.0,0.0,0.0,0.0,-0.0,-0.0,0.0,-0.0,0.0,0.0,0.0,0.0,0.0,0.0,-0.0,-0.0,0.0,0.0,-0.0,0.0,0.0,0.0,0.0,0.0,-0.0,-0.0,-0.0,-0.0,-0.0,-0.0,-0.0,-0.0,-0.0,-0.0,0.0,0.0,0.0,0.0,0.0,0.0,0.0,0.0,0.0,0.0,0.0,0.0,0.0,0.0,0.0,0.0,0.0,0.0,0.0,0.0,0.0,0.0,0.0,0.0,0.0,0.0,0.0,0.0,0.0,0.0,0.0,0.0,0.0,0.0,0.0,0.0,0.0,0.0,0.0,0.0,0.0,0.0,0.0,0.0,0.0,0.0,0.0,0.0,0.0,0.0,0.0,0.0,0.0,0.0,0.0,0.0,0.0,0.0,0.0,0.0,0.0,0.0,0.0,0.0,0.0,0.0,0.0,0.0,0.0,0.0,0.0,0.0,0.0,0.0,0.0,0.0,0.0,0.0,0.0,0.0,0.0,0.0,0.0,0.0,0.0,0.0,0.0,0.0,0.0,0.0,0.0,0.0,0.0,0.0,0.0,0.0,0.0,0.0,0.0,0.0,0.0,-0.0,0.0,0.0,0.0,0.0,0.0,0.0,0.0,0.0,0.0,0.0,0.0,0.0,0.0,0.0,0.0,0.0,0.0,0.0,0.0,0.0,0.0,0.0,0.0,0.0,0.0,0.0,0.0,0.0,0.0,0.0,0.0,0.0,0.0,0.0,0.0,0.0,0.0,0.0,0.0,0.0,0.0,0.0,0.0,0.0,0.0,0.0,0.0,0.0,0.0,0.0,0.0,0.0,0.0,0.0,0.0,0.0,0.0,0.0,0.0,0.0,0.0,0.0,0.0,0.0,0.0,0.0,0.0,0.0,0.0,0.0,0.0,0.0,0.0,0.0,0.0,0.0,0.0,0.0,0.0,0.0,0.0,0.0,0.0,0.0,0.0,0.0,0.0,0.0,0.0,0.0,0.0,0.0,0.0,0.0,0.0,0.0,0.0,0.0,0.0,0.0,0.0,0.0,0.0,0.0,0.0,0.0,0.0,0.0,0.0,0.0,0.0,0.0,0.0,0.0,0.0,0.0,0.0,0.0,0.0,0.0,0.0,0.0,0.0,0.0,0.0,0.0,0.0,0.0,0.0,0.0,0.0,0.0,0.0,0.0,0.0,0.0,0.0,0.0,0.0,0.0,0.0,0.0,0.0,0.0,0.0,0.0,0.0,0.0,0.0,0.0,0.0,0.0,0.0,0.0,0.0,0.0,0.0,0.0,0.0,0.0,0.0,0.0,0.0,0.0,0.0,0.0,0.0,0.0,0.0,0.0,0.0,0.0,0.0,0.0,0.0,0.0,0.0,0.0,0.0,0.0,0.0,0.0,0.0,0.0,0.0,0.0,0.0,0.0,0.0,0.0,0.0,0.0,0.0,0.0,0.0,0.0,0.0,0.0,0.0,0.0,0.0,0.0,0.0,0.0,0.0,0.0,0.0,0.0,0.0,0.0,0.0,0.0,0.0,0.0,0.0,0.0,0.0,0.0,0.0,0.0,0.0,0.0,0.0,0.0,0.0,0.0,0.0,0.0,0.0,0.0,0.0,0.0,0.0,0.0,0.0,0.0,0.0,0.0,0.0,0.0,0.0,0.0,0.0,0.0,0.0,0.0,0.0,0.0,0.0,0.0,0.0,0.0,0.0,0.0,0.0,0.0,0.0,0.0,0.0,0.0,0.0,0.0,0.0,0.0,0.0,0.0,0.0,0.0,0.0,0.0,0.0,0.0,0.0,0.0,0.0,0.0,0.0,0.0,0.0,0.0,0.0,0.0,0.0,0.0,0.0,0.0,0.0,0.0,0.0,0.0,0.0,0.0,0.0,0.0,0.0,0.0,0.0,0.0,0.0,0.0,0.0,0.0,0.0,0.0,0.0,0.0,0.0,0.0,0.0,0.0,0.0,0.0,0.0,0.0,0.0,0.0,0.0,0.0,0.0,0.0,0.0,0.0,0.0,0.0,0.0,0.0,0.0,0.0,0.0,0.0,0.0,0.0,0.0,0.0,0.0,0.0,0.0,0.0,0.0,0.0,0.0,0.0,0.0,0.0,0.0,0.0,0.0,0.0,0.0,0.0,0.0,0.0,0.0,0.0,0.0,0.0,0.0,0.0,0.0,0.0,0.0,0.0,0.0,0.0,0.0,0.0,0.0,0.0,0.0,0.0,0.0,0.0,0.0,0.0,0.0,0.0,0.0,0.0,0.0,0.0,0.0,0.0,0.0,0.0,0.0,0.0,0.0,0.0,0.0,0.0,0.0,0.0,0.0,0.0,0.0,0.0,0.0,0.0,0.0,0.0,0.0,0.0,0.0,0.0,0.0,0.0,0.0,0.0,0.0,0.0,0.0,0.0,0.0,0.0,0.0,0.0,0.0,0.0,0.0,0.0,0.0,0.0,0.0,0.0,0.0,0.0,0.0,0.0,0.0,0.0,0.0,0.0,0.0,0.0,0.0,0.0,0.0,0.0,0.0,0.0,0.0,0.0,0.0,0.0,0.0,0.0,0.0,0.0,0.0,0.0,0.0,0.0,0.0,0.0,0.0,0.0,0.0,0.0,0.0,0.0,0.0,0.0,0.0,0.0,0.0,0.0,0.0,0.0,0.0,0.0,0.0,0.0,0.0,0.0,0.0,0.0,0.0,0.0,0.0,0.0,0.0,0.0,0.0,0.0,0.0,0.0,0.0,0.0,0.0,0.0,0.0,0.0,0.0,0.0,0.0,0.0,0.0,0.0,0.0,0.0,0.0,0.0,0.0,0.0,0.0,0.0,0.0,0.0,0.0,0.0,0.0,0.0,0.0,0.0,0.0,0.0,0.0,0.0,0.0,0.0,0.0,0.0,0.0,0.0,0.0,0.0,0.0,0.0,0.0,0.0,0.0,0.0,0.0,0.0,0.0,0.0,0.0,0.0,0.0,0.0,0.0,0.0,0.0,0.0,0.0,0.0,0.0,0.0,0.0,0.0,0.0,0.0,0.0,0.0,0.0,0.0,0.0,0.0,0.0,0.0,0.0,0.0,0.0,0.0,0.0,0.0,0.0,0.0,0.0,0.0,0.0,0.0,0.0,0.0,0.0,0.0,0.0,0.0,0.0,0.0,0.0,0.0,0.0,0.0,0.0,0.0,0.0,0.0,0.0,0.0,0.0,0.0,0.0,0.0,0.0,0.0,0.0,0.0,0.0,0.0,0.0,0.0,0.0,0.0,0.0,0.0,0.0,0.0,0.0,0.0,0.0,0.0,0.0,0.0,0.0,0.0,0.0,0.0,0.0,0.0,0.0,0.0,0.0,0.0,0.0,0.0,0.0,0.0,0.0,0.0,0.0,0.0,0.0,0.0,0.0,0.0,0.0,0.0,0.0,0.0,0.0,0.0,0.0,0.0,0.0,0.0,0.0,0.0,0.0,0.0,0.0,0.0,0.0,0.0,0.0,0.0,0.0,0.0,0.0,0.0,0.0,0.0,0.0,0.0,0.0,0.0,0.0,0.0,0.0,0.0,0.0,0.0,0.0,0.0,0.0,0.0,0.0,0.0,0.0,0.0,0.0,0.0,0.0,0.0,0.0,0.0,0.0,0.0,0.0,0.0,0.0,0.0,0.0,0.0,0.0,0.0,0.0,0.0,0.0,0.0,0.0,0.0,0.0,0.0,0.0,0.0,0.0,0.0,0.0,0.0,0.0,0.0,0.0,0.0,0.0,0.0,0.0,0.0,0.0,0.0,0.0,0.0,0.0,0.0,0.0,0.0,0.0,0.0,0.0,0.0,0.0,0.0,0.0,0.0,0.0,0.0,0.0,0.0,0.0,0.0,0.0,0.0,0.0,0.0,0.0,0.0,0.0,0.0,0.0,0.0,0.0,0.0,0.0,0.0,0.0,0.0,0.0,0.0,0.0,0.0,0.0,0.0,0.0,0.0,0.0,0.0,0.0,0.0,0.0,0.0,0.0,0.0,0.0,0.0,0.0,0.0,0.0,0.0,0.0,0.0,0.0,0.0,0.0,0.0,0.0,0.0,0.0,0.0,0.0,0.0,0.0,0.0,0.0,0.0,0.0,0.0,0.0,0.0,0.0,0.0,0.0,0.0,0.0,0.0,0.0,0.0,0.0,0.0,0.0,0.0,0.0,0.0,0.0,0.0,0.0,0.0,0.0,0.0,0.0,0.0,0.0,0.0,0.0,0.0,0.0,0.0,0.0,0.0,0.0,0.0,0.0,0.0,0.0,0.0,0.0,0.0,0.0,0.0,0.0,0.0,0.0,0.0,0.0,0.0,0.0,0.0,0.0,0.0,0.0,0.0,0.0,0.0,0.0,0.0,0.0,0.0,0.0,0.0,0.0,0.0,0.0,0.0,0.0,0.0,0.0,0.0,0.0,0.0,0.0,0.0,0.0,0.0,0.0,0.0,0.0,0.0,0.0,0.0,0.0,0.0,0.0,0.0,0.0,0.0,0.0,0.0,0.0,0.0,0.0,0.0,0.0,0.0,0.0,0.0,0.0,0.0,0.0,0.0,0.0,0.0,0.0,0.0,0.0,0.0,0.0,0.0,0.0,0.0,0.0,0.0,0.0,0.0,0.0,0.0,0.0,0.0,0.0,0.0,0.0,0.0,0.0,0.0,0.0,0.0,0.0,0.0,0.0,0.0,0.0,0.0,0.0,0.0,0.0,0.0,0.0,0.0,0.0,0.0,0.0,0.0,0.0,0.0,0.0,0.0,0.0,0.0,0.0,0.0,0.0,0.0,0.0,0.0,0.0,0.0,0.0,0.0,0.0,0.0,0.0,0.0,0.0,0.0,0.0,0.0,0.0,0.0,0.0,0.0,0.0,0.0,0.0,0.0,0.0,0.0,0.0,0.0,0.0,0.0,0.0,0.0,0.0,0.0,0.0,0.0,0.0,0.0,0.0,0.0,0.0,0.0,0.0,0.0,0.0,0.0,0.0,0.0,0.0,0.0,0.0,0.0,0.0,0.0,0.0,0.0,0.0,0.0,0.0,0.0,0.0,0.0,0.0,0.0,0.0,0.0,0.0,0.0,0.0,0.0,0.0,0.0,0.0,0.0,0.0,0.0,0.0,0.0,0.0,0.0,0.0,0.0,0.0,0.0,0.0,0.0,0.0,0.0,0.0,0.0,0.0,0.0,0.0,0.0,0.0,0.0,0.0,0.0,0.0,0.0,0.0,0.0,0.0,0.0,0.0,0.0,0.0,0.0,0.0,0.0,0.0,0.0,0.0,0.0,0.0,0.0,0.0,0.0,0.0,0.0,0.0,0.0,0.0,0.0,0.0,0.0,0.0,0.0,0.0,0.0,0.0,0.0,0.0,0.0,0.0,0.0,0.0,0.0,0.0,0.0,0.0,0.0,0.0,0.0,0.0,0.0,0.0,0.0,0.0,0.0,0.0,0.0,0.0,0.0,0.0,0.0,0.0,0.0,0.0,0.0,0.0,0.0,0.0,0.0,0.0,0.0,0.0,0.0,0.0,0.0,0.0,0.0,0.0,0.0,0.0,0.0,0.0,0.0,0.0,0.0,0.0,0.0,0.0,0.0,0.0,0.0,0.0,0.0,0.0,0.0,0.0,0.0,0.0,0.0,0.0,0.0,0.0,0.0,0.0,0.0,0.0,0.0,0.0,0.0,0.0,0.0,0.0,0.0,0.0,0.0,0.0,0.0,0.0,0.0,0.0,0.0,0.0,0.0,0.0,0.0,0.0,0.0,0.0,0.0,0.0,0.0,0.0,0.0,0.0,0.0,0.0,0.0,0.0,0.0,0.0,0.0,0.0,0.0,0.0,0.0,0.0,0.0,0.0,0.0,0.0,0.0,0.0,0.0,0.0,0.0,0.0,0.0,0.0,0.0,0.0,0.0,0.0,0.0,0.0,0.0,0.0,0.0,0.0,0.0,0.0,0.0,0.0,0.0,0.0,0.0,0.0,0.0,0.0,0.0,0.0,0.0,0.0,0.0,0.0,0.0,0.0,0.0,0.0,0.0,0.0,0.0,0.0,0.0,0.0,0.0,0.0,0.0,0.0,0.0,0.0,0.0,0.0,0.0,0.0,0.0,0.0,0.0,0.0,0.0,0.0,0.0,0.0,0.0,0.0,0.0,0.0,0.0,0.0,0.0,0.0,0.0,0.0,0.0,0.0,0.0,0.0,0.0,0.0,0.0,0.0,0.0,0.0,0.0,0.0,0.0,0.0,0.0,0.0,0.0,0.0,0.0,0.0,0.0,0.0,0.0,0.0,0.0,0.0,0.0,0.0,0.0,0.0,0.0,0.0,0.0,0.0,0.0,0.0,0.0,0.0,0.0,0.0,0.0,0.0,0.0,0.0,0.0,0.0,0.0,0.0,0.0,0.0,0.0,0.0,0.0,0.0,0.0,0.0,0.0,0.0,0.0,0.0,0.0,0.0,0.0,0.0,0.0,0.0,0.0,0.0,0.0,0.0,0.0,0.0,0.0,0.0,0.0,0.0,0.0,0.0,0.0,0.0,0.0,0.0,0.0,0.0,0.0,0.0,0.0,0.0,0.0,0.0,0.0,0.0,0.0,0.0,0.0,0.0,0.0,0.0,0.0,0.0,0.0,0.0,0.0,0.0,0.0,0.0,0.0,0.0,0.0,0.0,0.0,0.0,0.0,0.0,0.0,0.0,0.0,0.0,0.0,0.0,0.0,0.0,0.0,0.0,0.0,0.0,0.0,0.0,0.0,0.0,0.0,0.0,0.0,0.0,0.0,0.0,0.0,0.0,0.0,0.0,0.0,0.0,0.0,0.0,0.0,0.0,0.0,0.0,0.0,0.0,0.0,0.0,0.0,0.0,0.0,0.0,0.0,0.0,0.0,0.0,0.0,0.0,0.0,0.0,0.0,0.0,0.0,0.0,0.0,0.0,0.0,0.0,0.0,0.0,0.0,0.0,0.0,0.0,0.0,0.0,0.0,0.0,0.0,0.0,0.0,0.0,0.0,0.0,0.0,0.0,0.0,0.0,0.0,0.0,0.0,0.0,0.0,0.0,0.0,0.0,0.0,0.0,0.0,0.0,0.0,0.0,0.0,0.0,0.0,0.0,0.0,0.0,0.0,0.0,0.0,0.0,0.0,0.0,0.0,0.0,0.0,0.0,0.0,0.0,0.0,0.0,0.0,0.0,0.0,0.0,0.0,0.0,0.0,0.0,0.0,0.0,0.0,0.0,0.0,0.0,0.0,0.0,0.0,0.0,0.0,0.0,0.0,0.0,0.0,0.0,0.0,0.0,0.0,0.0,0.0,0.0,0.0,0.0,0.0,0.0,0.0,0.0,0.0,0.0,0.0,0.0,0.0,0.0,0.0,0.0,0.0,0.0,0.0,0.0,0.0,0.0,0.0,0.0,0.0,0.0,0.0,0.0,0.0,0.0,0.0,0.0,0.0,0.0,0.0,0.0,0.0,0.0,0.0,0.0,0.0,0.0,0.0,0.0,0.0,0.0,0.0,0.0,0.0,0.0,0.0,0.0,0.0,0.0,0.0,0.0,0.0,0.0,0.0,0.0,0.0,0.0,0.0,0.0,0.0,0.0,0.0,0.0,0.0,0.0,0.0,0.0,0.0,0.0,0.0,0.0,0.0,0.0,0.0,0.0,0.0,0.0,0.0,0.0,0.0,0.0,0.0,0.0,0.0,0.0,0.0,0.0,0.0,0.0,0.0,0.0,0.0,0.0,0.0,0.0,0.0,0.0,0.0,0.0,0.0,0.0,0.0,0.0,0.0,0.0,0.0,0.0,0.0,0.0,0.0,0.0,0.0,0.0,0.0,0.0,0.0,0.0,0.0,0.0,0.0,0.0,0.0,0.0,0.0,0.0,0.0,0.0,0.0,0.0,0.0,0.0,0.0,0.0,0.0,0.0,0.0,0.0,0.0,0.0,0.0,0.0,0.0,0.0,0.0,0.0,0.0,0.0,0.0,0.0,0.0,0.0,0.0,0.0,0.0,0.0,0.0,0.0,0.0,0.0,0.0,0.0,0.0,0.0,0.0,0.0,0.0,0.0,0.0,0.0,0.0,0.0,0.0,0.0,0.0,0.0,0.0,0.0,0.0,0.0,0.0,0.0,0.0,0.0,0.0,0.0,0.0,0.0,0.0,0.0,0.0,0.0,0.0,0.0,0.0,0.0,0.0,0.0,0.0,0.0,0.0,0.0,0.0,0.0,0.0,0.0,0.0,0.0,0.0,0.0,0.0,0.0,0.0,0.0,0.0,0.0,0.0,0.0,0.0,0.0,0.0,0.0,0.0,0.0,0.0,0.0,0.0,0.0,0.0,0.0,0.0,0.0,0.0,0.0,0.0,0.0,0.0,0.0,0.0,0.0,0.0,0.0,0.0,0.0,0.0,0.0,0.0,0.0,0.0,0.0,0.0,0.0,0.0,0.0,0.0,0.0,0.0,0.0,0.0,0.0,0.0,0.0,0.0,0.0,0.0,0.0,0.0,0.0,0.0,0.0,0.0,0.0,0.0,0.0,0.0,0.0,0.0,0.0,0.0,0.0,0.0,0.0,0.0,0.0,0.0,0.0,0.0,0.0,0.0,0.0,0.0,0.0,0.0,0.0,0.0,0.0,0.0,0.0,0.0,0.0,0.0,0.0,0.0,0.0,0.0,0.0,0.0,0.0,0.0,0.0,0.0,0.0,0.0,0.0,0.0,0.0,0.0,0.0,0.0,0.0,0.0,0.0,0.0,0.0,0.0,0.0,0.0,0.0,0.0,0.0,0.0,0.0,0.0,0.0,0.0,0.0,0.0,0.0,0.0,0.0,0.0,0.0,0.0,0.0,0.0,0.0,0.0,0.0,0.0,0.0,0.0,0.0,0.0,0.0,0.0,0.0,0.0,0.0,0.0,0.0,0.0,0.0,0.0,0.0,0.0,0.0,0.0,0.0,0.0,0.0,0.0,0.0,0.0,0.0,0.0,0.0,0.0,0.0,0.0,0.0,0.0,0.0,0.0,0.0,0.0,0.0,0.0,0.0,0.0,0.0,0.0,0.0,0.0,0.0,0.0,0.0,0.0,0.0,0.0,0.0,0.0,0.0,0.0,0.0,0.0,0.0,0.0,0.0,0.0,0.0,0.0,0.0,0.0,0.0,0.0,0.0,0.0,0.0,0.0,0.0,0.0,0.0,0.0,0.0,0.0,0.0,0.0,0.0,0.0,0.0,0.0,0.0,0.0,0.0,0.0,0.0,0.0,0.0,0.0,0.0,0.0,0.0,0.0,0.0,0.0,0.0,0.0,0.0,0.0,0.0,0.0,0.0,0.0,0.0,0.0,0.0,0.0,0.0,0.0,0.0,0.0,0.0,0.0,0.0,0.0,0.0,0.0,0.0,0.0,0.0,0.0,0.0,0.0,0.0,0.0,0.0,0.0,0.0,0.0,0.0,0.0,0.0,0.0,0.0,0.0,0.0,0.0,0.0,0.0,0.0,0.0,0.0,0.0,0.0,0.0,0.0,0.0,0.0,0.0,0.0,0.0,0.0,0.0,0.0,0.0,0.0,0.0,0.0,0.0,0.0,0.0,0.0,0.0,0.0,0.0,0.0,0.0,0.0,0.0,0.0,0.0,0.0,0.0,0.0,0.0,0.0,0.0,0.0,0.0,0.0,0.0,0.0,0.0,0.0,0.0,0.0,0.0,0.0,0.0,0.0,0.0,0.0,0.0,0.0,0.0,0.0,0.0,0.0,0.0,0.0,0.0,0.0,0.0,0.0,0.0,0.0,0.0,0.0,0.0,0.0,0.0,0.0,0.0,0.0,0.0,0.0,0.0,0.0,0.0,0.0,0.0,0.0,0.0,0.0,0.0,0.0,0.0,0.0,0.0,0.0,0.0,0.0,0.0,0.0,0.0,0.0,0.0,0.0,0.0,0.0,0.0,0.0,0.0,0.0,0.0,0.0,0.0,0.0,0.0,0.0,0.0,0.0,0.0,0.0,0.0,0.0,0.0,0.0,0.0,0.0,0.0,0.0,0.0,0.0,0.0,0.0,0.0,0.0,0.0,0.0,0.0,0.0,0.0,0.0,0.0,0.0,0.0,0.0,0.0,0.0,0.0,0.0,0.0,0.0,0.0,0.0,0.0,0.0,0.0,0.0,0.0,0.0,0.0,0.0,0.0,0.0,0.0,0.0,0.0,0.0,0.0,0.0,0.0,0.0,0.0,0.0,0.0,0.0,0.0,0.0,0.0,0.0,0.0,0.0,0.0,0.0,0.0,0.0,0.0,0.0,0.0,0.0,0.0,0.0,0.0,0.0,0.0,0.0,0.0,0.0,0.0,0.0,0.0,0.0,0.0,0.0,0.0,0.0,0.0,0.0,0.0,0.0,0.0,0.0,0.0,0.0,0.0,0.0,0.0,0.0,0.0,0.0,0.0,0.0,0.0,0.0,0.0,0.0,0.0,0.0,0.0,0.0,0.0,0.0,0.0,0.0,0.0,0.0,0.0,0.0,0.0,0.0,0.0,0.0,0.0,0.0,0.0,0.0,0.0,0.0,0.0,0.0,0.0,0.0,0.0,0.0,0.0,0.0,0.0,0.0,0.0,0.0,0.0,0.0,0.0,0.0,0.0,0.0,0.0,0.0,0.0,0.0,0.0,0.0,0.0,0.0,0.0,0.0,0.0,0.0,0.0,0.0,0.0,0.0,0.0,0.0,0.0,0.0,0.0,0.0,0.0,0.0,0.0,0.0,0.0,0.0,0.0,0.0,0.0,0.0,0.0,0.0,0.0,0.0,0.0,0.0,0.0,0.0,0.0,0.0,0.0,0.0,0.0,0.0,0.0,0.0,0.0,0.0,0.0,0.0,0.0,0.0,0.0,0.0,0.0,0.0,0.0,0.0,0.0,0.0,0.0,0.0,0.0,0.0,0.0,0.0,0.0,0.0,0.0,0.0,0.0,0.0,0.0,0.0,0.0,0.0,0.0,0.0,0.0,0.0,0.0,0.0,0.0,0.0,0.0,0.0,0.0,0.0,0.0,0.0,0.0,0.0,0.0,0.0,0.0,0.0,0.0,0.0,0.0,0.0,0.0,0.0,0.0,0.0,0.0,0.0,0.0,0.0,0.0,0.0,0.0,0.0,0.0,0.0,0.0,0.0,0.0,0.0,0.0,0.0,0.0,0.0,0.0,0.0,0.0,0.0,0.0,0.0,0.0,0.0,0.0,0.0,0.0,0.0,0.0,0.0,0.0,0.0,0.0,0.0,0.0,0.0,0.0,0.0,0.0,0.0,0.0,0.0,0.0,0.0,0.0,0.0,0.0,0.0,0.0,0.0,0.0,0.0,0.0,0.0,0.0,0.0,0.0,0.0,0.0,0.0,0.0,0.0,0.0,0.0,0.0,0.0,0.0,0.0,0.0,0.0,0.0,0.0,0.0,0.0,0.0,0.0,0.0,0.0,0.0,0.0,0.0,0.0,0.0,0.0,0.0,0.0,0.0,0.0,0.0,0.0,0.0,0.0,0.0,0.0,0.0,0.0,0.0,0.0,0.0,0.0,0.0,0.0,0.0,0.0,0.0,0.0,0.0,0.0,0.0,0.0,0.0,0.0,0.0,0.0,0.0,0.0,0.0,0.0,0.0,0.0,0.0,0.0,0.0,0.0,0.0,0.0,0.0,0.0,0.0,0.0,0.0,0.0,0.0,0.0,0.0,0.0,0.0,0.0,0.0,0.0,0.0,0.0,0.0,0.0,0.0,0.0,0.0,0.0,0.0,0.0,0.0,0.0,0.0,0.0,0.0,0.0,0.0,0.0,0.0,0.0,0.0,0.0,0.0,0.0,0.0,0.0,0.0,0.0,0.0,0.0,0.0,0.0,0.0,0.0,0.0,0.0,0.0,0.0,0.0,0.0,0.0,0.0,0.0,0.0,0.0,0.0,0.0,0.0,0.0,0.0,0.0,0.0,0.0,0.0,0.0,0.0,0.0,0.0,0.0,0.0,0.0,0.0,0.0,0.0,0.0,0.0,0.0,0.0,0.0,0.0,0.0,0.0,0.0,0.0,0.0,0.0,0.0,0.0,0.0,0.0,0.0,0.0,0.0,0.0,0.0,0.0,0.0,0.0,0.0,0.0,0.0,0.0,0.0,0.0,0.0,0.0,0.0,0.0,0.0,0.0,0.0,0.0,0.0,0.0,0.0,0.0,0.0,0.0,0.0,0.0,0.0,0.0,0.0,0.0,0.0,0.0,0.0,0.0,0.0,0.0,0.0,0.0,0.0,0.0,0.0,0.0,0.0,0.0,0.0,0.0,0.0,0.0,0.0,0.0,0.0,0.0,0.0,0.0,0.0,0.0,0.0,0.0,0.0,0.0,0.0,0.0,0.0,0.0,0.0,0.0,0.0,0.0,0.0,0.0,0.0,0.0,0.0,0.0,0.0,0.0,0.0,0.0,0.0,0.0,0.0,0.0,0.0,0.0,0.0,0.0,0.0,0.0,0.0,0.0,0.0,0.0,0.0,0.0,0.0,0.0,0.0,0.0,0.0,0.0,0.0,0.0,0.0,0.0,0.0,0.0,0.0,0.0,0.0,0.0,0.0,0.0,0.0,0.0,0.0,0.0,0.0,0.0,0.0,0.0,0.0,0.0,0.0,0.0,0.0,0.0,0.0,0.0,0.0,0.0,0.0,0.0,0.0,0.0,0.0,0.0,0.0,0.0,0.0,0.0,0.0,0.0,0.0,0.0,0.0,0.0,0.0,0.0,0.0,0.0,0.0,0.0,0.0,0.0,0.0,0.0,0.0,0.0,0.0,0.0,0.0,0.0,0.0,0.0,0.0,0.0,0.0,0.0,0.0,0.0,0.0,0.0,0.0,0.0,0.0,0.0,0.0,0.0,0.0,0.0,0.0,0.0,0.0,0.0,0.0,0.0,0.0,0.0,0.0,0.0,0.0,0.0,0.0,0.0,0.0,0.0,0.0,0.0,0.0,0.0,0.0,0.0,0.0,0.0,0.0,0.0,0.0,0.0,0.0,0.0,0.0,0.0,0.0,0.0,0.0,0.0,0.0,0.0,0.0,0.0,0.0,0.0,-0.0,0.0,0.0,0.0,0.0,0.0,0.0,0.0,0.0,0.0,0.0,0.0,0.0,0.0,0.0,0.0,0.0,0.0,0.0,0.0,0.0,0.0,0.0,-0.0,0.0,0.0,-0.0,0.0,-0.0,0.0,0.0,0.0,0.0,0.0,0.0,-0.0,-0.0,0.0,0.0,0.0,0.0,0.0,0.0,0.0,0.0,0.0,-0.0,0.0,-0.0,0.0,0.0,0.0,-0.0,-0.0,-0.0,0.0,-0.0,-0.0,0.0,0.0,0.0,-0.0,0.0,0.0,-0.0,0.0,-0.0,-0.0,-0.0,-0.0,-0.0,-0.0,0.0,0.0,-0.0,-0.0,-0.0,-0.0,-0.0,-0.0,0.0,0.0,0.0,0.0,0.0,0.0,-0.0,-0.0,0.0,-0.0,0.0,0.0,-0.0,-0.0,-0.0,0.0,0.0,0.0,0.0,0.0,-0.0,-0.0,-0.0,-0.0,-0.0,0.0,0.0,0.0,0.0,0.0,0.0,-0.0,-0.0,0.0,0.0,0.0,-0.0,-0.0,-0.0,-0.0,0.0,0.0
dy,0.0,0.0,0.0,0.0,0.0,0.0,0.0,0.0,0.0,0.0,0.0,0.0,0.0,0.0,0.0,0.0,0.0,0.0,0.0,0.0,0.0,0.0,0.0,0.0,0.0,0.0,0.0,0.0,0.0,0.0,0.0,0.0,0.0,0.0,0.0,0.0,0.0,0.0,0.0,0.0,0.0,0.0,0.0,0.0,0.0,0.0,0.0,0.0,0.0,0.0,0.0,0.0,0.0,0.0,0.0,0.0,0.0,0.0,0.0,0.0,0.0,0.0,0.0,0.0,0.0,0.0,0.0,0.0,0.0,0.0,0.0,0.0,0.0,0.0,0.0,0.0,0.0,0.0,0.0,0.0,0.0,0.0,0.0,0.0,0.0,0.0,0.0,0.0,0.0,0.0,0.0,0.0,0.0,0.0,0.0,0.0,0.0,0.0,0.0,0.0,0.0,0.0,0.0,0.0,0.0,0.0,0.0,0.0,0.0,0.0,0.0,0.0,0.0,0.0,0.0,0.0,0.0,0.0,0.0,0.0,0.0,0.0,0.0,0.0,0.0,0.0,0.0,0.0,0.0,0.0,0.0,-0.0,0.0,0.0,0.0,0.0,0.0,0.0,0.0,0.0,0.0,0.0,0.0,0.0,0.0,0.0,0.0,0.0,0.0,0.0,0.0,0.0,0.0,0.0,0.0,0.0,0.0,0.0,0.0,0.0,0.0,0.0,0.0,0.0,0.0,0.0,0.0,0.0,0.0,0.0,0.0,-0.0,0.0,0.0,0.0,0.0,0.0,0.0,0.0,0.0,0.0,0.0,0.0,0.0,0.0,0.0,0.0,0.0,0.0,0.0,0.0,0.0,0.0,0.0,0.0,0.0,0.0,0.0,0.0,0.0,0.0,0.0,-0.0,0.0,0.0,0.0,0.0,0.0,0.0,0.0,0.0,0.0,0.0,0.0,0.0,0.0,0.0,0.0,0.0,0.0,0.0,0.0,0.0,0.0,0.0,0.0,0.0,0.0,0.0,0.0,0.0,0.0,-0.0,0.0,0.0,0.0,0.0,0.0,0.0,0.0,0.0,0.0,0.0,0.0,0.0,0.0,0.0,0.0,0.0,0.0,0.0,0.0,0.0,0.0,0.0,0.0,0.0,0.0,0.0,0.0,0.0,0.0,0.0,0.0,0.0,0.0,0.0,0.0,0.0,0.0,0.0,0.0,-0.0,0.0,0.0,0.0,0.0,0.0,0.0,0.0,0.0,0.0,0.0,0.0,0.0,0.0,0.0,0.0,0.0,0.0,0.0,0.0,0.0,0.0,0.0,0.0,0.0,0.0,0.0,0.0,0.0,0.0,0.0,-0.0,0.0,0.0,0.0,0.0,0.0,0.0,0.0,0.0,0.0,0.0,0.0,0.0,0.0,0.0,0.0,0.0,0.0,0.0,0.0,0.0,0.0,0.0,0.0,0.0,0.0,0.0,0.0,0.0,0.0,-0.0,0.0,0.0,0.0,0.0,0.0,0.0,0.0,0.0,0.0,0.0,0.0,0.0,0.0,0.0,0.0,0.0,0.0,0.0,0.0,0.0,0.0,0.0,0.0,0.0,0.0,0.0,0.0,0.0,0.0,0.0,0.0,0.0,0.0,0.0,0.0,0.0,0.0,0.0,0.0,-0.0,0.0,0.0,0.0,0.0,0.0,0.0,0.0,0.0,0.0,0.0,0.0,0.0,0.0,0.0,0.0,0.0,0.0,0.0,0.0,0.0,0.0,0.0,0.0,0.0,0.0,0.0,0.0,0.0,0.0,-0.0,-0.0,0.0,0.0,0.0,0.0,0.0,0.0,0.0,0.0,0.0,0.0,0.0,0.0,0.0,0.0,0.0,0.0,0.0,0.0,0.0,0.0,0.0,0.0,0.0,0.0,0.0,0.0,0.0,0.0,0.0,0.0,0.0,0.0,0.0,0.0,0.0,0.0,0.0,0.0,0.0,0.0,0.0,0.0,0.0,0.0,0.0,0.0,0.0,0.0,0.0,0.0,0.0,0.0,0.0,0.0,0.0,0.0,0.0,0.0,0.0,0.0,0.0,0.0,0.0,0.0,0.0,0.0,0.0,0.0,0.0,-0.0,0.0,0.0,0.0,0.0,0.0,0.0,0.0,0.0,0.0,0.0,0.0,0.0,0.0,0.0,0.0,0.0,0.0,0.0,0.0,0.0,0.0,0.0,0.0,0.0,0.0,0.0,0.0,0.0,0.0,-0.0,-0.0,0.0,0.0,0.0,0.0,0.0,0.0,0.0,0.0,0.0,0.0,0.0,0.0,0.0,0.0,0.0,0.0,0.0,0.0,0.0,0.0,0.0,0.0,0.0,0.0,0.0,0.0,0.0,0.0,0.0,-0.0,0.0,0.0,0.0,0.0,0.0,0.0,0.0,0.0,0.0,0.0,0.0,0.0,0.0,0.0,0.0,0.0,0.0,0.0,0.0,0.0,0.0,0.0,0.0,0.0,0.0,0.0,0.0,0.0,0.0,0.0,0.0,0.0,0.0,0.0,0.0,0.0,0.0,0.0,0.0,-0.0,0.0,0.0,0.0,0.0,0.0,0.0,0.0,0.0,0.0,0.0,0.0,0.0,0.0,0.0,0.0,0.0,0.0,0.0,0.0,0.0,0.0,0.0,0.0,0.0,0.0,0.0,0.0,0.0,0.0,-0.0,-0.0,0.0,0.0,0.0,0.0,0.0,0.0,0.0,0.0,0.0,0.0,0.0,0.0,0.0,0.0,0.0,0.0,0.0,0.0,0.0,0.0,0.0,0.0,0.0,0.0,0.0,0.0,0.0,0.0,0.0,-0.0,0.0,0.0,0.0,0.0,0.0,0.0,0.0,0.0,0.0,0.0,0.0,0.0,0.0,0.0,0.0,0.0,0.0,0.0,0.0,0.0,0.0,0.0,0.0,0.0,0.0,0.0,0.0,0.0,0.0,0.0,0.0,0.0,0.0,0.0,0.0,0.0,0.0,0.0,0.0,-0.0,0.0,0.0,0.0,0.0,0.0,0.0,0.0,0.0,0.0,0.0,0.0,0.0,0.0,0.0,0.0,0.0,0.0,0.0,0.0,0.0,0.0,0.0,0.0,0.0,0.0,0.0,0.0,0.0,0.0,0.0,-0.0,0.0,0.0,0.0,0.0,0.0,0.0,0.0,0.0,0.0,0.0,0.0,0.0,0.0,0.0,0.0,0.0,0.0,0.0,0.0,0.0,0.0,0.0,0.0,0.0,0.0,0.0,0.0,0.0,0.0,-0.0,0.0,0.0,0.0,0.0,0.0,0.0,0.0,0.0,0.0,0.0,0.0,0.0,0.0,0.0,0.0,0.0,0.0,0.0,0.0,0.0,0.0,0.0,0.0,0.0,0.0,0.0,0.0,0.0,0.0,0.0,0.0,0.0,0.0,0.0,0.0,0.0,0.0,0.0,0.0,-0.0,0.0,0.0,0.0,0.0,0.0,0.0,0.0,0.0,0.0,0.0,0.0,0.0,0.0,0.0,0.0,0.0,0.0,0.0,0.0,0.0,0.0,0.0,0.0,0.0,0.0,0.0,0.0,0.0,0.0,-0.0,0.0,0.0,0.0,0.0,0.0,0.0,0.0,0.0,0.0,0.0,0.0,0.0,0.0,0.0,0.0,0.0,0.0,0.0,0.0,0.0,0.0,0.0,0.0,0.0,0.0,0.0,0.0,0.0,0.0,0.0,-0.0,0.0,0.0,0.0,0.0,0.0,0.0,0.0,0.0,0.0,0.0,0.0,0.0,0.0,0.0,0.0,0.0,0.0,0.0,0.0,0.0,0.0,0.0,0.0,0.0,0.0,0.0,0.0,0.0,0.0,0.0,0.0,0.0,0.0,0.0,0.0,0.0,0.0,0.0,0.0,-0.0,0.0,0.0,0.0,0.0,0.0,0.0,0.0,0.0,0.0,0.0,0.0,0.0,0.0,0.0,0.0,0.0,0.0,0.0,0.0,0.0,0.0,0.0,0.0,0.0,0.0,0.0,0.0,0.0,0.0,0.0,0.0,0.0,0.0,0.0,0.0,0.0,0.0,0.0,0.0,0.0,0.0,0.0,0.0,0.0,0.0,0.0,0.0,0.0,0.0,0.0,0.0,0.0,0.0,0.0,0.0,0.0,0.0,0.0,0.0,0.0,-0.0,0.0,0.0,0.0,0.0,0.0,0.0,0.0,0.0,0.0,0.0,0.0,0.0,0.0,0.0,0.0,0.0,0.0,0.0,0.0,0.0,0.0,0.0,0.0,0.0,0.0,0.0,0.0,0.0,0.0,0.0,0.0,0.0,0.0,0.0,0.0,0.0,0.0,0.0,0.0,0.0,0.0,0.0,0.0,0.0,0.0,0.0,0.0,0.0,0.0,0.0,0.0,0.0,0.0,0.0,0.0,0.0,0.0,0.0,0.0,0.0,0.0,0.0,0.0,0.0,0.0,0.0,0.0,0.0,0.0,0.0,0.0,0.0,0.0,0.0,0.0,0.0,0.0,0.0,0.0,0.0,0.0,0.0,0.0,0.0,0.0,0.0,0.0,0.0,0.0,0.0,0.0,0.0,0.0,0.0,0.0,0.0,0.0,0.0,0.0,0.0,-0.0,0.0,0.0,0.0,0.0,0.0,0.0,0.0,0.0,0.0,0.0,0.0,0.0,0.0,0.0,0.0,0.0,0.0,0.0,0.0,0.0,0.0,0.0,0.0,0.0,0.0,0.0,0.0,0.0,0.0,0.0,0.0,0.0,0.0,0.0,0.0,0.0,0.0,0.0,0.0,-0.0,0.0,0.0,0.0,0.0,0.0,0.0,0.0,0.0,0.0,0.0,0.0,0.0,0.0,0.0,0.0,0.0,0.0,0.0,0.0,0.0,0.0,0.0,0.0,0.0,0.0,0.0,0.0,0.0,0.0,-0.0,-0.0,0.0,0.0,0.0,0.0,0.0,0.0,0.0,0.0,0.0,0.0,0.0,0.0,0.0,0.0,0.0,0.0,0.0,0.0,0.0,0.0,0.0,0.0,0.0,0.0,0.0,0.0,0.0,0.0,0.0,-0.0,0.0,0.0,0.0,0.0,0.0,0.0,0.0,0.0,0.0,0.0,0.0,0.0,0.0,0.0,0.0,0.0,0.0,0.0,0.0,0.0,0.0,0.0,0.0,0.0,0.0,0.0,0.0,0.0,0.0,0.0,0.0,0.0,0.0,0.0,0.0,0.0,0.0,0.0,0.0,-0.0,0.0,0.0,0.0,0.0,0.0,0.0,0.0,0.0,0.0,0.0,0.0,0.0,0.0,0.0,0.0,0.0,0.0,0.0,0.0,0.0,0.0,0.0,0.0,0.0,0.0,0.0,0.0,0.0,0.0,-0.0,-0.0,0.0,0.0,0.0,0.0,0.0,0.0,0.0,0.0,0.0,0.0,0.0,0.0,0.0,0.0,0.0,0.0,0.0,0.0,0.0,0.0,0.0,0.0,0.0,0.0,0.0,0.0,0.0,0.0,0.0,-0.0,0.0,0.0,0.0,0.0,0.0,0.0,0.0,0.0,0.0,0.0,0.0,0.0,0.0,0.0,0.0,0.0,0.0,0.0,0.0,0.0,0.0,0.0,0.0,0.0,0.0,0.0,0.0,0.0,0.0,0.0,0.0,0.0,0.0,0.0,0.0,0.0,0.0,0.0,0.0,-0.0,0.0,0.0,0.0,0.0,0.0,0.0,0.0,0.0,0.0,0.0,0.0,0.0,0.0,0.0,0.0,0.0,0.0,0.0,0.0,0.0,0.0,0.0,0.0,0.0,0.0,0.0,0.0,0.0,0.0,-0.0,0.0,0.0,0.0,0.0,0.0,0.0,0.0,0.0,0.0,0.0,0.0,0.0,0.0,0.0,0.0,0.0,0.0,0.0,0.0,0.0,0.0,0.0,0.0,0.0,0.0,0.0,0.0,0.0,0.0,0.0,-0.0,0.0,0.0,0.0,0.0,0.0,0.0,0.0,0.0,0.0,0.0,0.0,0.0,0.0,0.0,0.0,0.0,0.0,0.0,0.0,0.0,0.0,0.0,0.0,0.0,0.0,0.0,0.0,0.0,0.0,0.0,0.0,0.0,0.0,0.0,0.0,0.0,0.0,0.0,0.0,-0.0,0.0,0.0,0.0,0.0,0.0,0.0,0.0,0.0,0.0,0.0,0.0,0.0,0.0,0.0,0.0,0.0,0.0,0.0,0.0,0.0,0.0,0.0,0.0,0.0,0.0,0.0,0.0,0.0,0.0,-0.0,0.0,0.0,0.0,0.0,0.0,0.0,0.0,0.0,0.0,0.0,0.0,0.0,0.0,0.0,0.0,0.0,0.0,0.0,0.0,0.0,0.0,0.0,0.0,0.0,0.0,0.0,0.0,0.0,0.0,0.0,-0.0,0.0,0.0,0.0,0.0,0.0,0.0,0.0,0.0,0.0,0.0,0.0,0.0,0.0,0.0,0.0,0.0,0.0,0.0,0.0,0.0,0.0,0.0,0.0,0.0,0.0,0.0,0.0,0.0,0.0,0.0,0.0,0.0,0.0,0.0,0.0,0.0,0.0,0.0,0.0,-0.0,0.0,0.0,0.0,0.0,0.0,0.0,0.0,0.0,0.0,0.0,0.0,0.0,0.0,0.0,0.0,0.0,0.0,0.0,0.0,0.0,0.0,0.0,0.0,0.0,0.0,0.0,0.0,0.0,0.0,0.0,-0.0,0.0,0.0,0.0,0.0,0.0,0.0,0.0,0.0,0.0,0.0,0.0,0.0,0.0,0.0,0.0,0.0,0.0,0.0,0.0,0.0,0.0,0.0,0.0,0.0,0.0,0.0,0.0,0.0,0.0,-0.0,0.0,0.0,0.0,0.0,0.0,0.0,0.0,0.0,0.0,0.0,0.0,0.0,0.0,0.0,0.0,0.0,0.0,0.0,0.0,0.0,0.0,0.0,0.0,0.0,0.0,0.0,0.0,0.0,0.0,0.0,0.0,0.0,0.0,0.0,0.0,0.0,0.0,0.0,0.0,-0.0,0.0,0.0,0.0,0.0,0.0,0.0,0.0,0.0,0.0,0.0,0.0,0.0,0.0,0.0,0.0,0.0,0.0,0.0,0.0,0.0,0.0,0.0,0.0,0.0,0.0,0.0,0.0,0.0,0.0,-0.0,0.0,0.0,0.0,0.0,0.0,0.0,0.0,0.0,0.0,0.0,0.0,0.0,0.0,0.0,0.0,0.0,0.0,0.0,0.0,0.0,0.0,0.0,0.0,0.0,0.0,0.0,0.0,0.0,0.0,0.0,0.0,0.0,0.0,0.0,0.0,0.0,0.0,0.0,0.0,0.0,0.0,0.0,0.0,0.0,0.0,0.0,0.0,0.0,0.0,0.0,0.0,0.0,0.0,0.0,0.0,0.0,0.0,0.0,0.0,0.0,0.0,0.0,0.0,0.0,0.0,0.0,0.0,0.0,0.0,0.0,0.0,0.0,0.0,0.0,0.0,0.0,0.0,0.0,0.0,0.0,0.0,0.0,0.0,0.0,0.0,0.0,0.0,0.0,0.0,0.0,0.0,0.0,0.0,0.0,0.0,0.0,0.0,0.0,0.0,0.0,0.0,-0.0,0.0,0.0,0.0,0.0,0.0,0.0,0.0,0.0,0.0,0.0,0.0,0.0,0.0,0.0,0.0,0.0,0.0,0.0,0.0,0.0,0.0,0.0,0.0,0.0,0.0,0.0,0.0,0.0,0.0,0.0,0.0,0.0,0.0,0.0,0.0,0.0,0.0,0.0,0.0,0.0,0.0,0.0,0.0,0.0,0.0,0.0,0.0,0.0,0.0,0.0,0.0,0.0,0.0,0.0,0.0,0.0,0.0,0.0,0.0,0.0,0.0,0.0,0.0,0.0,0.0,0.0,0.0,0.0,0.0,0.0,0.0,0.0,0.0,0.0,0.0,0.0,0.0,0.0,0.0,0.0,0.0,0.0,0.0,0.0,0.0,0.0,0.0,0.0,0.0,0.0,0.0,0.0,0.0,0.0,0.0,0.0,0.0,0.0,0.0,-0.0,-0.0,0.0,0.0,0.0,0.0,0.0,0.0,0.0,0.0,0.0,0.0,0.0,0.0,0.0,0.0,0.0,0.0,0.0,0.0,0.0,0.0,0.0,0.0,0.0,0.0,0.0,0.0,0.0,0.0,0.0,0.0,0.0,0.0,0.0,0.0,0.0,0.0,0.0,0.0,0.0,0.0,0.0,0.0,0.0,0.0,0.0,0.0,0.0,0.0,0.0,0.0,0.0,0.0,0.0,0.0,0.0,0.0,0.0,0.0,0.0,0.0,0.0,0.0,0.0,0.0,0.0,0.0,0.0,0.0,0.0,0.0,0.0,0.0,0.0,0.0,0.0,0.0,0.0,0.0,0.0,0.0,0.0,0.0,0.0,0.0,0.0,0.0,0.0,0.0,0.0,0.0,0.0,0.0,0.0,0.0,0.0,0.0,0.0,0.0,0.0,-0.0,0.0,0.0,0.0,0.0,0.0,0.0,0.0,0.0,0.0,0.0,0.0,0.0,0.0,0.0,0.0,0.0,0.0,0.0,0.0,0.0,0.0,0.0,0.0,0.0,0.0,0.0,0.0,0.0,0.0,0.0,-0.0,0.0,0.0,0.0,0.0,0.0,0.0,0.0,0.0,0.0,0.0,0.0,0.0,0.0,0.0,0.0,0.0,0.0,0.0,0.0,0.0,0.0,0.0,0.0,0.0,0.0,0.0,0.0,0.0,0.0,0.0,0.0,0.0,0.0,0.0,0.0,0.0,0.0,0.0,0.0,-0.0,0.0,0.0,0.0,0.0,0.0,0.0,0.0,0.0,0.0,0.0,0.0,0.0,0.0,0.0,0.0,0.0,0.0,0.0,0.0,0.0,0.0,0.0,0.0,0.0,0.0,0.0,0.0,0.0,0.0,-0.0,-0.0,0.0,0.0,0.0,0.0,0.0,0.0,0.0,0.0,0.0,0.0,0.0,0.0,0.0,0.0,0.0,0.0,0.0,0.0,0.0,0.0,0.0,0.0,0.0,0.0,0.0,0.0,0.0,0.0,0.0,-0.0,0.0,0.0,0.0,0.0,0.0,0.0,0.0,0.0,0.0,0.0,0.0,0.0,0.0,0.0,0.0,0.0,0.0,0.0,0.0,0.0,0.0,0.0,0.0,0.0,0.0,0.0,0.0,0.0,0.0,0.0,0.0,0.0,0.0,0.0,0.0,0.0,0.0,0.0,0.0,-0.0,0.0,0.0,0.0,0.0,0.0,0.0,0.0,0.0,0.0,0.0,0.0,0.0,0.0,0.0,0.0,0.0,0.0,0.0,0.0,0.0,0.0,0.0,0.0,0.0,0.0,0.0,0.0,0.0,0.0,0.0,0.0,0.0,0.0,0.0,0.0,0.0,0.0,0.0,0.0,0.0,0.0,0.0,0.0,0.0,0.0,0.0,0.0,0.0,0.0,0.0,0.0,0.0,0.0,0.0,0.0,0.0,0.0,0.0,0.0,0.0,0.0,0.0,0.0,0.0,0.0,0.0,0.0,0.0,0.0,0.0,0.0,0.0,0.0,0.0,0.0,0.0,0.0,0.0,0.0,0.0,0.0,0.0,0.0,0.0,0.0,0.0,0.0,0.0,0.0,0.0,0.0,0.0,0.0,0.0,0.0,0.0,0.0,0.0,0.0,0.0,-0.0,0.0,0.0,0.0,0.0,0.0,0.0,0.0,0.0,0.0,0.0,0.0,0.0,0.0,0.0,0.0,0.0,0.0,0.0,0.0,0.0,0.0,0.0,0.0,0.0,0.0,0.0,0.0,0.0,0.0,0.0,0.0,0.0,0.0,0.0,0.0,0.0,0.0,0.0,0.0,0.0,0.0,0.0,0.0,0.0,0.0,0.0,0.0,0.0,0.0,0.0,0.0,0.0,0.0,0.0,0.0,0.0,0.0,0.0,0.0,0.0,0.0,0.0,0.0,0.0,0.0,0.0,0.0,0.0,0.0,0.0,0.0,0.0,0.0,0.0,0.0,0.0,0.0,0.0,0.0,0.0,0.0,0.0,0.0,0.0,0.0,0.0,0.0,0.0,0.0,0.0,0.0,0.0,0.0,0.0,0.0,0.0,0.0,0.0,0.0,0.0,-0.0,0.0,0.0,0.0,0.0,0.0,0.0,0.0,0.0,0.0,0.0,0.0,0.0,0.0,0.0,0.0,0.0,0.0,0.0,0.0,0.0,0.0,0.0,0.0,0.0,0.0,0.0,0.0,0.0,0.0,0.0,0.0,0.0,0.0,0.0,0.0,0.0,0.0,0.0,0.0,0.0,0.0,0.0,0.0,0.0,0.0,0.0,0.0,0.0,0.0,0.0,0.0,0.0,0.0,0.0,0.0,0.0,0.0,0.0,0.0,0.0,-0.0,0.0,0.0,0.0,0.0,0.0,0.0,0.0,0.0,0.0,0.0,0.0,0.0,0.0,0.0,0.0,0.0,0.0,0.0,0.0,0.0,0.0,0.0,0.0,0.0,0.0,0.0,0.0,0.0,0.0,0.0,0.0,0.0,0.0,0.0,0.0,0.0,0.0,0.0,0.0,-0.0,0.0,0.0,0.0,0.0,0.0,0.0,0.0,0.0,0.0,0.0,0.0,0.0,0.0,0.0,0.0,0.0,0.0,0.0,0.0,0.0,0.0,0.0,0.0,0.0,0.0,0.0,0.0,0.0,0.0,0.0,0.0,0.0,0.0,0.0,0.0,0.0,0.0,0.0,0.0,0.0,0.0,0.0,0.0,0.0,0.0,0.0,0.0,0.0,0.0,0.0,0.0,0.0,0.0,0.0,0.0,0.0,0.0,0.0,0.0,0.0,-0.0,0.0,0.0,0.0,0.0,0.0,0.0,0.0,0.0,0.0,0.0,0.0,0.0,0.0,0.0,0.0,0.0,0.0,0.0,0.0,0.0,0.0,0.0,0.0,0.0,0.0,0.0,0.0,0.0,0.0,0.0,0.0,0.0,0.0,0.0,0.0,0.0,0.0,0.0,0.0,-0.0,0.0,0.0,0.0,0.0,0.0,0.0,0.0,0.0,0.0,0.0,0.0,0.0,0.0,0.0,0.0,0.0,0.0,0.0,0.0,0.0,0.0,0.0,0.0,0.0,0.0,0.0,0.0,0.0,0.0,0.0,-0.0,0.0,0.0,0.0,0.0,0.0,0.0,0.0,0.0,0.0,0.0,0.0,0.0,0.0,0.0,0.0,0.0,0.0,0.0,0.0,0.0,0.0,0.0,0.0,0.0,0.0,0.0,0.0,0.0,0.0,-0.0,0.0,0.0,0.0,0.0,0.0,0.0,0.0,0.0,0.0,0.0,0.0,0.0,0.0,0.0,0.0,0.0,0.0,0.0,0.0,0.0,0.0,0.0,0.0,0.0,0.0,0.0,0.0,0.0,0.0,0.0,0.0,0.0,0.0,0.0,0.0,0.0,0.0,0.0,0.0,-0.0,0.0,0.0,0.0,0.0,0.0,0.0,0.0,0.0,0.0,0.0,0.0,0.0,0.0,0.0,0.0,0.0,0.0,0.0,0.0,0.0,0.0,0.0,0.0,0.0,0.0,0.0,0.0,0.0,0.0,0.0,-0.0,0.0,0.0,0.0,0.0,0.0,0.0,0.0,0.0,0.0,0.0,0.0,0.0,0.0,0.0,0.0,0.0,0.0,0.0,0.0,0.0,0.0,0.0,0.0,0.0,0.0,0.0,0.0,0.0,0.0,-0.0,0.0,0.0,0.0,0.0,0.0,0.0,0.0,0.0,0.0,0.0,0.0,0.0,0.0,0.0,0.0,0.0,0.0,0.0,0.0,0.0,0.0,0.0,0.0,0.0,0.0,0.0,0.0,0.0,0.0,0.0,0.0,0.0,0.0,0.0,0.0,0.0,0.0,0.0,0.0,0.0,0.0,0.0,0.0,0.0,0.0,0.0,0.0,0.0,0.0,0.0,0.0,0.0,0.0,0.0,0.0,0.0,0.0,0.0,0.0,0.0,0.0,0.0,0.0,0.0,0.0,0.0,0.0,0.0,0.0,0.0,-0.0,0.0,0.0,0.0,0.0,0.0,0.0,0.0,0.0,0.0,0.0,0.0,0.0,0.0,0.0,0.0,0.0,0.0,0.0,0.0,0.0,0.0,0.0,0.0,0.0,0.0,0.0,0.0,0.0,0.0,-0.0,0.0,0.0,0.0,0.0,0.0,0.0,0.0,0.0,0.0,0.0,0.0,0.0,0.0,0.0,0.0,0.0,0.0,0.0,0.0,0.0,0.0,0.0,0.0,0.0,0.0,0.0,0.0,0.0,0.0,0.0,0.0,0.0,0.0,0.0,0.0,0.0,0.0,0.0,0.0,-0.0,0.0,0.0,0.0,0.0,0.0,0.0,0.0,0.0,0.0,0.0,0.0,0.0,0.0,0.0,0.0,0.0,0.0,0.0,0.0,0.0,0.0,0.0,0.0,0.0,0.0,0.0,0.0,0.0,0.0,0.0,0.0,0.0,0.0,0.0,0.0,0.0,0.0,0.0,0.0,0.0,0.0,0.0,0.0,0.0,0.0,0.0,0.0,0.0,0.0,0.0,0.0,0.0,0.0,0.0,0.0,0.0,0.0,0.0,0.0,0.0,-0.0,-0.0,0.0,0.0,0.0,0.0,0.0,0.0,0.0,0.0,0.0,0.0,0.0,0.0,0.0,0.0,0.0,0.0,0.0,0.0,0.0,0.0,0.0,0.0,0.0,0.0,0.0,0.0,0.0,0.0,0.0,0.0,0.0,0.0,0.0,0.0,0.0,0.0,0.0,0.0,-0.0,0.0,0.0,0.0,0.0,0.0,0.0,0.0,0.0,0.0,0.0,0.0,0.0,0.0,0.0,0.0,0.0,0.0,0.0,0.0,0.0,0.0,0.0,0.0,0.0,0.0,0.0,0.0,0.0,-0.0,-0.0,0.0,0.0,0.0,0.0,0.0,0.0,0.0,0.0,0.0,0.0,0.0,0.0,0.0,0.0,0.0,0.0,0.0,0.0,0.0,0.0,0.0,0.0,0.0,0.0,0.0,0.0,0.0,0.0,0.0,0.0,0.0,0.0,0.0,0.0,0.0,0.0,0.0,0.0,0.0,0.0,0.0,0.0,0.0,0.0,0.0,0.0,0.0,0.0,0.0,0.0,0.0,0.0,0.0,0.0,0.0,0.0,0.0,0.0,0.0,0.0,0.0,0.0,0.0,0.0,0.0,0.0,0.0,0.0,0.0,0.0,-0.0,0.0,0.0,0.0,0.0,0.0,0.0,0.0,0.0,0.0,0.0,0.0,0.0,0.0,0.0,0.0,0.0,0.0,0.0,0.0,0.0,0.0,0.0,0.0,0.0,0.0,0.0,0.0,0.0,0.0,0.0,0.0,0.0,0.0,0.0,0.0,0.0,0.0,0.0,0.0,0.0,0.0,0.0,0.0,0.0,0.0,0.0,0.0,0.0,0.0,0.0,0.0,0.0,0.0,0.0,0.0,0.0,0.0,0.0,0.0,0.0,0.0,0.0,0.0,0.0,0.0,0.0,0.0,0.0,0.0,0.0,0.0,0.0,0.0,0.0,0.0,0.0,0.0,0.0,0.0,0.0,0.0,0.0,0.0,0.0,0.0,0.0,0.0,0.0,0.0,0.0,0.0,0.0,0.0,0.0,0.0,0.0,0.0,0.0,0.0,0.0,0.0,0.0,0.0,0.0,0.0,0.0,0.0,0.0,0.0,0.0,0.0,0.0,0.0,0.0,0.0,0.0,0.0,0.0,0.0,0.0,0.0,0.0,0.0,0.0,0.0,0.0,0.0,0.0,0.0,0.0,0.0,0.0,0.0,0.0,0.0,0.0,0.0,0.0,0.0,0.0,0.0,0.0,0.0,0.0,0.0,0.0,0.0,0.0,0.0,0.0,0.0,0.0,0.0,0.0,0.0,0.0,0.0,0.0,0.0,0.0,0.0,0.0,0.0,0.0,0.0,0.0,0.0,0.0,0.0,0.0,0.0,0.0,0.0,0.0,0.0,0.0,0.0,0.0,0.0,0.0,0.0,0.0,0.0,0.0,0.0,0.0,0.0,0.0,0.0,0.0,0.0,0.0,0.0,0.0,0.0,0.0,0.0,0.0,0.0,0.0,0.0,0.0,0.0,0.0,0.0,0.0,0.0,0.0,0.0,0.0,0.0,0.0,0.0,0.0,0.0,0.0,0.0,0.0,0.0,0.0,0.0,0.0,0.0,0.0,0.0,0.0,0.0,0.0,0.0,0.0,0.0,0.0,-0.0,0.0,0.0,0.0,0.0,0.0,0.0,0.0,0.0,0.0,0.0,0.0,0.0,0.0,0.0,0.0,0.0,0.0,0.0,0.0,0.0,0.0,0.0,0.0,0.0,0.0,0.0,0.0,0.0,0.0,0.0,0.0,0.0,0.0,0.0,0.0,0.0,0.0,0.0,0.0,0.0,0.0,0.0,0.0,0.0,0.0,0.0,0.0,0.0,0.0,0.0,0.0,0.0,0.0,0.0,0.0,0.0,0.0,0.0,0.0,0.0,0.0,0.0,0.0,0.0,0.0,0.0,0.0,0.0,0.0,0.0,0.0,0.0,0.0,0.0,0.0,0.0,0.0,0.0,0.0,0.0,0.0,0.0,0.0,0.0,0.0,0.0,0.0,0.0,0.0,0.0,0.0,0.0,0.0,0.0,0.0,0.0,0.0,0.0,0.0,-0.0,0.0,0.0,0.0,0.0,0.0,0.0,0.0,0.0,0.0,0.0,0.0,0.0,0.0,0.0,0.0,0.0,0.0,0.0,0.0,0.0,0.0,0.0,0.0,0.0,0.0,0.0,0.0,0.0,0.0,0.0,0.0,0.0,0.0,0.0,0.0,0.0,0.0,0.0,0.0,0.0,0.0,0.0,0.0,0.0,0.0,0.0,0.0,0.0,0.0,0.0,0.0,0.0,0.0,0.0,0.0,0.0,0.0,0.0,0.0,0.0,0.0,0.0,0.0,0.0,0.0,0.0,0.0,0.0,0.0,0.0,0.0,0.0,0.0,0.0,0.0,0.0,0.0,0.0,0.0,0.0,0.0,0.0,0.0,0.0,0.0,0.0,0.0,0.0,0.0,0.0,0.0,0.0,0.0,0.0,0.0,0.0,0.0,0.0,0.0,0.0,0.0,-0.0,0.0,0.0,0.0,0.0,0.0,0.0,0.0,0.0,0.0,0.0,0.0,0.0,0.0,0.0,0.0,0.0,0.0,0.0,0.0,0.0,0.0,0.0,0.0,0.0,0.0,0.0,0.0,0.0,0.0,0.0,0.0,0.0,0.0,0.0,0.0,0.0,0.0,0.0,0.0,0.0,0.0,0.0,0.0,0.0,0.0,0.0,0.0,0.0,0.0,0.0,0.0,0.0,0.0,0.0,0.0,0.0,0.0,0.0,0.0,0.0,0.0,0.0,0.0,0.0,0.0,0.0,0.0,0.0,0.0,0.0,0.0,0.0,0.0,0.0,0.0,0.0,0.0,0.0,0.0,0.0,0.0,0.0,0.0,0.0,0.0,0.0,0.0,0.0,0.0,0.0,0.0,0.0,0.0,0.0,0.0,0.0,0.0,0.0,0.0,-0.0,-0.0,0.0,0.0,0.0,0.0,0.0,0.0,0.0,0.0,0.0,0.0,0.0,0.0,0.0,0.0,0.0,0.0,0.0,0.0,0.0,0.0,0.0,0.0,0.0,0.0,0.0,0.0,0.0,0.0,0.0,0.0,0.0,0.0,0.0,0.0,0.0,0.0,0.0,0.0,0.0,0.0,0.0,0.0,0.0,0.0,0.0,0.0,0.0,0.0,0.0,0.0,0.0,0.0,0.0,0.0,0.0,0.0,0.0,0.0,0.0,0.0,0.0,0.0,0.0,0.0,0.0,0.0,0.0,0.0,0.0,0.0,0.0,0.0,0.0,0.0,0.0,0.0,0.0,0.0,0.0,0.0,0.0,0.0,0.0,0.0,0.0,0.0,0.0,0.0,0.0,0.0,0.0,0.0,0.0,0.0,0.0,0.0,0.0,0.0,0.0,-0.0,-0.0,0.0,0.0,0.0,0.0,0.0,0.0,0.0,0.0,0.0,0.0,0.0,0.0,0.0,0.0,0.0,0.0,0.0,0.0,0.0,0.0,0.0,0.0,0.0,0.0,0.0,0.0,0.0,0.0,0.0,0.0,0.0,0.0,0.0,0.0,0.0,0.0,0.0,0.0,0.0,0.0,0.0,0.0,0.0,0.0,0.0,0.0,0.0,0.0,0.0,0.0,0.0,0.0,0.0,0.0,0.0,0.0,0.0,0.0,0.0,0.0,0.0,0.0,0.0,0.0,0.0,0.0,0.0,0.0,0.0,0.0,0.0,0.0,0.0,0.0,0.0,0.0,0.0,0.0,0.0,0.0,0.0,0.0,0.0,0.0,0.0,0.0,0.0,0.0,0.0,0.0,0.0,0.0,0.0,0.0,0.0,0.0,0.0,0.0,0.0,0.0,0.0,0.0,0.0,0.0,0.0,0.0,0.0,0.0,0.0,0.0,0.0,0.0,0.0,0.0,0.0,0.0,0.0,0.0,0.0,0.0,0.0,0.0,0.0,0.0,0.0,0.0,0.0,0.0,0.0,0.0,0.0,0.0,0.0,0.0,0.0,0.0,0.0,0.0,0.0,0.0,0.0,0.0,0.0,0.0,0.0,0.0,0.0,0.0,0.0,0.0,0.0,0.0,0.0,0.0,0.0,0.0,0.0,0.0,0.0,0.0,0.0,0.0,0.0,0.0,0.0,0.0,0.0,0.0,0.0,0.0,0.0,0.0,0.0,0.0,0.0,0.0,0.0,0.0,0.0,0.0,0.0,0.0,0.0,0.0,0.0,0.0,0.0,0.0,0.0,0.0,0.0,0.0,0.0,0.0,0.0,0.0,0.0,0.0,0.0,0.0,0.0,0.0,0.0,0.0,0.0,0.0,0.0,0.0,0.0,0.0,0.0,0.0,0.0,0.0,0.0,0.0,0.0,0.0,0.0,0.0,0.0,0.0,0.0,0.0,0.0,0.0,0.0,0.0,0.0,0.0,0.0,0.0,0.0,0.0,0.0,0.0,0.0,0.0,0.0,0.0,0.0,0.0,0.0,0.0,0.0,0.0,0.0,0.0,0.0,0.0,0.0,0.0,0.0,0.0,0.0,0.0,0.0,0.0,0.0,0.0,0.0,0.0,0.0,0.0,0.0,0.0,0.0,0.0,0.0,0.0,0.0,0.0,0.0,0.0,0.0,0.0,0.0,0.0,0.0,0.0,0.0,0.0,0.0,0.0,0.0,0.0,0.0,0.0,0.0,0.0,0.0,0.0,0.0,0.0,0.0,0.0,0.0,0.0,0.0,0.0,0.0,0.0,0.0,0.0,0.0,0.0,0.0,0.0,0.0,0.0,0.0,0.0,0.0,0.0,0.0,0.0,0.0,0.0,0.0,0.0,0.0,0.0,0.0,0.0,0.0,0.0,0.0,0.0,0.0,0.0,0.0,0.0,0.0,0.0,0.0,0.0,0.0,0.0,0.0,0.0,0.0,0.0,0.0,0.0,0.0,0.0,0.0,0.0,0.0,0.0,0.0,0.0,0.0,0.0,0.0,0.0,0.0,0.0,0.0,0.0,0.0,0.0,0.0,0.0,0.0,0.0,0.0,0.0,0.0,0.0,0.0,0.0,0.0,0.0,0.0,0.0,0.0,0.0,0.0,0.0,0.0,0.0,0.0,0.0,0.0,0.0,0.0,0.0,0.0,0.0,0.0,0.0,0.0,0.0,0.0,0.0,0.0,0.0,0.0,0.0,0.0,0.0,0.0,0.0,0.0,0.0,0.0,0.0,0.0,0.0,0.0,0.0,0.0,0.0,0.0,0.0,0.0,0.0,0.0,0.0,0.0,0.0,0.0,0.0,0.0,0.0,0.0,0.0,0.0,0.0,0.0,0.0,0.0,0.0,0.0,0.0,0.0,0.0,0.0,0.0,0.0,0.0,0.0,0.0,0.0,0.0,0.0,0.0,0.0,0.0,0.0,0.0,0.0,0.0,0.0,0.0,0.0,0.0,0.0,0.0,0.0,0.0,0.0,0.0,0.0,0.0,0.0,0.0,0.0,0.0,0.0,0.0,0.0,0.0,0.0,0.0,0.0,0.0,0.0,0.0,0.0,0.0,0.0,0.0,0.0,0.0,0.0,0.0,0.0,0.0,0.0,0.0,0.0,0.0,0.0,0.0,0.0,0.0,0.0,0.0,0.0,0.0,0.0,0.0,0.0,0.0,0.0,0.0,0.0,0.0,0.0,0.0,0.0,0.0,0.0,0.0,0.0,0.0,0.0,0.0,0.0,0.0,0.0,0.0,0.0,0.0,0.0,0.0,0.0,0.0,0.0,0.0,0.0,0.0,0.0,0.0,0.0,0.0,0.0,0.0,0.0,0.0,0.0,0.0,0.0,0.0,0.0,0.0,0.0,0.0,0.0,0.0,0.0,0.0,0.0,0.0,0.0,0.0,0.0,0.0,0.0,0.0,0.0,0.0,0.0,0.0,0.0,0.0,0.0,0.0,0.0,0.0,0.0,0.0,0.0,0.0,0.0,0.0,0.0,0.0,0.0,0.0,0.0,0.0,0.0,0.0,0.0,0.0,0.0,0.0,0.0,0.0,0.0,0.0,0.0,0.0,0.0,0.0,0.0,0.0,0.0,0.0,0.0,0.0,-0.0,0.0,0.0,0.0,0.0,0.0,0.0,0.0,0.0,0.0,0.0,0.0,0.0,0.0,0.0,0.0,0.0,0.0,0.0,0.0,0.0,0.0,0.0,0.0,0.0,0.0,0.0,0.0,0.0,0.0,0.0,0.0,0.0,0.0,0.0,0.0,0.0,0.0,0.0,0.0,0.0,0.0,0.0,0.0,0.0,0.0,0.0,0.0,0.0,0.0,0.0,0.0,0.0,0.0,0.0,0.0,0.0,0.0,0.0,0.0,0.0,0.0,0.0,0.0,0.0,0.0,0.0,0.0,0.0,0.0,0.0,0.0,0.0,0.0,0.0,0.0,0.0,0.0,0.0,0.0,0.0,0.0,0.0,0.0,0.0,0.0,0.0,0.0,0.0,0.0,0.0,0.0,0.0,0.0,0.0,0.0,0.0,0.0,0.0,0.0,0.0,-0.0,-0.0,0.0,0.0,0.0,0.0,0.0,0.0,0.0,0.0,0.0,0.0,0.0,0.0,0.0,0.0,0.0,0.0,0.0,0.0,0.0,0.0,0.0,0.0,0.0,0.0,0.0,0.0,0.0,0.0,0.0,0.0,0.0,0.0,0.0,0.0,0.0,0.0,0.0,0.0,0.0,0.0,0.0,0.0,0.0,0.0,0.0,0.0,0.0,0.0,0.0,0.0,0.0,0.0,0.0,0.0,0.0,0.0,0.0,0.0,0.0,0.0,0.0,0.0,0.0,0.0,0.0,0.0,0.0,0.0,0.0,0.0,0.0,0.0,0.0,0.0,0.0,0.0,0.0,0.0,0.0,0.0,0.0,0.0,0.0,0.0,0.0,0.0,0.0,0.0,0.0,0.0,0.0,0.0,0.0,0.0,0.0,0.0,0.0,0.0,0.0,-0.0,0.0,0.0,0.0,0.0,0.0,0.0,0.0,0.0,0.0,0.0,0.0,0.0,0.0,0.0,0.0,0.0,0.0,0.0,0.0,0.0,0.0,0.0,0.0,0.0,0.0,0.0,0.0,0.0,0.0,0.0,0.0,0.0,0.0,0.0,0.0,0.0,0.0,0.0,0.0,0.0,0.0,0.0,0.0,0.0,0.0,0.0,0.0,0.0,0.0,0.0,0.0,0.0,0.0,0.0,0.0,0.0,0.0,0.0,0.0,0.0,0.0,0.0,0.0,0.0,0.0,0.0,0.0,0.0,0.0,0.0,0.0,0.0,0.0,0.0,0.0,0.0,0.0,0.0,0.0,0.0,0.0,0.0,0.0,0.0,0.0,0.0,0.0,0.0,0.0,0.0,0.0,0.0,0.0,0.0,0.0,0.0,0.0,0.0,0.0,0.0,0.0,0.0,0.0,0.0,0.0,0.0,0.0,0.0,0.0,0.0,0.0,0.0,0.0,0.0,0.0,0.0,0.0,0.0,0.0,0.0,0.0,0.0,0.0,0.0,0.0,0.0,0.0,0.0,0.0,0.0,0.0,0.0,0.0,0.0,0.0,0.0,0.0,0.0,0.0,0.0,0.0,0.0,0.0,0.0,0.0,0.0,0.0,0.0,0.0,0.0,0.0,0.0,0.0,0.0,0.0,0.0,0.0,0.0,0.0,0.0,0.0,0.0,0.0,0.0,0.0,0.0,0.0,0.0,0.0,0.0,0.0,0.0,0.0,0.0,0.0,0.0,0.0,0.0,0.0,0.0,0.0,0.0,0.0,0.0,0.0,0.0,0.0,0.0,0.0,0.0,0.0,0.0,0.0,0.0,0.0,0.0,0.0,0.0,0.0,0.0,0.0,0.0,0.0,0.0,0.0,0.0,0.0,0.0,0.0,0.0,0.0,0.0,0.0,0.0,0.0,0.0,0.0,0.0,0.0,0.0,0.0,0.0,0.0,0.0,0.0,0.0,0.0,0.0,0.0,0.0,0.0,0.0,0.0,0.0,0.0,0.0,0.0,0.0,0.0,0.0,0.0,0.0,0.0,0.0,0.0,0.0,0.0,0.0,0.0,0.0,0.0,0.0,0.0,0.0,0.0,0.0,0.0,0.0,0.0,0.0,0.0,0.0,0.0,0.0,0.0,0.0,0.0,0.0,0.0,0.0,0.0,0.0,0.0,0.0,0.0,0.0,0.0,0.0,0.0,0.0,0.0,0.0,0.0,0.0,0.0,0.0,0.0,0.0,0.0,0.0,0.0,0.0,0.0,0.0,0.0,0.0,0.0,0.0,0.0,0.0,0.0,0.0,0.0,0.0,0.0,0.0,0.0,0.0,0.0,0.0,0.0,0.0,0.0,0.0,0.0,0.0,0.0,0.0,0.0,0.0,0.0,0.0,0.0,0.0,0.0,0.0,0.0,0.0,0.0,0.0,0.0,0.0,0.0,0.0,0.0,0.0,0.0,0.0,0.0,0.0,0.0,0.0,0.0,0.0,0.0,0.0,0.0,0.0,0.0,0.0,0.0,0.0,0.0,0.0,0.0,0.0,0.0,0.0,0.0,0.0,0.0,0.0,0.0,0.0,0.0,0.0,0.0,0.0,0.0,0.0,0.0,0.0,0.0,0.0,0.0,0.0,0.0,0.0,0.0,0.0,0.0,0.0,0.0,0.0,0.0,0.0,0.0,0.0,0.0,0.0,0.0,0.0,0.0,0.0,0.0,0.0,0.0,0.0,0.0,0.0,0.0,0.0,0.0,0.0,0.0,0.0,0.0,0.0,0.0,0.0,0.0,0.0,0.0,0.0,0.0,0.0,0.0,0.0,0.0,0.0,0.0,0.0,0.0,0.0,0.0,0.0,0.0,0.0,0.0,0.0,0.0,0.0,0.0,-0.0,0.0,0.0,0.0,0.0,0.0,0.0,0.0,0.0,0.0,0.0,0.0,0.0,0.0,0.0,0.0,0.0,0.0,0.0,0.0,0.0,0.0,0.0,0.0,0.0,0.0,0.0,0.0,0.0,0.0,0.0,0.0,0.0,0.0,0.0,0.0,0.0,0.0,0.0,0.0,0.0,0.0,0.0,0.0,0.0,0.0,0.0,0.0,0.0,0.0,0.0,0.0,0.0,0.0,0.0,0.0,0.0,0.0,0.0,0.0,0.0,0.0,0.0,0.0,0.0,0.0,0.0,0.0,0.0,0.0,0.0,0.0,-0.0,0.0,0.0,0.0,0.0,0.0,0.0,0.0,0.0,0.0,0.0,0.0,0.0,0.0,0.0,0.0,0.0,0.0,0.0,0.0,0.0,0.0,0.0,0.0,0.0,0.0,0.0,0.0,0.0,0.0,0.0,0.0,0.0,0.0,0.0,0.0,0.0,0.0,0.0,0.0,0.0,0.0,0.0,0.0,0.0,0.0,0.0,0.0,0.0,0.0,0.0,0.0,0.0,0.0,0.0,0.0,0.0,0.0,0.0,0.0,0.0,0.0,0.0,0.0,0.0,0.0,0.0,0.0,0.0,0.0,0.0,0.0,0.0,0.0,0.0,0.0,0.0,0.0,0.0,0.0,0.0,0.0,0.0,0.0,0.0,0.0,0.0,0.0,0.0,0.0,0.0,0.0,0.0,0.0,0.0,0.0,0.0,0.0,0.0,0.0,0.0,-0.0,0.0,0.0,0.0,0.0,0.0,0.0,0.0,0.0,0.0,0.0,0.0,0.0,0.0,0.0,0.0,0.0,0.0,0.0,0.0,0.0,0.0,0.0,0.0,0.0,0.0,0.0,0.0,0.0,0.0,0.0,0.0,0.0,0.0,0.0,0.0,0.0,0.0,0.0,0.0,0.0,0.0,0.0,0.0,0.0,0.0,0.0,0.0,0.0,0.0,0.0,0.0,0.0,0.0,0.0,0.0,0.0,0.0,0.0,0.0,0.0,0.0,0.0,0.0,0.0,0.0,0.0,0.0,0.0,0.0,0.0,0.0,0.0,0.0,0.0,0.0,0.0,0.0,0.0,0.0,0.0,0.0,0.0,0.0,0.0,0.0,0.0,0.0,0.0,0.0,0.0,0.0,0.0,0.0,0.0,0.0,0.0,0.0,0.0,0.0,-0.0,-0.0,0.0,0.0,0.0,0.0,0.0,0.0,0.0,0.0,0.0,0.0,0.0,0.0,0.0,0.0,0.0,0.0,0.0,0.0,0.0,0.0,0.0,0.0,0.0,0.0,0.0,0.0,0.0,0.0,0.0,0.0,0.0,0.0,0.0,0.0,0.0,0.0,0.0,0.0,0.0,0.0,0.0,0.0,0.0,0.0,0.0,0.0,0.0,0.0,0.0,0.0,0.0,0.0,0.0,0.0,0.0,0.0,0.0,0.0,0.0,0.0,0.0,0.0,0.0,0.0,0.0,0.0,0.0,0.0,0.0,0.0,0.0,0.0,0.0,0.0,0.0,0.0,0.0,0.0,0.0,0.0,0.0,0.0,0.0,0.0,0.0,0.0,0.0,0.0,0.0,0.0,0.0,0.0,0.0,0.0,0.0,0.0,0.0,0.0,0.0,-0.0,-0.0,0.0,0.0,0.0,0.0,0.0,0.0,0.0,0.0,0.0,0.0,0.0,0.0,0.0,0.0,0.0,0.0,0.0,0.0,0.0,0.0,0.0,0.0,0.0,0.0,0.0,0.0,0.0,0.0,0.0,0.0,0.0,0.0,0.0,0.0,0.0,0.0,0.0,0.0,0.0,0.0,0.0,0.0,0.0,0.0,0.0,0.0,0.0,0.0,0.0,0.0,0.0,0.0,0.0,0.0,0.0,0.0,0.0,0.0,0.0,0.0,0.0,0.0,0.0,0.0,0.0,0.0,0.0,0.0,0.0,0.0,0.0,0.0,0.0,0.0,0.0,0.0,0.0,0.0,0.0,0.0,0.0,0.0,0.0,0.0,0.0,0.0,0.0,0.0,0.0,0.0,0.0,0.0,0.0,0.0,0.0,0.0,0.0,0.0,0.0,-0.0,-0.0,0.0,0.0,0.0,0.0,0.0,0.0,0.0,0.0,0.0,0.0,0.0,0.0,0.0,0.0,0.0,0.0,0.0,0.0,0.0,0.0,0.0,0.0,0.0,0.0,0.0,0.0,0.0,0.0,0.0,0.0,0.0,0.0,0.0,0.0,0.0,0.0,0.0,0.0,0.0,0.0,0.0,0.0,0.0,0.0,0.0,0.0,0.0,0.0,0.0,0.0,0.0,0.0,0.0,0.0,0.0,0.0,0.0,0.0,0.0,0.0,0.0,0.0,0.0,0.0,0.0,0.0,0.0,0.0,0.0,0.0,0.0,0.0,0.0,0.0,0.0,0.0,0.0,0.0,0.0,0.0,0.0,0.0,0.0,0.0,0.0,0.0,0.0,0.0,0.0,0.0,0.0,0.0,0.0,0.0,0.0,0.0,0.0,0.0,0.0,0.0,-0.0,0.0,0.0,0.0,0.0,0.0,0.0,0.0,0.0,0.0,0.0,0.0,0.0,0.0,0.0,0.0,0.0,0.0,0.0,0.0,0.0,0.0,0.0,0.0,0.0,0.0,0.0,0.0,0.0,0.0,0.0,0.0,0.0,0.0,0.0,0.0,0.0,0.0,0.0,0.0,0.0,0.0,0.0,0.0,0.0,0.0,0.0,0.0,0.0,0.0,0.0,0.0,0.0,0.0,0.0,0.0,0.0,0.0,0.0,0.0,0.0,0.0,0.0,0.0,0.0,0.0,0.0,0.0,0.0,0.0,0.0,0.0,0.0,0.0,0.0,0.0,0.0,0.0,0.0,0.0,0.0,0.0,0.0,0.0,0.0,0.0,0.0,0.0,0.0,0.0,0.0,0.0,0.0,0.0,0.0,0.0,0.0,0.0,0.0,0.0,-0.0,0.0,0.0,0.0,0.0,0.0,0.0,0.0,0.0,0.0,0.0,0.0,0.0,0.0,0.0,0.0,0.0,0.0,0.0,0.0,0.0,0.0,0.0,0.0,0.0,0.0,0.0,0.0,0.0,0.0,0.0,0.0,0.0,0.0,0.0,0.0,0.0,0.0,0.0,0.0,0.0,0.0,0.0,0.0,0.0,0.0,0.0,0.0,0.0,0.0,0.0,0.0,0.0,0.0,0.0,0.0,0.0,0.0,0.0,0.0,0.0,0.0,0.0,0.0,0.0,0.0,0.0,0.0,0.0,0.0,0.0,0.0,0.0,0.0,0.0,0.0,0.0,0.0,0.0,0.0,0.0,0.0,0.0,0.0,0.0,0.0,0.0,0.0,0.0,0.0,0.0,0.0,0.0,0.0,0.0,0.0,0.0,0.0,0.0,0.0,0.0,0.0,0.0,0.0,0.0,0.0,0.0,0.0,0.0,0.0,0.0,0.0,0.0,0.0,0.0,0.0,0.0,0.0,0.0,0.0,0.0,0.0,0.0,0.0,0.0,0.0,0.0,0.0,0.0,0.0,0.0,0.0,0.0,0.0,0.0,0.0,0.0,0.0,0.0,0.0,0.0,0.0,0.0,0.0,0.0,0.0,0.0,0.0,0.0,0.0,0.0,0.0,0.0,0.0,0.0,0.0,0.0,0.0,0.0,0.0,0.0,0.0,0.0,0.0,0.0,0.0,0.0,0.0,0.0,0.0,0.0,0.0,0.0,0.0,0.0,0.0,0.0,0.0,0.0,0.0,0.0,0.0,0.0,0.0,0.0,0.0,0.0,0.0,0.0,0.0,0.0,0.0,0.0,0.0,0.0,0.0,0.0,0.0,0.0,0.0,0.0,0.0,0.0,0.0,0.0,0.0,0.0,0.0,0.0,0.0,0.0,0.0,0.0,0.0,0.0,0.0,0.0,0.0,0.0,0.0,0.0,0.0,0.0,0.0,0.0,0.0,0.0,0.0,0.0,0.0,0.0,0.0,0.0,0.0,0.0,0.0,0.0,0.0,0.0,0.0,0.0,0.0,0.0,0.0,0.0,0.0,0.0,0.0,0.0,0.0,0.0,0.0,0.0,0.0,0.0,0.0,0.0,0.0,0.0,0.0,0.0,0.0,0.0,0.0,0.0,0.0,0.0,0.0,0.0,0.0,0.0,0.0,0.0,0.0,0.0,0.0,0.0,0.0,0.0,0.0,0.0,0.0,0.0,0.0,0.0,0.0,0.0,0.0,0.0,0.0,0.0,0.0,0.0,0.0,0.0,0.0,0.0,0.0,0.0,0.0,0.0,0.0,0.0,0.0,0.0,0.0,0.0,0.0,0.0,0.0,0.0,0.0,0.0,0.0,0.0,0.0,0.0,0.0,0.0,0.0,0.0,0.0,0.0,0.0,0.0,0.0,0.0,0.0,0.0,0.0,0.0,0.0,0.0,0.0,0.0,0.0,0.0,0.0,0.0,0.0,0.0,0.0,0.0,0.0,0.0,0.0,0.0,0.0,0.0,0.0,0.0,0.0,0.0,0.0,0.0,0.0,0.0,0.0,0.0,0.0,0.0,0.0,0.0,0.0,0.0,0.0,0.0,0.0,0.0,0.0,0.0,0.0,0.0,0.0,0.0,0.0,0.0,0.0,0.0,0.0,0.0,0.0,0.0,0.0,0.0,0.0,0.0,0.0,0.0,0.0,0.0,0.0,0.0,0.0,0.0,0.0,0.0,0.0,0.0,0.0,0.0,0.0,0.0,0.0,-0.0,0.0,0.0,0.0,0.0,0.0,0.0,0.0,0.0,0.0,0.0,0.0,0.0,0.0,0.0,0.0,0.0,0.0,0.0,0.0,0.0,0.0,0.0,0.0,0.0,0.0,0.0,0.0,0.0,0.0,0.0,0.0,0.0,0.0,0.0,0.0,0.0,0.0,0.0,0.0,0.0,0.0,0.0,0.0,0.0,0.0,0.0,0.0,0.0,0.0,0.0,0.0,0.0,0.0,0.0,0.0,0.0,0.0,0.0,0.0,0.0,0.0,0.0,0.0,0.0,0.0,0.0,0.0,0.0,0.0,0.0,0.0,0.0,0.0,0.0,0.0,0.0,0.0,0.0,0.0,0.0,0.0,0.0,0.0,0.0,0.0,0.0,0.0,0.0,0.0,0.0,0.0,0.0,0.0,0.0,0.0,0.0,0.0,0.0,0.0,0.0,-0.0,0.0,0.0,0.0,0.0,0.0,0.0,0.0,0.0,0.0,0.0,0.0,0.0,0.0,0.0,0.0,0.0,0.0,0.0,0.0,0.0,0.0,0.0,0.0,0.0,0.0,0.0,0.0,0.0,0.0,0.0,0.0,0.0,0.0,0.0,0.0,0.0,0.0,0.0,0.0,0.0,0.0,0.0,0.0,0.0,0.0,0.0,0.0,0.0,0.0,0.0,0.0,0.0,0.0,0.0,0.0,0.0,0.0,0.0,0.0,0.0,0.0,0.0,0.0,0.0,0.0,0.0,0.0,0.0,0.0,0.0,0.0,0.0,0.0,0.0,0.0,0.0,0.0,0.0,0.0,0.0,0.0,0.0,0.0,0.0,0.0,0.0,0.0,0.0,0.0,0.0,0.0,0.0,0.0,0.0,0.0,0.0,0.0,0.0,0.0,0.0,-0.0,0.0,0.0,0.0,0.0,0.0,0.0,0.0,0.0,0.0,0.0,0.0,0.0,0.0,0.0,0.0,0.0,0.0,0.0,0.0,0.0,0.0,0.0,0.0,0.0,0.0,0.0,0.0,0.0,0.0,0.0,0.0,0.0,0.0,0.0,0.0,0.0,0.0,0.0,0.0,0.0,0.0,0.0,0.0,0.0,0.0,0.0,0.0,0.0,0.0,0.0,0.0,0.0,0.0,0.0,0.0,0.0,0.0,0.0,0.0,0.0,0.0,0.0,0.0,0.0,0.0,0.0,0.0,0.0,0.0,0.0,0.0,0.0,0.0,0.0,0.0,0.0,0.0,0.0,0.0,0.0,0.0,0.0,0.0,0.0,0.0,0.0,0.0,0.0,0.0,0.0,0.0,0.0,0.0,0.0,0.0,0.0,0.0,0.0,0.0,0.0,0.0,-0.0,0.0,0.0,0.0,0.0,0.0,0.0,0.0,0.0,0.0,0.0,0.0,0.0,0.0,0.0,0.0,0.0,0.0,0.0,0.0,0.0,0.0,0.0,0.0,0.0,0.0,0.0,0.0,0.0,0.0,0.0,0.0,0.0,0.0,0.0,0.0,0.0,0.0,0.0,0.0,0.0,0.0,0.0,0.0,0.0,0.0,0.0,0.0,0.0,0.0,0.0,0.0,0.0,0.0,0.0,0.0,0.0,0.0,0.0,0.0,0.0,0.0,0.0,0.0,0.0,0.0,0.0,0.0,0.0,0.0,0.0,0.0,0.0,0.0,0.0,0.0,0.0,0.0,0.0,0.0,0.0,0.0,0.0,0.0,0.0,0.0,0.0,0.0,0.0,0.0,0.0,0.0,0.0,0.0,0.0,0.0,0.0,0.0,0.0,0.0,-0.0,0.0,0.0,0.0,0.0,0.0,0.0,0.0,0.0,0.0,0.0,0.0,0.0,0.0,0.0,0.0,0.0,0.0,0.0,0.0,0.0,0.0,0.0,0.0,0.0,0.0,0.0,0.0,0.0,0.0,0.0,0.0,0.0,0.0,0.0,0.0,0.0,0.0,0.0,0.0,0.0,0.0,0.0,0.0,0.0,0.0,0.0,0.0,0.0,0.0,0.0,0.0,0.0,0.0,0.0,0.0,0.0,0.0,0.0,0.0,0.0,0.0,0.0,0.0,0.0,0.0,0.0,0.0,0.0,0.0,0.0,0.0,0.0,0.0,0.0,0.0,0.0,0.0,0.0,0.0,0.0,0.0,0.0,0.0,0.0,0.0,0.0,0.0,0.0,0.0,0.0,0.0,0.0,0.0,0.0,0.0,0.0,0.0,0.0,0.0,0.0,0.0,0.0,0.0,0.0,0.0,0.0,0.0,0.0,0.0,0.0,0.0,0.0,0.0,0.0,0.0,0.0,0.0,0.0,0.0,0.0,0.0,0.0,0.0,0.0,0.0,0.0,0.0,0.0,0.0,0.0,0.0,0.0,0.0,0.0,0.0,0.0,0.0,0.0,0.0,0.0,0.0,0.0,0.0,0.0,0.0,0.0,0.0,0.0,0.0,0.0,0.0,0.0,0.0,0.0,0.0,0.0,0.0,0.0,0.0,0.0,0.0,0.0,0.0,0.0,0.0,0.0,0.0,0.0,0.0,0.0,0.0,0.0,0.0,0.0,0.0,0.0,0.0,0.0,0.0,0.0,0.0,0.0,0.0,0.0,0.0,0.0,0.0,0.0,0.0,0.0,0.0,0.0,0.0,0.0,0.0,0.0,0.0,0.0,0.0,0.0,0.0,0.0,0.0,0.0,0.0,0.0,0.0,0.0,0.0,0.0,0.0,0.0,0.0,0.0,0.0,0.0,0.0,0.0,0.0,0.0,0.0,0.0,0.0,0.0,0.0,0.0,0.0,0.0,0.0,0.0,0.0,0.0,0.0,0.0,0.0,0.0,0.0,0.0,0.0,0.0,0.0,0.0,0.0,0.0,0.0,0.0,0.0,0.0,0.0,0.0,0.0,0.0,0.0,0.0,0.0,0.0,0.0,0.0,0.0,0.0,0.0,0.0,0.0,0.0,0.0,0.0,0.0,0.0,0.0,0.0,0.0,0.0,0.0,0.0,0.0,0.0,0.0,0.0,0.0,0.0,0.0,0.0,0.0,0.0,0.0,0.0,0.0,0.0,0.0,0.0,0.0,0.0,0.0,0.0,0.0,0.0,0.0,0.0,0.0,0.0,0.0,0.0,0.0,0.0,0.0,0.0,0.0,0.0,0.0,0.0,0.0,0.0,0.0,0.0,0.0,0.0,0.0,0.0,0.0,0.0,0.0,0.0,0.0,0.0,0.0,0.0,0.0,0.0,0.0,0.0,0.0,0.0,0.0,0.0,0.0,0.0,0.0,0.0,0.0,0.0,0.0,0.0,0.0,0.0,0.0,0.0,0.0,0.0,0.0,0.0,0.0,0.0,0.0,0.0,0.0,0.0,0.0,0.0,0.0,0.0,0.0,0.0,0.0,0.0,0.0,0.0,0.0,0.0,0.0,0.0,0.0,0.0,0.0,0.0,0.0,0.0,0.0,0.0,0.0,0.0,0.0,0.0,0.0,0.0,0.0,0.0,0.0,0.0,0.0,0.0,0.0,0.0,0.0,0.0,0.0,0.0,0.0,0.0,0.0,0.0,0.0,0.0,0.0,0.0,-0.0,0.0,0.0,0.0,0.0,0.0,0.0,0.0,0.0,0.0,0.0,0.0,0.0,0.0,0.0,0.0,0.0,0.0,0.0,0.0,0.0,0.0,0.0,0.0,0.0,0.0,0.0,0.0,0.0,0.0,0.0,0.0,0.0,0.0,0.0,0.0,0.0,0.0,0.0,0.0,0.0,0.0,0.0,0.0,0.0,0.0,0.0,0.0,0.0,0.0,0.0,0.0,0.0,0.0,0.0,0.0,0.0,0.0,0.0,0.0,0.0,0.0,0.0,0.0,0.0,0.0,0.0,0.0,0.0,0.0,0.0,0.0,0.0,0.0,0.0,0.0,0.0,0.0,0.0,0.0,0.0,0.0,0.0,0.0,0.0,0.0,0.0,0.0,0.0,0.0,0.0,0.0,0.0,0.0,0.0,0.0,0.0,0.0,0.0,0.0,-0.0,-0.0,0.0,0.0,0.0,0.0,0.0,0.0,0.0,0.0,0.0,0.0,0.0,0.0,0.0,0.0,0.0,0.0,0.0,0.0,0.0,0.0,0.0,0.0,0.0,0.0,0.0,0.0,0.0,0.0,0.0,0.0,0.0,0.0,0.0,0.0,0.0,0.0,0.0,0.0,0.0,0.0,0.0,0.0,0.0,0.0,0.0,0.0,0.0,0.0,0.0,0.0,0.0,0.0,0.0,0.0,0.0,0.0,0.0,0.0,0.0,0.0,0.0,0.0,0.0,0.0,0.0,0.0,0.0,0.0,0.0,-0.0,0.0,0.0,0.0,0.0,0.0,0.0,0.0,0.0,0.0,0.0,0.0,0.0,0.0,0.0,0.0,0.0,0.0,0.0,0.0,0.0,0.0,0.0,0.0,0.0,0.0,0.0,0.0,0.0,0.0,-0.0,-0.0,0.0,0.0,0.0,0.0,0.0,0.0,0.0,0.0,0.0,0.0,0.0,0.0,0.0,0.0,0.0,0.0,0.0,0.0,0.0,0.0,0.0,0.0,0.0,0.0,0.0,0.0,0.0,0.0,0.0,0.0,0.0,0.0,0.0,0.0,0.0,0.0,0.0,0.0,0.0,0.0,0.0,0.0,0.0,0.0,0.0,0.0,0.0,0.0,0.0,0.0,0.0,0.0,0.0,0.0,0.0,0.0,0.0,0.0,0.0,0.0,0.0,0.0,0.0,0.0,0.0,0.0,0.0,0.0,0.0,-0.0,0.0,0.0,0.0,0.0,0.0,0.0,0.0,0.0,0.0,0.0,0.0,0.0,0.0,0.0,0.0,0.0,0.0,0.0,0.0,0.0,0.0,0.0,0.0,0.0,0.0,0.0,0.0,0.0,0.0,-0.0,0.0,0.0,0.0,0.0,0.0,0.0,0.0,0.0,0.0,0.0,0.0,0.0,0.0,0.0,0.0,0.0,0.0,0.0,0.0,0.0,0.0,0.0,0.0,0.0,0.0,0.0,0.0,0.0,0.0,0.0,0.0,0.0,0.0,0.0,0.0,0.0,0.0,0.0,0.0,0.0,0.0,0.0,0.0,0.0,0.0,0.0,0.0,0.0,0.0,0.0,0.0,0.0,0.0,0.0,0.0,0.0,0.0,0.0,0.0,0.0,0.0,0.0,0.0,0.0,0.0,0.0,0.0,0.0,0.0,0.0,0.0,0.0,0.0,0.0,0.0,0.0,0.0,0.0,0.0,0.0,0.0,0.0,0.0,0.0,0.0,0.0,0.0,0.0,0.0,0.0,0.0,0.0,0.0,0.0,0.0,0.0,0.0,0.0,0.0,0.0,0.0,0.0,0.0,0.0,0.0,0.0,0.0,0.0,0.0,0.0,0.0,0.0,0.0,0.0,0.0,0.0,0.0,0.0,0.0,0.0,0.0,0.0,0.0,0.0,0.0,0.0,0.0,0.0,0.0,0.0,0.0,0.0,0.0,0.0,0.0,0.0,0.0,0.0,0.0,0.0,0.0,0.0,0.0,0.0,0.0,0.0,0.0,0.0,0.0,0.0,0.0,0.0,0.0,0.0,0.0,0.0,0.0,0.0,0.0,0.0,0.0,0.0,0.0,0.0,0.0,0.0,0.0,0.0,0.0,0.0,0.0,0.0,0.0,0.0,0.0,0.0,0.0,0.0,0.0,0.0,0.0,0.0,0.0,0.0,0.0,0.0,0.0,0.0,0.0,0.0,0.0,0.0,0.0,0.0,0.0,0.0,0.0,0.0,0.0,0.0,0.0,0.0,0.0,0.0,0.0,0.0,0.0,0.0,0.0,0.0,0.0,0.0,0.0,0.0,0.0,0.0,0.0,0.0,0.0,0.0,0.0,0.0,0.0,0.0,0.0,0.0,0.0,0.0,0.0,0.0,0.0,0.0,-0.0,0.0,0.0,0.0,0.0,0.0,0.0,0.0,0.0,0.0,0.0,0.0,0.0,0.0,0.0,0.0,0.0,0.0,0.0,0.0,0.0,0.0,0.0,0.0,0.0,0.0,0.0,0.0,0.0,0.0,0.0,0.0,0.0,0.0,0.0,0.0,0.0,0.0,0.0,0.0,0.0,0.0,0.0,0.0,0.0,0.0,0.0,0.0,0.0,0.0,0.0,0.0,0.0,0.0,0.0,0.0,0.0,0.0,0.0,0.0,0.0,0.0,0.0,0.0,0.0,0.0,0.0,0.0,0.0,0.0,0.0,0.0,0.0,0.0,0.0,0.0,0.0,0.0,0.0,0.0,0.0,0.0,0.0,0.0,0.0,0.0,0.0,0.0,0.0,0.0,0.0,0.0,0.0,0.0,0.0,0.0,0.0,0.0,0.0,0.0,0.0,-0.0,0.0,0.0,0.0,0.0,0.0,0.0,0.0,0.0,0.0,0.0,0.0,0.0,0.0,0.0,0.0,0.0,0.0,0.0,0.0,0.0,0.0,0.0,0.0,0.0,0.0,0.0,0.0,0.0,0.0,0.0,0.0,0.0,0.0,0.0,0.0,0.0,0.0,0.0,0.0,0.0,0.0,0.0,0.0,0.0,0.0,0.0,0.0,0.0,0.0,0.0,0.0,0.0,0.0,0.0,0.0,0.0,0.0,0.0,0.0,0.0,0.0,0.0,0.0,0.0,0.0,0.0,0.0,0.0,0.0,0.0,0.0,0.0,0.0,0.0,0.0,0.0,0.0,0.0,0.0,0.0,0.0,0.0,0.0,0.0,0.0,0.0,0.0,0.0,0.0,0.0,0.0,0.0,0.0,0.0,0.0,0.0,0.0,0.0,0.0,0.0,-0.0,0.0,0.0,0.0,0.0,0.0,0.0,0.0,0.0,0.0,0.0,0.0,0.0,0.0,0.0,0.0,0.0,0.0,0.0,0.0,0.0,0.0,0.0,0.0,0.0,0.0,0.0,0.0,0.0,0.0,0.0,0.0,0.0,0.0,0.0,0.0,0.0,0.0,0.0,0.0,0.0,0.0,0.0,0.0,0.0,0.0,0.0,0.0,0.0,0.0,0.0,0.0,0.0,0.0,0.0,0.0,0.0,0.0,0.0,0.0,0.0,0.0,0.0,0.0,0.0,0.0,0.0,0.0,0.0,0.0,0.0,0.0,0.0,0.0,0.0,0.0,0.0,0.0,0.0,0.0,0.0,0.0,0.0,0.0,0.0,0.0,0.0,0.0,0.0,0.0,0.0,0.0,0.0,0.0,0.0,0.0,0.0,0.0,0.0,0.0,0.0,-0.0,0.0,0.0,0.0,0.0,0.0,0.0,0.0,0.0,0.0,0.0,0.0,0.0,0.0,0.0,0.0,0.0,0.0,0.0,0.0,0.0,0.0,0.0,0.0,0.0,0.0,0.0,0.0,0.0,0.0,0.0,0.0,0.0,0.0,0.0,0.0,0.0,0.0,0.0,0.0,0.0,0.0,0.0,0.0,0.0,0.0,0.0,0.0,0.0,0.0,0.0,0.0,0.0,0.0,0.0,0.0,0.0,0.0,0.0,0.0,0.0,0.0,0.0,0.0,0.0,0.0,0.0,0.0,0.0,0.0,0.0,0.0,0.0,0.0,0.0,0.0,0.0,0.0,0.0,0.0,0.0,0.0,0.0,0.0,0.0,0.0,0.0,0.0,0.0,0.0,0.0,0.0,0.0,0.0,0.0,0.0,0.0,0.0,0.0,0.0,0.0,-0.0,0.0,0.0,0.0,0.0,0.0,0.0,0.0,0.0,0.0,0.0,0.0,0.0,0.0,0.0,0.0,0.0,0.0,0.0,0.0,0.0,0.0,0.0,0.0,0.0,0.0,0.0,0.0,0.0,0.0,0.0,0.0,0.0,0.0,0.0,0.0,0.0,0.0,0.0,0.0,0.0,0.0,0.0,0.0,0.0,0.0,0.0,0.0,0.0,0.0,0.0,0.0,0.0,0.0,0.0,0.0,0.0,0.0,0.0,0.0,0.0,0.0,0.0,0.0,0.0,0.0,0.0,0.0,0.0,0.0,0.0,0.0,0.0,0.0,0.0,0.0,0.0,0.0,0.0,0.0,0.0,0.0,0.0,0.0,0.0,0.0,0.0,0.0,0.0,0.0,0.0,0.0,0.0,0.0,0.0,0.0,0.0,0.0,0.0,0.0,0.0,-0.0,0.0,0.0,0.0,0.0,0.0,0.0,0.0,0.0,0.0,0.0,0.0,0.0,0.0,0.0,0.0,0.0,0.0,0.0,0.0,0.0,0.0,0.0,0.0,0.0,0.0,0.0,0.0,0.0,0.0,0.0,0.0,0.0,0.0,0.0,0.0,0.0,0.0,0.0,0.0,0.0,0.0,0.0,0.0,0.0,0.0,0.0,0.0,0.0,0.0,0.0,0.0,0.0,0.0,0.0,0.0,0.0,0.0,0.0,0.0,0.0,0.0,0.0,0.0,0.0,0.0,0.0,0.0,0.0,0.0,0.0,-0.0,0.0,0.0,0.0,0.0,0.0,0.0,0.0,0.0,0.0,0.0,0.0,0.0,0.0,0.0,0.0,0.0,0.0,0.0,0.0,0.0,0.0,0.0,0.0,0.0,0.0,0.0,0.0,0.0,0.0,-0.0,0.0,0.0,0.0,0.0,0.0,0.0,0.0,0.0,0.0,0.0,0.0,0.0,0.0,0.0,0.0,0.0,0.0,0.0,0.0,0.0,0.0,0.0,0.0,0.0,0.0,0.0,0.0,0.0,0.0,0.0,0.0,0.0,0.0,0.0,0.0,0.0,0.0,0.0,0.0,0.0,0.0,0.0,0.0,0.0,0.0,0.0,0.0,0.0,0.0,0.0,0.0,0.0,0.0,0.0,0.0,0.0,0.0,0.0,0.0,0.0,0.0,0.0,0.0,0.0,0.0,0.0,0.0,0.0,0.0,-0.0,0.0,0.0,0.0,0.0,0.0,0.0,0.0,0.0,0.0,0.0,0.0,0.0,0.0,0.0,0.0,0.0,0.0,0.0,0.0,0.0,0.0,0.0,0.0,0.0,0.0,0.0,0.0,0.0,0.0,0.0,-0.0,0.0,0.0,0.0,0.0,0.0,0.0,0.0,0.0,0.0,0.0,0.0,0.0,0.0,0.0,0.0,0.0,0.0,0.0,0.0,0.0,0.0,0.0,0.0,0.0,0.0,0.0,0.0,0.0,0.0,0.0,0.0,0.0,0.0,0.0,0.0,0.0,0.0,0.0,0.0,0.0,0.0,0.0,0.0,0.0,0.0,0.0,0.0,0.0,0.0,0.0,0.0,0.0,0.0,0.0,0.0,0.0,0.0,0.0,0.0,0.0,0.0,0.0,0.0,0.0,0.0,0.0,0.0,0.0,0.0,0.0,0.0,0.0,0.0,0.0,0.0,0.0,0.0,0.0,0.0,0.0,0.0,0.0,0.0,0.0,0.0,0.0,0.0,0.0,0.0,0.0,0.0,0.0,0.0,0.0,0.0,0.0,0.0,0.0,0.0,0.0,0.0,0.0,0.0,0.0,0.0,0.0,0.0,0.0,0.0,0.0,0.0,0.0,0.0,0.0,0.0,0.0,0.0,0.0,0.0,0.0,0.0,0.0,0.0,0.0,0.0,0.0,0.0,0.0,0.0,0.0,0.0,0.0,0.0,0.0,0.0,0.0,0.0,0.0,0.0,0.0,0.0,0.0,0.0,0.0,0.0,0.0,0.0,0.0,0.0,0.0,0.0,0.0,0.0,0.0,0.0,0.0,0.0,0.0,0.0,0.0,0.0,0.0,0.0,0.0,0.0,0.0,0.0,0.0,0.0,0.0,0.0,0.0,0.0,0.0,0.0,0.0,0.0,0.0,0.0,0.0,0.0,0.0,0.0,0.0,0.0,0.0,0.0,0.0,0.0,0.0,0.0,0.0,0.0,0.0,0.0,0.0,0.0,0.0,0.0,0.0,0.0,0.0,0.0,0.0,0.0,0.0,0.0,0.0,0.0,0.0,0.0,0.0,0.0,0.0,0.0,0.0,0.0,0.0,0.0,0.0,0.0,0.0,0.0,0.0,0.0,0.0,0.0,0.0,0.0,0.0,0.0,0.0,0.0,0.0,0.0,0.0,0.0,0.0,0.0,0.0,0.0,0.0,0.0,0.0,0.0,0.0,0.0,0.0,0.0,0.0,0.0,0.0,0.0,0.0,0.0,0.0,0.0,0.0,0.0,0.0,0.0,0.0,0.0,0.0,0.0,0.0,0.0,0.0,0.0,0.0,0.0,0.0,0.0,0.0,0.0,0.0,0.0,0.0,0.0,0.0,0.0,0.0,0.0,0.0,0.0,0.0,0.0,0.0,0.0,0.0,0.0,0.0,0.0,0.0,0.0,0.0,0.0,0.0,0.0,0.0,0.0,0.0,0.0,0.0,0.0,0.0,0.0,0.0,0.0,0.0,0.0,0.0,0.0,0.0,0.0,0.0,0.0,0.0,0.0,0.0,0.0,0.0,0.0,0.0,0.0,0.0,0.0,0.0,0.0,0.0,0.0,0.0,0.0,0.0,0.0,0.0,0.0,0.0,0.0,0.0,0.0,0.0,0.0,0.0,0.0,0.0,0.0,0.0,0.0,0.0,0.0,0.0,0.0,0.0,0.0,0.0,0.0,0.0,0.0,0.0,0.0,0.0,0.0,0.0,0.0,0.0,0.0,0.0,0.0,0.0,0.0,0.0,0.0,0.0,0.0,0.0,0.0,0.0,0.0,0.0,0.0,0.0,0.0,0.0,0.0,0.0,0.0,0.0,0.0,0.0,0.0,0.0,0.0,0.0,0.0,0.0,0.0,0.0,0.0,0.0,0.0,0.0,0.0,-0.0,0.0,0.0,0.0,0.0,0.0,0.0,0.0,0.0,0.0,0.0,0.0,0.0,0.0,0.0,0.0,0.0,0.0,0.0,0.0,0.0,0.0,0.0,0.0,0.0,0.0,0.0,0.0,0.0,0.0,0.0,0.0,0.0,0.0,0.0,0.0,0.0,0.0,0.0,0.0,0.0,0.0,0.0,0.0,0.0,0.0,0.0,0.0,0.0,0.0,0.0,0.0,0.0,0.0,0.0,0.0,0.0,0.0,0.0,0.0,0.0,0.0,0.0,0.0,0.0,0.0,0.0,0.0,0.0,0.0,0.0,0.0,0.0,0.0,0.0,0.0,0.0,0.0,0.0,0.0,0.0,0.0,0.0,0.0,0.0,0.0,0.0,0.0,0.0,0.0,0.0,0.0,0.0,0.0,0.0,0.0,0.0,0.0,0.0,0.0,0.0,-0.0,0.0,0.0,0.0,0.0,0.0,0.0,0.0,0.0,0.0,0.0,0.0,0.0,0.0,0.0,0.0,0.0,0.0,0.0,0.0,0.0,0.0,0.0,0.0,0.0,0.0,0.0,0.0,0.0,0.0,0.0,0.0,0.0,0.0,0.0,0.0,0.0,0.0,0.0,0.0,0.0,0.0,0.0,0.0,0.0,0.0,0.0,0.0,0.0,0.0,0.0,0.0,0.0,0.0,0.0,0.0,0.0,0.0,0.0,0.0,0.0,0.0,0.0,0.0,0.0,0.0,0.0,0.0,0.0,0.0,0.0,0.0,0.0,0.0,0.0,0.0,0.0,0.0,0.0,0.0,0.0,0.0,0.0,0.0,0.0,0.0,0.0,0.0,0.0,0.0,0.0,0.0,0.0,0.0,0.0,0.0,0.0,0.0,0.0,0.0,0.0,0.0,0.0,0.0,0.0,0.0,0.0,0.0,0.0,0.0,0.0,0.0,0.0,0.0,0.0,0.0,0.0,0.0,0.0,0.0,0.0,0.0,0.0,0.0,0.0,0.0,0.0,0.0,0.0,0.0,0.0,0.0,0.0,0.0,0.0,0.0,0.0,0.0,0.0,0.0,0.0,0.0,0.0,0.0,0.0,0.0,0.0,0.0,0.0,0.0,0.0,0.0,0.0,0.0,0.0,0.0,0.0,0.0,0.0,0.0,0.0,0.0,0.0,0.0,0.0,0.0,0.0,0.0,0.0,0.0,0.0,0.0,0.0,0.0,0.0,0.0,0.0,0.0,0.0,0.0,0.0,0.0,0.0,0.0,0.0,0.0,0.0,0.0,0.0,0.0,0.0,0.0,0.0,0.0,0.0,0.0,0.0,0.0,0.0,0.0,0.0,0.0,0.0,0.0,0.0,0.0,0.0,0.0,0.0,0.0,0.0,0.0,0.0,0.0,0.0,0.0,0.0,0.0,0.0,0.0,0.0,0.0,0.0,0.0,0.0,0.0,0.0,0.0,0.0,0.0,0.0,0.0,0.0,0.0,0.0,0.0,0.0,0.0,0.0,0.0,0.0,0.0,0.0,0.0,0.0,0.0,0.0,0.0,0.0,0.0,0.0,0.0,0.0,0.0,0.0,0.0,0.0,0.0,0.0,0.0,0.0,0.0,0.0,0.0,0.0,0.0,0.0,0.0,0.0,0.0,0.0,0.0,0.0,-0.0,0.0,0.0,0.0,0.0,0.0,0.0,0.0,0.0,0.0,0.0,0.0,0.0,0.0,0.0,0.0,0.0,0.0,0.0,0.0,0.0,0.0,0.0,0.0,0.0,0.0,0.0,0.0,0.0,0.0,0.0,0.0,0.0,0.0,0.0,0.0,0.0,0.0,0.0,0.0,0.0,0.0,0.0,0.0,0.0,0.0,0.0,0.0,0.0,0.0,0.0,0.0,0.0,0.0,0.0,0.0,0.0,0.0,0.0,0.0,0.0,0.0,0.0,0.0,0.0,0.0,0.0,0.0,0.0,0.0,0.0,0.0,0.0,0.0,0.0,0.0,0.0,0.0,0.0,0.0,0.0,0.0,0.0,0.0,0.0,0.0,0.0,0.0,0.0,0.0,0.0,0.0,0.0,0.0,0.0,0.0,0.0,0.0,0.0,0.0,-0.0,0.0,0.0,0.0,0.0,0.0,0.0,0.0,0.0,0.0,0.0,0.0,0.0,0.0,0.0,0.0,0.0,0.0,0.0,0.0,0.0,0.0,0.0,0.0,0.0,0.0,0.0,0.0,0.0,0.0,0.0,0.0,0.0,0.0,0.0,0.0,0.0,0.0,0.0,0.0,0.0,0.0,0.0,0.0,0.0,0.0,0.0,0.0,0.0,0.0,0.0,0.0,0.0,0.0,0.0,0.0,0.0,0.0,0.0,0.0,0.0,0.0,0.0,0.0,0.0,0.0,0.0,0.0,0.0,0.0,0.0,0.0,0.0,0.0,0.0,0.0,0.0,0.0,0.0,0.0,0.0,0.0,0.0,0.0,0.0,0.0,0.0,0.0,0.0,0.0,0.0,0.0,0.0,0.0,0.0,0.0,0.0,0.0,0.0,0.0,0.0,-0.0,0.0,0.0,0.0,0.0,0.0,0.0,0.0,0.0,0.0,0.0,0.0,0.0,0.0,0.0,0.0,0.0,0.0,0.0,0.0,0.0,0.0,0.0,0.0,0.0,0.0,0.0,0.0,0.0,0.0,0.0,0.0,0.0,0.0,0.0,0.0,0.0,0.0,0.0,0.0,0.0,0.0,0.0,0.0,0.0,0.0,0.0,0.0,0.0,0.0,0.0,0.0,0.0,0.0,0.0,0.0,0.0,0.0,0.0,0.0,0.0,0.0,0.0,0.0,0.0,0.0,0.0,0.0,0.0,0.0,0.0,0.0,0.0,0.0,0.0,0.0,0.0,0.0,0.0,0.0,0.0,0.0,0.0,0.0,0.0,0.0,0.0,0.0,0.0,0.0,0.0,0.0,0.0,0.0,0.0,0.0,0.0,0.0,0.0,0.0,0.0,0.0,-0.0,0.0,0.0,0.0,0.0,0.0,0.0,0.0,0.0,0.0,0.0,0.0,0.0,0.0,0.0,0.0,0.0,0.0,0.0,0.0,0.0,0.0,0.0,0.0,0.0,0.0,0.0,0.0,0.0,0.0,0.0,0.0,0.0,0.0,0.0,0.0,0.0,0.0,0.0,0.0,0.0,0.0,0.0,0.0,0.0,0.0,0.0,0.0,0.0,0.0,0.0,0.0,0.0,0.0,0.0,0.0,0.0,0.0,0.0,0.0,0.0,0.0,0.0,0.0,0.0,0.0,0.0,0.0,0.0,0.0,0.0,0.0,0.0,0.0,0.0,0.0,0.0,0.0,0.0,0.0,0.0,0.0,0.0,0.0,0.0,0.0,0.0,0.0,0.0,0.0,0.0,0.0,0.0,0.0,0.0,0.0,0.0,0.0,0.0,0.0,0.0,0.0,0.0,0.0,0.0,0.0,0.0,0.0,0.0,0.0,0.0,0.0,0.0,0.0,0.0,0.0,0.0,0.0,0.0,0.0,0.0,0.0,0.0,0.0,0.0,0.0,0.0,0.0,0.0,0.0,0.0,0.0,0.0,0.0,0.0,0.0,0.0,0.0,0.0,0.0,0.0,0.0,0.0,0.0,0.0,0.0,0.0,0.0,0.0,0.0,0.0,0.0,0.0,0.0,0.0,0.0,0.0,0.0,0.0,0.0,0.0,0.0,0.0,0.0,0.0,0.0,0.0,0.0,0.0,0.0,0.0,0.0,0.0,0.0,0.0,0.0,0.0,0.0,0.0,0.0,0.0,0.0,0.0,0.0,0.0,0.0,0.0,0.0,0.0,0.0,0.0,0.0,0.0,0.0,0.0,0.0,0.0,0.0,0.0,0.0,0.0,0.0,0.0,0.0,0.0,0.0,0.0,0.0,0.0,0.0,0.0,0.0,0.0,0.0,0.0,0.0,0.0,0.0,0.0,0.0,0.0,0.0,0.0,0.0,0.0,0.0,0.0,0.0,0.0,0.0,0.0,0.0,-0.0,0.0,0.0,0.0,0.0,0.0,0.0,0.0,0.0,0.0,0.0,0.0,0.0,0.0,0.0,0.0,0.0,0.0,0.0,0.0,0.0,0.0,0.0,0.0,0.0,0.0,0.0,0.0,0.0,0.0,0.0,0.0,0.0,0.0,0.0,0.0,0.0,0.0,0.0,0.0,0.0,0.0,0.0,0.0,0.0,0.0,0.0,0.0,0.0,0.0,0.0,0.0,0.0,0.0,0.0,0.0,0.0,0.0,0.0,0.0,0.0,0.0,0.0,0.0,0.0,0.0,0.0,0.0,0.0,0.0,0.0,-0.0,0.0,0.0,0.0,0.0,0.0,0.0,0.0,0.0,0.0,0.0,0.0,0.0,0.0,0.0,0.0,0.0,0.0,0.0,0.0,0.0,0.0,0.0,0.0,0.0,0.0,0.0,0.0,0.0,0.0,0.0,0.0,0.0,0.0,0.0,0.0,0.0,0.0,0.0,0.0,0.0,0.0,0.0,0.0,0.0,0.0,0.0,0.0,0.0,0.0,0.0,0.0,0.0,0.0,0.0,0.0,0.0,0.0,0.0,0.0,0.0,0.0,0.0,0.0,0.0,0.0,0.0,0.0,0.0,0.0,0.0,0.0,0.0,0.0,0.0,0.0,0.0,0.0,0.0,0.0,0.0,0.0,0.0,0.0,0.0,0.0,0.0,0.0,0.0,0.0,0.0,0.0,0.0,0.0,0.0,0.0,0.0,0.0,0.0,0.0,-0.0,-0.0,0.0,0.0,0.0,0.0,0.0,0.0,0.0,0.0,0.0,0.0,0.0,0.0,0.0,0.0,0.0,0.0,0.0,0.0,0.0,0.0,0.0,0.0,0.0,0.0,0.0,0.0,0.0,0.0,0.0,0.0,0.0,0.0,0.0,0.0,0.0,0.0,0.0,0.0,0.0,0.0,0.0,0.0,0.0,0.0,0.0,0.0,0.0,0.0,0.0,0.0,0.0,0.0,0.0,0.0,0.0,0.0,0.0,0.0,0.0,0.0,0.0,0.0,0.0,0.0,0.0,0.0,0.0,0.0,0.0,0.0,0.0,0.0,0.0,0.0,0.0,0.0,0.0,0.0,0.0,0.0,0.0,0.0,0.0,0.0,0.0,0.0,0.0,0.0,0.0,0.0,0.0,0.0,0.0,0.0,0.0,0.0,0.0,0.0,0.0,0.0,0.0,0.0,0.0,0.0,0.0,0.0,0.0,0.0,0.0,0.0,0.0,0.0,0.0,0.0,0.0,0.0,0.0,0.0,0.0,0.0,0.0,0.0,0.0,0.0,0.0,0.0,0.0,0.0,0.0,0.0,0.0,0.0,0.0,0.0,0.0,0.0,0.0,0.0,0.0,0.0,0.0,0.0,0.0,0.0,0.0,0.0,0.0,0.0,0.0,0.0,0.0,0.0,0.0,0.0,0.0,0.0,0.0,0.0,0.0,0.0,0.0,0.0,0.0,0.0,0.0,0.0,0.0,0.0,0.0,0.0,0.0,0.0,0.0,0.0,0.0,0.0,0.0,0.0,0.0,0.0,0.0,0.0,0.0,0.0,0.0,0.0,0.0,0.0,0.0,0.0,0.0,0.0,0.0,0.0,0.0,0.0,0.0,0.0,0.0,0.0,0.0,-0.0,0.0,0.0,0.0,0.0,0.0,0.0,0.0,0.0,0.0,0.0,0.0,0.0,0.0,0.0,0.0,0.0,0.0,0.0,0.0,0.0,0.0,0.0,0.0,0.0,0.0,0.0,0.0,0.0,0.0,0.0,0.0,0.0,0.0,0.0,0.0,0.0,0.0,0.0,0.0,0.0,0.0,0.0,0.0,0.0,0.0,0.0,0.0,0.0,0.0,0.0,0.0,0.0,0.0,0.0,0.0,0.0,0.0,0.0,0.0,0.0,0.0,0.0,0.0,0.0,0.0,0.0,0.0,0.0,0.0,0.0,0.0,0.0,0.0,0.0,0.0,0.0,0.0,0.0,0.0,0.0,0.0,0.0,0.0,0.0,0.0,0.0,0.0,0.0,0.0,0.0,0.0,0.0,0.0,0.0,0.0,0.0,0.0,0.0,0.0,0.0,0.0,0.0,0.0,0.0,0.0,0.0,0.0,0.0,0.0,0.0,0.0,0.0,0.0,0.0,0.0,0.0,0.0,0.0,0.0,0.0,0.0,0.0,0.0,0.0,0.0,0.0,0.0,0.0,0.0,0.0,-0.0,0.0,0.0,0.0,0.0,0.0,0.0,0.0,0.0,0.0,0.0,0.0,0.0,0.0,0.0,0.0,0.0,0.0,0.0,0.0,0.0,0.0,0.0,0.0,0.0,0.0,0.0,0.0,0.0,0.0,0.0,0.0,0.0,0.0,0.0,0.0,0.0,0.0,0.0,0.0,0.0,0.0,0.0,0.0,0.0,0.0,0.0,0.0,0.0,0.0,0.0,0.0,0.0,0.0,0.0,0.0,0.0,0.0,0.0,0.0,0.0,0.0,0.0,0.0,0.0,0.0,0.0,0.0,0.0,0.0,0.0,0.0,0.0,0.0,0.0,0.0,0.0,0.0,0.0,0.0,0.0,0.0,0.0,0.0,0.0,0.0,0.0,0.0,0.0,0.0,0.0,0.0,0.0,0.0,0.0,0.0,0.0,0.0,0.0,0.0,0.0,-0.0,0.0,0.0,0.0,0.0,0.0,0.0,0.0,0.0,0.0,0.0,0.0,0.0,0.0,0.0,0.0,0.0,0.0,0.0,0.0,0.0,0.0,0.0,0.0,0.0,0.0,0.0,0.0,0.0,0.0,0.0,0.0,0.0,0.0,0.0,0.0,0.0,0.0,0.0,0.0,0.0,0.0,0.0,0.0,0.0,0.0,0.0,0.0,0.0,0.0,0.0,0.0,0.0,0.0,0.0,0.0,0.0,0.0,0.0,0.0,0.0,0.0,0.0,0.0,0.0,0.0,0.0,0.0,0.0,0.0,0.0,-0.0,0.0,0.0,0.0,0.0,0.0,0.0,0.0,0.0,0.0,0.0,0.0,0.0,0.0,0.0,0.0,0.0,0.0,0.0,0.0,0.0,0.0,0.0,0.0,0.0,0.0,0.0,0.0,0.0,0.0,0.0,0.0,0.0,0.0,0.0,0.0,0.0,0.0,0.0,0.0,0.0,0.0,0.0,0.0,0.0,0.0,0.0,0.0,0.0,0.0,0.0,0.0,0.0,0.0,0.0,0.0,0.0,0.0,0.0,0.0,0.0,0.0,0.0,0.0,0.0,0.0,0.0,0.0,0.0,0.0,0.0,0.0,0.0,0.0,0.0,0.0,0.0,0.0,0.0,0.0,0.0,0.0,0.0,0.0,0.0,0.0,0.0,0.0,0.0,0.0,0.0,0.0,0.0,0.0,0.0,0.0,0.0,0.0,0.0,0.0,0.0,0.0,0.0,0.0,0.0,0.0,0.0,0.0,0.0,0.0,0.0,0.0,0.0,0.0,0.0,0.0,0.0,0.0,0.0,0.0,0.0,0.0,0.0,0.0,0.0,0.0,0.0,0.0,0.0,0.0,0.0,0.0,0.0,0.0,0.0,0.0,0.0,0.0,0.0,0.0,0.0,0.0,0.0,0.0,0.0,0.0,0.0,0.0,0.0,0.0,0.0,0.0,0.0,0.0,0.0,0.0,0.0,0.0,0.0,0.0,0.0,0.0,0.0,0.0,0.0,0.0,0.0,0.0,0.0,0.0,0.0,0.0,0.0,0.0,0.0,0.0,0.0,0.0,0.0,0.0,0.0,0.0,0.0,0.0,0.0,0.0,0.0,0.0,0.0,0.0,0.0,0.0,0.0,0.0,0.0,0.0,0.0,0.0,0.0,0.0,0.0,0.0
dz,0.0,-5.9185859488263675e-08,-1.1510948505096711e-07,-1.676684021051333e-07,-2.167616219491109e-07,-2.622897745827845e-07,-3.0415512364503897e-07,-3.4226159037191405e-07,-3.7651482169837183e-07,-4.068223079805027e-07,-4.3309354517847706e-07,-4.552402333802418e-07,-4.731765035116842e-07,-4.868191651287349e-07,-4.960879695622158e-07,-5.009058840883716e-07,-5.01199374123999e-07,-4.968986916748477e-07,-4.879381694102973e-07,-4.742565208098227e-07,-4.557971478228256e-07,-4.3250845835472254e-07,-4.0434419650325113e-07,-3.712637885134077e-07,-3.3323270624955845e-07,-2.90222846249392e-07,-2.4221291325708686e-07,-1.89188776302793e-07,-1.311437179633265e-07,-6.807839067828229e-08,0.0,6.890335111201637e-08,1.344122424596464e-07,1.9647110678676084e-07,2.550286683530071e-07,3.100382053818094e-07,3.614573972842422e-07,4.0924813803235963e-07,4.533764344412984e-07,4.938124168704753e-07,5.305304537391678e-07,5.635093483966516e-07,5.927325936249752e-07,6.18188659831851e-07,6.398712953773906e-07,6.57779820397511e-07,6.719193984697789e-07,6.823012733225261e-07,6.889429604500701e-07,6.918683859566943e-07,6.911079672236556e-07,6.866986320988453e-07,6.786837752719705e-07,6.671131523437138e-07,6.520427138507197e-07,6.33534383197082e-07,6.116557840987883e-07,5.864799248068993e-07,5.580848480802045e-07,5.265532576750517e-07,4.919721340546522e-07,4.5443235412597957e-07,4.1402833208488715e-07,3.7085770079222816e-07,3.2502105520862824e-07,2.766217805101839e-07,2.2576598576032024e-07,1.7256255515506453e-07,1.1712330222704897e-07,5.9563143053186844e-08,0.0,-5.828026874070249e-08,-1.1208160364457738e-07,-1.614219215110621e-07,-2.06324112009684e-07,-2.468166588438503e-07,-2.8293367317647576e-07,-3.147147040947191e-07,-3.4220446776939e-07,-3.654525557282662e-07,-3.84513146586646e-07,-3.994447297249184e-07,-4.103098424210783e-07,-4.1717481909807803e-07,-4.201095504497424e-07,-4.1918725023793665e-07,-4.1448422801486646e-07,-4.0607966668458717e-07,-3.940554045735817e-07,-3.784957224946859e-07,-3.5948713715805004e-07,-3.371182032171045e-07,-3.1147932724462515e-07,-2.826625979979227e-07,-2.507616383731391e-07,-2.1587148523658554e-07,-1.7808850327275837e-07,-1.3751033668977397e-07,-9.42358944212609e-08,-4.83653416915972e-08,0.0,-5.813129234814097e-09,-6.812890862695626e-08,-1.2638354742553127e-07,-1.808385849435379e-07,-2.3163927814434556e-07,-2.788159919050686e-07,-3.223302054995881e-07,-3.6210605941841374e-07,-3.980487575451378e-07,-4.300549694017334e-07,-4.580186823343593e-07,-4.818345065857787e-07,-5.013995579981344e-07,-5.166145435797368e-07,-5.273843933737131e-07,-5.336186197751727e-07,-5.352314868195323e-07,-5.321420043041581e-07,-5.24273703903655e-07,-5.115540897707494e-07,-4.939135660099674e-07,-4.712835021270358e-07,-4.4359286341015397e-07,-4.1076243480102645e-07,-3.726949808777635e-07,-3.2925850340935487e-07,-2.802577871517055e-07,-2.2538652178672316e-07,-1.6415046720753014e-07,-9.57717629512482e-08,-1.927787058372314e-08,5.7497299203141895e-08,1.2844195120526185e-07,1.9451183324732819e-07,2.5637765358456643e-07,3.143941223299286e-07,3.6871758886084707e-07,4.1939120045192946e-07,4.6639638853700303e-07,5.096830493232606e-07,5.491872438782774e-07,5.848416958032434e-07,6.165821213410033e-07,6.443511235791971e-07,6.681006402265547e-07,6.877935116469454e-07,7.03404494020113e-07,7.149209038640497e-07,7.223430009197977e-07,7.256841716439275e-07,7.249709508709804e-07,7.202429061032086e-07,7.115524022060346e-07,6.989642607537287e-07,6.825553255875627e-07,6.624139424163419e-07,6.386393535026797e-07,6.113409959842451e-07,5.80637670106866e-07,5.466565048698593e-07,5.095315817907302e-07,4.6940196259479917e-07,4.2640866809208726e-07,3.8068980984688715e-07,3.323724699333813e-07,2.8155885715189077e-07,2.283024201846994e-07,1.7256662629217838e-07,1.1415587650834588e-07,5.2617323446356804e-08,-1.2755792039147608e-08,-7.747641182847526e-08,-1.3536562330281775e-07,-1.8718119927656207e-07,-2.335370396373514e-07,-2.748321286341261e-07,-3.113227809900504e-07,-3.4318089794608774e-07,-3.7053031342403697e-07,-3.934684080988687e-07,-4.1207883246845366e-07,-4.2643898731298956e-07,-4.366244164192704e-07,-4.4271137031326547e-07,-4.4477827898434825e-07,-4.4290656902684886e-07,-4.371810827053868e-07,-4.276902490424332e-07,-4.1452608849222476e-07,-3.977840834545589e-07,-3.7756290275676453e-07,-3.539639163811327e-07,-3.270903609241592e-07,-2.970458914296168e-07,-2.6393203822797986e-07,-2.2784370218443207e-07,-1.8886114285957168e-07,-1.470357891136262e-07,-1.0236585268017144e-07,-5.476048864779976e-08,-4.035771249468923e-09,-1.1194929793639093e-08,-7.796161767976236e-08,-1.3993652130659228e-07,-1.9770451778412305e-07,-2.515931955557545e-07,-3.017501894731538e-07,-3.482017189543342e-07,-3.9089892737568046e-07,-4.297493971272014e-07,-4.6463709971537123e-07,-4.954346498637671e-07,-5.220107080938042e-07,-5.442343846039103e-07,-5.619777905296215e-07,-5.751174204214845e-07,-5.835347511444153e-07,-5.871162423067952e-07,-5.857527749002402e-07,-5.793384338499962e-07,-5.677683974231956e-07,-5.509355105041606e-07,-5.287248502534674e-07,-5.010051854896149e-07,-4.6761560712412304e-07,-4.2834466918541343e-07,-3.8289806692469226e-07,-3.3084941585464446e-07,-2.715685011789827e-07,-2.0412869119679874e-07,-1.2722105807405603e-07,-3.9089638355422944e-08,4.898630582783806e-08,1.2888125565583747e-07,2.0247281831173464e-07,2.7097816353186164e-07,3.35124093903928e-07,3.952892210236504e-07,4.51626181308921e-07,5.041489509470575e-07,5.527907060583922e-07,5.974412503730117e-07,6.379711254715774e-07,6.742472246319819e-07,7.061430020783295e-07,7.335452175958045e-07,7.563584230787428e-07,7.745079393366212e-07,7.879417878798889e-07,7.966318681831742e-07,8.005745648055687e-07,7.997909047376743e-07,7.943263469049213e-07,7.842502621118164e-07,7.696551455180251e-07,7.506555895460397e-07,7.273870282741572e-07,7.000042400411641e-07,6.686795571456687e-07,6.336006715398607e-07,5.949678300436026e-07,5.529900607802923e-07,5.078798304112058e-07,4.598451451453653e-07,4.0907749284056793e-07,3.557330554774559e-07,2.999031551634019e-07,2.415679007238605e-07,1.8052513444940876e-07,1.1628885681640818e-07,4.796561352504915e-08,-2.5898885143949145e-08,-9.952349063154025e-08,-1.6395038164306536e-07,-2.2053520832096434e-07,-2.702954983208844e-07,-3.1395913147701535e-07,-3.520289235476447e-07,-3.84852794709493e-07,-4.126782302061672e-07,-4.356896665912092e-07,-4.540330527867973e-07,-4.678317060628764e-07,-4.771964781011677e-07,-4.822322511228033e-07,-4.830420724040219e-07,-4.79729761696072e-07,-4.7240151680972375e-07,-4.611668384800492e-07,-4.461389542190063e-07,-4.2743481203201657e-07,-4.051746147627601e-07,-3.7948075223113876e-07,-3.5047583459370294e-07,-3.182793008591782e-07,-2.830017205867225e-07,-2.4473536165607674e-07,-2.035388290355253e-07,-1.5941277469911813e-07,-1.1226409845924422e-07,-6.186035766225535e-08,-7.769551803161988e-09,-1.615717542802919e-08,-8.833459816347731e-08,-1.5515248001196466e-07,-2.1742893557358947e-07,-2.756258266251686e-07,-3.299726946509943e-07,-3.8054253361325516e-07,-4.273052754606617e-07,-4.7016599456680523e-07,-5.089911169783763e-07,-5.436257581892291e-07,-5.739048853072695e-07,-5.996603092930149e-07,-6.207248826210213e-07,-6.369347899788488e-07,-6.481304623019669e-07,-6.541563794551872e-07,-6.548598155228613e-07,-6.500883885144199e-07,-6.396860717412215e-07,-6.234870748317712e-07,-6.01306672398665e-07,-5.729276090045836e-07,-5.38080108596394e-07,-4.964127793215297e-07,-4.474510014253432e-07,-3.9053929071729436e-07,-3.247660628071107e-07,-2.488732779355089e-07,-1.6114784951781879e-07,-5.923292894365242e-08,4.259654633623085e-08,1.3426319787098825e-07,2.1834560456872813e-07,2.964865800374391e-07,3.696913726597753e-07,4.3851465085677055e-07,5.032001248240458e-07,5.637860439132095e-07,6.201815605530745e-07,6.72220331072589e-07,7.196976259992686e-07,7.623959360012094e-07,8.001026755911026e-07,8.326224644985233e-07,8.597856519039819e-07,8.814541876034269e-07,8.975255689151458e-07,9.079353460001715e-07,9.126585091720455e-07,9.117099799580113e-07,9.051443623522562e-07,8.930550672019676e-07,8.7557289027306e-07,8.528640948760857e-07,8.251280156598491e-07,7.925941538364693e-07,7.555186668333148e-07,7.141800553865098e-07,6.688737016473581e-07,6.199046885811171e-07,5.675779985530319e-07,5.121846986462252e-07,4.539820108974494e-07,3.931641811210206e-07,3.298198125938339e-07,2.6387006434095004e-07,1.949816338910046e-07,1.224489448588e-07,4.503345475179127e-08,-3.929053719361434e-08,-1.234581127377502e-07,-1.9616809306167743e-07,-2.592353318601289e-07,-3.1398569227470624e-07,-3.613995213706936e-07,-4.0219399072768754e-07,-4.3689159742786473e-07,-4.65877273821707e-07,-4.894421657798261e-07,-5.078152528999871e-07,-5.211854646064611e-07,-5.297168798419025e-07,-5.335590663875935e-07,-5.328540568730062e-07,-5.277410028201008e-07,-5.183592067557263e-07,-5.048499816937606e-07,-4.873575976122681e-07,-4.660294186704352e-07,-4.410151882233351e-07,-4.1246525687665457e-07,-3.805273456652642e-07,-3.4534116202471227e-07,-3.0702981115766673e-07,-2.656864597391467e-07,-2.2135417485311288e-07,-1.7399652458720023e-07,-1.2345638361031871e-07,-6.939764442078176e-08,-1.1210279770676936e-08,-2.0709066376492935e-08,-9.895334813423434e-08,-1.7151522392189983e-07,-2.393120040650611e-07,-3.0287861518308567e-07,-3.6248829638790326e-07,-4.182349491550706e-07,-4.7009064611410673e-07,-5.179469309864162e-07,-5.616443010219037e-07,-6.009927531725198e-07,-6.357856974172386e-07,-6.658090650604776e-07,-6.90846966687693e-07,-7.106848351970006e-07,-7.251106424474595e-07,-7.339144941763556e-07,-7.368866652595126e-07,-7.338139112839032e-07,-7.244736578531027e-07,-7.086254022448034e-07,-6.859983430214217e-07,-6.562738726719796e-07,-6.190611471730043e-07,-5.738635737918244e-07,-5.200339467861762e-07,-4.567164390576958e-07,-3.827744642221792e-07,-2.967017427782213e-07,-1.9650227665056026e-07,-7.950646824552513e-08,3.7745198069711104e-08,1.4346220976747989e-07,2.4058702676863367e-07,3.310348250288684e-07,4.1599029953549135e-07,4.961153004327146e-07,5.717005204653307e-07,6.427805954992159e-07,7.092212880522577e-07,7.707844026557668e-07,8.27175425580233e-07,8.780782057895539e-07,9.23180110690319e-07,9.621902302117633e-07,9.948524866516148e-07,1.020954961061561e-06,1.0403363508320868e-06,1.0528901958942836e-06,1.0585673216064045e-06,1.0573768189564012e-06,1.0493857966606959e-06,1.0347180791209636e-06,1.0135519764435744e-06,9.86117207473106e-07,9.526910047967323e-07,9.135933627266195e-07,8.69181295034678e-07,8.19841835991941e-07,7.659833296067588e-07,7.080242864556912e-07,6.463787184792211e-07,5.814363601405038e-07,5.135355267374119e-07,4.429255551425215e-07,3.6971489646715044e-07,2.938001485319377e-07,2.147704858014962e-07,1.3177934360530958e-07,4.336690366333507e-08,-5.279312621964651e-08,-1.4849408712311262e-07,-2.307498177710422e-07,-3.0161488083397814e-07,-3.6263148002441645e-07,-4.149695204336444e-07,-4.5951785010414017e-07,-4.969517989335431e-07,-5.277879585260142e-07,-5.524282491594711e-07,-5.71194013254933e-07,-5.84351489619285e-07,-5.921303888471773e-07,-5.947372073440351e-07,-5.923646354681883e-07,-5.85198095806204e-07,-5.734201587097429e-07,-5.572133397856848e-07,-5.36761581092788e-07,-5.122505391370246e-07,-4.838666301951415e-07,-4.517945980868457e-07,-4.1621315217237363e-07,-3.772879575294886e-07,-3.351609377790326e-07,-2.899344882447535e-07,-2.416488334941731e-07,-1.9025032528226808e-07,-1.3554735413336304e-07,-7.714737231446459e-08,-1.4364941619588469e-08,-2.4857014971102776e-08,-1.0961459181289535e-07,-1.886210683617616e-07,-2.627771290691719e-07,-3.326213936768737e-07,-3.984278979850843e-07,-4.60282212913674e-07,-5.18137899821347e-07,-5.718581537812816e-07,-6.212463628095848e-07,-6.660681655922154e-07,-7.060669610094318e-07,-7.409744208545849e-07,-7.705172069911169e-07,-7.944207647148873e-07,-8.124107643017281e-07,-8.242124951501328e-07,-8.295482743362027e-07,-8.281327009351644e-07,-8.196653553628944e-07,-8.038202981940043e-07,-7.802314626431164e-07,-7.484727732070535e-07,-7.080316043973312e-07,-6.582741034601595e-07,-5.984010397761847e-07,-5.273931285693923e-07,-4.4394451766305603e-07,-3.4638080942790604e-07,-2.325539316061371e-07,-9.971042090210602e-08,3.4114782583594777e-08,1.556911788977606e-07,2.680343313217913e-07,3.731565164855909e-07,4.723108591448525e-07,5.66188332089679e-07,6.550704132247713e-07,7.389480315395265e-07,8.176145231208409e-07,8.907377676761852e-07,9.579155781673967e-07,1.0187178420057444e-06,1.0727183579730642e-06,1.119518729002048e-06,1.1587661261825385e-06,1.1901662806630815e-06,1.2134927005964195e-06,1.228592842356422e-06,1.2353917726346497e-06,1.233893722475451e-06,1.224181838725046e-06,1.2064163677813735e-06,1.1808314481080762e-06,1.1477306305872043e-06,1.1074811793513397e-06,1.0605071204784197e-06,1.0072808915814063e-06,9.483132903775217e-07,8.841412115556002e-07,8.153123839511376e-07,7.42365959741739e-07,6.658073546405096e-07,5.860751974156503e-07,5.034976475567942e-07,4.182347288271074e-07,3.3020266732192887e-07,2.389751575240659e-07,1.4365435709981632e-07,4.270223355545938e-08,-6.627049003411178e-08,-1.7408956646120894e-07,-2.6676968278864994e-07,-3.464306110851503e-07,-4.1473138714199476e-07,-4.729706723162461e-07,-5.221667476639211e-07,-5.631198288653291e-07,-5.964626061122338e-07,-6.227017910226271e-07,-6.422516726486864e-07,-6.554604796883178e-07,-6.62630561836712e-07,-6.640335092692102e-07,-6.599212615594103e-07,-6.505340917223741e-07,-6.361061525030511e-07,-6.168690742862602e-07,-5.930539178704383e-07,-5.648916085931811e-07,-5.32611802668537e-07,-4.964399513862353e-07,-4.565921245238177e-07,-4.1326692534887525e-07,-3.66633578318916e-07,-3.16815004712583e-07,-2.638643990830841e-07,-2.0773335227075308e-07,-1.482287191449254e-07,-8.495461951063519e-08,-1.7238413740893582e-08,-2.8604783893539596e-08,-1.2018103121273925e-07,-2.0616693796677702e-07,-2.873615925946745e-07,-3.6424394619685967e-07,-4.370448818547087e-07,-5.058106080828437e-07,-5.704535420734502e-07,-6.307916379013788e-07,-6.865781983479634e-07,-7.375240350207309e-07,-7.833135087014384e-07,-8.23615699380899e-07,-8.580917025718337e-07,-8.86398801618524e-07,-9.081920240700862e-07,-9.231233587052031e-07,-9.308386896270639e-07,-9.30972292434895e-07,-9.231385316404945e-07,-9.069201986840937e-07,-8.81852745312503e-07,-8.474035211834744e-07,-8.029450579862577e-07,-7.477215010687041e-07,-6.808074705251027e-07,-6.010587850161237e-07,-5.070542861739819e-07,-3.9702755398324905e-07,-2.687888693387211e-07,-1.196465830021468e-07,3.157373412097017e-08,1.7044817038854195e-07,2.998521258967816e-07,4.217332309161414e-07,5.372981740631115e-07,6.471834346490303e-07,7.515986537485261e-07,8.504437697142008e-07,9.434038584369418e-07,1.0300253450657327e-06,1.1097766981777561e-06,1.1820963186845873e-06,1.2464299857015363e-06,1.3022598509324239e-06,1.349126597386969e-06,1.3866460336055589e-06,1.4145211043495964e-06,1.432550069817014e-06,1.4406314333786036e-06,1.4387660721922964e-06,1.427056933216214e-06,1.4057065863443607e-06,1.375012864683718e-06,1.3353627585221327e-06,1.2872246544190844e-06,1.2311389148554513e-06,1.1677066680614166e-06,1.097576513127469e-06,1.0214286336830964e-06,9.399555469904892e-07,8.538383905981143e-07,7.637172696743285e-07,6.701537704495245e-07,5.735833145780959e-07,4.742545986237759e-07,3.721528891236653e-07,2.6690336937289184e-07,1.5765045624855141e-07,4.291130329118532e-08,-7.958810974798479e-08,-1.9986824978854755e-07,-3.035692576663104e-07,-3.9276505784130066e-07,-4.6914746081442825e-07,-5.340860556441708e-07,-5.886875975208856e-07,-6.33847936148499e-07,-6.702962391446983e-07,-6.986324476134418e-07,-7.193585498997633e-07,-7.329041048037597e-07,-7.396465580041923e-07,-7.399270326056457e-07,-7.340623195888315e-07,-7.223537436916519e-07,-7.050934696419214e-07,-6.825686735023978e-07,-6.550638520201137e-07,-6.228613862942227e-07,-5.862403151252426e-07,-5.454731057528396e-07,-5.00820033459364e-07,-4.525205978625485e-07,-4.0078121689112e-07,-3.4575824977406656e-07,-2.8753519167938413e-07,-2.2609264122779766e-07,-1.6126952932544043e-07,-9.27149468782977e-08,-1.983357055411557e-08,-3.1953788319843586e-08,-1.3055852260507196e-07,-2.2392768097761056e-07,-3.127003086297021e-07,-3.972443765064098e-07,-4.777072879031826e-07,-5.540653560843834e-07,-6.261667123966452e-07,-6.937663161695276e-07,-7.565535168340156e-07,-8.141731508454316e-07,-8.662411998505944e-07,-9.123559339668865e-07,-9.521053156407656e-07,-9.850712689708531e-07,-1.0108312362367905e-06,-1.028957255925113e-06,-1.0390126112716609e-06,-1.0405459197242302e-06,-1.0330823664832777e-06,-1.0161116373878512e-06,-9.890719925469656e-07,-9.513298652778149e-07,-9.02154399136419e-07,-8.406864672462204e-07,-7.659019364549403e-07,-6.765691955254739e-07,-5.712013239934798e-07,-4.4800433178315044e-07,-3.048261468278956e-07,-1.3911842166049674e-07,3.010928221466352e-08,1.8744403053804946e-07,3.354722027125662e-07,4.7594326260639236e-07,6.099098560420344e-07,7.378700177844109e-07,8.598960063499817e-07,9.757453995466838e-07,1.084954705636469e-06,1.1869171879687177e-06,1.2809468691367268e-06,1.3663306284545156e-06,1.4423701566964422e-06,1.5084153283621974e-06,1.5638903188884723e-06,1.6083135613270827e-06,1.6413124278561105e-06,1.6626333487570893e-06,1.6721479475030952e-06,1.6698556705328784e-06,1.6558833153246186e-06,1.6304818000846378e-06,1.594020462138496e-06,1.5469791100217831e-06,1.4899379773837086e-06,1.4235656272787538e-06,1.3486047264300862e-06,1.265855444996322e-06,1.1761560343696497e-06,1.0803598925862023e-06,9.79308147894785e-07,8.737964868880784e-07,7.64534643435553e-07,6.520966723293566e-07,5.368598806054269e-07,4.1893012466873445e-07,2.980512976745044e-07,1.7349793333771514e-07,4.395358850706226e-08,-9.261313463764145e-08,-2.255556112039315e-07,-3.406773667587762e-07,-4.3994439545919844e-07,-5.250209223870088e-07,-5.972984518383055e-07,-6.579345706730353e-07,-7.078923113759501e-07,-7.479765205401736e-07,-7.788661514650867e-07,-8.011421980892709e-07,-8.153112560554711e-07,-8.218248899992481e-07,-8.210951514581558e-07,-8.135066916994291e-07,-7.994259354466569e-07,-7.792077385517183e-07,-7.531998663090531e-07,-7.217455168412032e-07,-6.851839869295189e-07,-6.438494419625842e-07,-5.98067610971759e-07,-5.481500856094519e-07,-4.943857635862581e-07,-4.3702884927981347e-07,-3.762827149896358e-07,-3.1227885450267134e-07,-2.450502035440118e-07,-1.7449851874742407e-07,-1.0035687129716027e-07,-2.2151516055924454e-08,-3.490347642870585e-08,-1.4068089930389254e-07,-2.41735406409064e-07,-3.385072022753381e-07,-4.312142800579831e-07,-5.198864168986635e-07,-6.044021036117445e-07,-6.845229693591336e-07,-7.599234129090693e-07,-8.302148680197513e-07,-8.949649346357999e-07,-9.53711911640163e-07,-1.0059753317440411e-06,-1.0512630546759791e-06,-1.0890753761914927e-06,-1.118906482565715e-06,-1.1402434378581143e-06,-1.1525627450952764e-06,-1.1553243817121677e-06,-1.1479630834821503e-06,-1.1298765514771651e-06,-1.1004101991025773e-06,-1.0588380604803316e-06,-1.0043395672257992e-06,-9.359720820195955e-07,-8.526393646843095e-07,-7.530565847398065e-07,-6.357132719406078e-07,-4.988371693084129e-07,-3.4036498941493217e-07,-1.57930978549251e-07,2.978384614905935e-08,2.0654082282128191e-07,3.7453406751856626e-07,5.35209447157017e-07,6.893711108214324e-07,8.372991415124926e-07,9.78863161934009e-07,1.1136253317418106e-06,1.2409306551464018e-06,1.3599845974440448e-06,1.4699188500643333e-06,1.5698463683586728e-06,1.658906854084163e-06,1.7363037922649904e-06,1.8013340366562672e-06,1.8534108041410589e-06,1.892080809994172e-06,1.917036167081305e-06,1.92812158766078e-06,1.9253373644325243e-06,1.908838561248876e-06,1.8789308046273254e-06,1.8360630254975437e-06,1.780817447667045e-06,1.713897047729133e-06,1.6361106145592506e-06,1.5483554109013404e-06,1.4515972825891138e-06,1.3468478729609533e-06,1.235138384758248e-06,1.117489097774234e-06,9.948736123974226e-07,8.681765686042936e-07,7.381434171498616e-07,6.053207437950716e-07,4.699857758667985e-07,3.32064297480197e-07,1.9103782780631586e-07,4.5844556856464635e-08,-1.0521426865443743e-07,-2.509385265701947e-07,-3.7774780195611334e-07,-4.874702716970297e-07,-5.817036667160454e-07,-6.618239080794938e-07,-7.290073235968043e-07,-7.842581290419301e-07,-8.284366016222529e-07,-8.622856890901386e-07,-8.864549957718644e-07,-9.015216776399294e-07,-9.0800811111833e-07,-9.063964184204054e-07,-8.971400701161903e-07,-8.806728510447669e-07,-8.574154791837679e-07,-8.277801236685882e-07,-7.921729926511598e-07,-7.50995066110682e-07,-7.046409420463478e-07,-6.534956539082777e-07,-5.979292097346227e-07,-5.382885076700798e-07,-4.748862098511123e-07,-4.079861264505482e-07,-3.3778471613562173e-07,-2.6438854695639604e-07,-1.8778817983045567e-07,-1.0783024515930323e-07,-2.4191874028986902e-08,-3.74517443639548e-08,-1.5050038352032394e-07,-2.5946376234944493e-07,-3.6455817721088837e-07,-4.6582312522093793e-07,-5.631433515083716e-07,-6.562754604825955e-07,-7.448744463263407e-07,-8.285176927428593e-07,-9.067253787456601e-07,-9.789770301631065e-07,-1.0447243662189754e-06,-1.1034007622365269e-06,-1.154427686839764e-06,-1.1972184347120374e-06,-1.2311793970241977e-06,-1.2557090109744167e-06,-1.270194421536245e-06,-1.2740057842315862e-06,-1.26648804904197e-06,-1.2469500052988886e-06,-1.2146503505430632e-06,-1.1687805897583456e-06,-1.10844469264876e-06,-1.0326356552068797e-06,-9.402094597119158e-07,-8.298574783438805e-07,-7.000792733614519e-07,-5.49159240374255e-07,-3.751527950562852e-07,-1.758906592708746e-07,3.070785273632809e-08,2.2770654209502166e-07,4.168340238172361e-07,5.991499939563245e-07,7.751297140668988e-07,9.447629675913625e-07,1.1076542925112655e-06,1.263117682293047e-06,1.4102626187760313e-06,1.5480703347726895e-06,1.67546024447876e-06,1.7913469631901745e-06,1.8946885312591572e-06,1.984526505264037e-06,2.060018557398445e-06,2.12046417419251e-06,2.1653239927357947e-06,2.1942332700823505e-06,2.2070099541940177e-06,2.2036578107185556e-06,2.1843650528722606e-06,2.1494989132973925e-06,2.0995965782089896e-06,2.035352867577792e-06,1.95760498441437e-06,1.8673145675091728e-06,1.7655471637101564e-06,1.6534490889807967e-06,1.532221475890155e-06,1.403091116028859e-06,1.2672775105317227e-06,1.1259553572238186e-06,9.802115530934362e-07,8.30995712489873e-07,6.790632572932899e-07,5.249104433726633e-07,3.6870146572767524e-07,2.1018939485033754e-07,4.863569567338619e-08,-1.1726154241225303e-07,-2.7584079909448663e-07,-4.1451616523645686e-07,-5.349674969755465e-07,-6.387032900305036e-07,-7.27057325693574e-07,-8.011991324809474e-07,-8.621517339195603e-07,-9.108123340569604e-07,-9.479733126418421e-07,-9.743420409541493e-07,-9.905587207806072e-07,-9.972118684183468e-07,-9.948513302818312e-07,-9.839988830839461e-07,-9.651565640496182e-07,-9.388129099674944e-07,-9.054472714478408e-07,-8.6553232334333e-07,-8.195348253265905e-07,-7.679146079321535e-07,-7.1112167780617e-07,-6.495912605073456e-07,-5.837365408098693e-07,-5.13938834383663e-07,-4.40534956184473e-07,-3.638016852073286e-07,-2.839375407251737e-07,-2.010426984729418e-07,-1.1509892918526756e-07,-2.5953103748898986e-08,-3.9595362800883463e-08,-1.5998156368123073e-07,-2.7701657600395257e-07,-3.9067702125567594e-07,-5.008036209370774e-07,-6.07114940477304e-07,-7.092259395458365e-07,-8.066676590777498e-07,-8.989058415814611e-07,-9.853573051633265e-07,-1.0654035685344621e-06,-1.1384016296725495e-06,-1.2036920125914734e-06,-1.2606042815791435e-06,-1.308460228615672e-06,-1.346574899498823e-06,-1.374255558744465e-06,-1.39079861793948e-06,-1.3954844795199875e-06,-1.3875701898152326e-06,-1.3662797640810602e-06,-1.3307920558311258e-06,-1.2802261082340696e-06,-1.2136240641268143e-06,-1.129931946117797e-06,-1.0279789855274885e-06,-9.064567387515805e-07,-7.639000659294406e-07,-5.986732285127503e-07,-4.0896584489135464e-07,-1.9280492786894554e-07,3.302279584964091e-08,2.50983158000868e-07,4.6228471486973177e-07,6.675353080647034e-07,8.668134153512438e-07,1.059754087961249e-06,1.245638626013824e-06,1.4234819032622208e-06,1.5921140360593557e-06,1.7502547697789223e-06,1.8965799253568822e-06,2.0297797697927934e-06,2.148609431836125e-06,2.251931598638479e-06,2.33875177438254e-06,2.4082464006129205e-06,2.459784154012143e-06,2.4929407619638005e-06,2.5075077117827663e-06,2.50349527205824e-06,2.4811302863812214e-06,2.4408492314341022e-06,2.383287043936662e-06,2.309262206944446e-06,2.2197585407854493e-06,2.1159040658090822e-06,1.9989471944341437e-06,1.8702303729038906e-06,1.7311611356142266e-06,1.5831803666573387e-06,1.4277273974625747e-06,1.2662014237946247e-06,1.0999186246143463e-06,9.300643464741528e-07,7.576398394597586e-07,5.834033899376897e-07,4.0780643856440515e-07,2.3092661260303633e-07,5.24018792422169e-08,-1.286259917786586e-07,-3.0010837193235693e-07,-4.507711111918072e-07,-5.821459630401464e-07,-6.956404278182977e-07,-7.925284950204482e-07,-8.73953670118955e-07,-9.40939532541919e-07,-9.944042065277193e-07,-1.0351762591076139e-06,-1.0640104414609085e-06,-1.081602327738114e-06,-1.0886013321679876e-06,-1.0856218651209273e-06,-1.073252567865871e-06,-1.052063671682147e-06,-1.0226125771852249e-06,-9.854477574684918e-07,-9.411110655276758e-07,-8.901384828537346e-07,-8.33059291564587e-07,-7.703935961076951e-07,-7.026480720692409e-07,-6.303097907190895e-07,-5.538379748134462e-07,-4.7365360816139034e-07,-3.9012698502376905e-07,-3.035635957347956e-07,-2.1418926017043058e-07,-1.221361969129592e-07,-2.7432823978646715e-08,-4.133040329744708e-08,-1.6909757913470347e-07,-2.943197184325659e-07,-4.1672415671219354e-07,-5.359387908896922e-07,-6.515002533193833e-07,-7.628663411268643e-07,-8.694299812231586e-07,-9.705329553050516e-07,-1.0654783175411768e-06,-1.1535409510317975e-06,-1.2339760501597302e-06,-1.3060255174295404e-06,-1.3689223624787663e-06,-1.4218932207213037e-06,-1.4641590951884136e-06,-1.4949343864827875e-06,-1.5134242266697292e-06,-1.5188200852343362e-06,-1.5102935798597199e-06,-1.4869884128449819e-06,-1.4480103775034944e-06,-1.3924154514732992e-06,-1.319196131889943e-06,-1.2272663921629708e-06,-1.1154459806996936e-06,-9.824452742171261e-07,-8.268525718287027e-07,-6.471265585942431e-07,-4.415975651781177e-07,-2.084819213692119e-07,3.6890530808420916e-08,2.764641487206192e-07,5.10883775015303e-07,7.40251480734293e-07,9.641912060842972e-07,1.1819263517274317e-06,1.3923617174341393e-06,1.5941648261062313e-06,1.7858436836223666e-06,1.9658192524353727e-06,2.132491665138325e-06,2.284299638993597e-06,2.419772792702597e-06,2.537576699660774e-06,2.6365505965738807e-06,2.71573773873151e-06,2.774408472545974e-06,2.812076188935809e-06,2.8285064256888737e-06,2.8237194950685197e-06,2.797987113385194e-06,2.7518235901126146e-06,2.685972184940565e-06,2.6013872545729516e-06,2.499212783714763e-06,2.380757827300605e-06,2.2474692881171506e-06,2.1009023231602207e-06,1.9426885233316803e-06,1.7745018563650611e-06,1.5980222161633142e-06,1.414896299985563e-06,1.2266954602028304e-06,1.0348701806302455e-06,8.40700953875437e-07,6.452456502704053e-07,4.4928405915557567e-07,2.5326127588615936e-07,5.723324550475721e-08,-1.3917926000413055e-07,-3.2360029420314107e-07,-4.863354006423325e-07,-6.287736109104133e-07,-7.522165070915717e-07,-8.57867213321001e-07,-9.468293972143298e-07,-1.0201129951765426e-06,-1.0786438901394457e-06,-1.12327545700397e-06,-1.1548005346936092e-06,-1.1739628979138078e-06,-1.181467677345534e-06,-1.1779904368332731e-06,-1.1641847876631071e-06,-1.1406885254866784e-06,-1.1081283311408664e-06,-1.0671230950314058e-06,-1.0182859162765658e-06,-9.622248016278936e-07,-8.995420537906751e-07,-8.308323025122491e-07,-7.566791037276584e-07,-6.77650023051981e-07,-5.942901443220983e-07,-5.07114021076572e-07,-4.165962436702644e-07,-3.231610549024704e-07,-2.2717183683500508e-07,-1.2892182729289981e-07,-2.8628136382311408e-08,-4.265265877124296e-08,-1.7782766486973282e-07,-3.113152027058276e-07,-4.425876930090949e-07,-5.710507936916995e-07,-6.960479531318719e-07,-8.168682280498175e-07,-9.32755509908831e-07,-1.042917877531868e-06,-1.14653624827767e-06,-1.2427718518205598e-06,-1.3307723010922315e-06,-1.409676194878348e-06,-1.478616274093742e-06,-1.5367211887573087e-06,-1.5831159327725945e-06,-1.6169209830678792e-06,-1.6372501498534461e-06,-1.643207115355088e-06,-1.6338806183015974e-06,-1.6083382397399166e-06,-1.565618772309597e-06,-1.5047232213348866e-06,-1.424604605745318e-06,-1.324156916747443e-06,-1.2022038715503127e-06,-1.0574884847778754e-06,-8.88664971712711e-07,-6.942950548711413e-07,-4.7285125548191273e-07,-2.2272999483140473e-07,4.248634391140959e-08,3.042784041061342e-07,5.626894180206784e-07,8.172696544233046e-07,1.0671386534790023e-06,1.3110578969217423e-06,1.5475073403407467e-06,1.7747621093606999e-06,1.990967042407782e-06,2.1942075354250924e-06,2.3825756015452658e-06,2.554230328008092e-06,2.7074520727507983e-06,2.840689852177414e-06,2.952601470487934e-06,3.0420860545455905e-06,3.1083087976662177e-06,3.1507178807463832e-06,3.1690537210886484e-06,3.1633508837889683e-06,3.133933160751259e-06,3.081402461967892e-06,3.0066222595576273e-06,2.910696369195826e-06,2.7949438439641497e-06,2.660870695997976e-06,2.510139060057587e-06,2.344534281990916e-06,2.1659302674423016e-06,1.9762532761448913e-06,1.7774442088654199e-06,1.5714193221831108e-06,1.3600292372875401e-06,1.1450161035033401e-06,9.279688625532931e-07,7.102767716539862e-07,4.93081730993703e-07,2.772306055525282e-07,6.322983740276437e-08,-1.4879313629318538e-07,-3.4618308856434647e-07,-5.210533783404425e-07,-6.746573905681141e-07,-8.081896802420657e-07,-9.227759417324644e-07,-1.0194704853408936e-06,-1.099259057134159e-06,-1.163065026689892e-06,-1.2117573583031373e-06,-1.2461592074849539e-06,-1.2670563601730164e-06,-1.2752050263875416e-06,-1.2713387134315725e-06,-1.2561740488344734e-06,-1.230415514798414e-06,-1.1947591068131216e-06,-1.1498949498776835e-06,-1.0965089051282118e-06,-1.0352831851749519e-06,-9.668959750253866e-07,-8.920200339217452e-07,-8.113202390880439e-07,-7.254500339070595e-07,-6.350467711879784e-07,-5.407260101738885e-07,-4.4307494858664005e-07,-3.426453617341525e-07,-2.399466871024698e-07,-1.3544023583535454e-07,-2.9535944138896598e-08,-4.355805602954747e-08,-1.8615553376210706e-07,-3.279567786268154e-07,-4.681761891241579e-07,-6.05991229056738e-07,-7.405446570512217e-07,-8.709487960439278e-07,-9.962907656159098e-07,-1.1156379033067052e-06,-1.2280428523807974e-06,-1.332547997000156e-06,-1.4281890774617187e-06,-1.513997919860958e-06,-1.5890042737409528e-06,-1.6522367779816224e-06,-1.7027230792803543e-06,-1.73948911768964e-06,-1.7615575770906255e-06,-1.7679454815977295e-06,-1.7576609078152748e-06,-1.729698783992883e-06,-1.683035767628464e-06,-1.6166242414345765e-06,-1.529385554010534e-06,-1.4202027677739496e-06,-1.2879133741381718e-06,-1.1313027006060264e-06,-9.490990571809202e-07,-7.399720114088371e-07,-5.025354572770801e-07,-2.3535720358076468e-07,4.999428758373513e-08,3.345782288431495e-07,6.178008790629407e-07,8.98619896301958e-07,1.175606690015149e-06,1.4470163252747532e-06,1.7108602609559957e-06,1.964979514778716e-06,2.2071166966303213e-06,2.4349856878783357e-06,2.646337882830282e-06,2.8390239675421685e-06,3.011050249447587e-06,3.1606286056694993e-06,3.286219212299585e-06,3.3865653637481937e-06,3.4607198916697574e-06,3.508062937838232e-06,3.5283111070740158e-06,3.521518301670926e-06,3.488068792605141e-06,3.4286632921214926e-06,3.344298939772914e-06,3.236244190401566e-06,3.106009597531369e-06,2.9553154268977513e-06,2.786056926117652e-06,2.6002679349421156e-06,2.400083364028969e-06,2.1877009152726792e-06,1.965342277386866e-06,1.735213917762242e-06,1.4994675145627368e-06,1.260160039725393e-06,1.0192135230826337e-06,7.783746127099779e-07,5.391742196676777e-07,3.0288785644207416e-07,7.049793948450862e-08,-1.573390403902301e-07,-3.6772713037900996e-07,-5.547825783914702e-07,-7.196297714355413e-07,-8.633568525644258e-07,-9.870083986987933e-07,-1.0915830966664404e-06,-1.1780350907864659e-06,-1.247277724894727e-06,-1.3001886141043835e-06,-1.337615243609884e-06,-1.3603805388169161e-06,-1.369288053529229e-06,-1.3651265739352768e-06,-1.3486740403992619e-06,-1.320700755362214e-06,-1.2819718829920967e-06,-1.233249262401277e-06,-1.1752925577770411e-06,-1.1088597611443917e-06,-1.0347070515856092e-06,-9.53588003240985e-07,-8.662521281682143e-07,-7.734427446338312e-07,-6.758941830990269e-07,-5.743283883924275e-07,-4.6945105468298985e-07,-3.619475452550842e-07,-2.5247900276698275e-07,-1.416792444920107e-07,-3.0153264238559435e-08,-4.404306043655997e-08,-1.940682698033549e-07,-3.442064999916892e-07,-4.934126091720949e-07,-6.406325758831566e-07,-7.848041503187073e-07,-9.248582072081949e-07,-1.0597204458102153e-06,-1.1883131705322016e-06,-1.3095569648029094e-06,-1.422372137715539e-06,-1.525679874626007e-06,-1.6184030588743164e-06,-1.6994667537154387e-06,-1.767798344006522e-06,-1.8223273390176234e-06,-1.8619848335896318e-06,-1.885702617295542e-06,-1.8924119128163116e-06,-1.8810417181897815e-06,-1.8505167261638943e-06,-1.7997548015652574e-06,-1.7276640194254547e-06,-1.6331393088890237e-06,-1.5150588179287192e-06,-1.3722802184575022e-06,-1.2036373136925834e-06,-1.007937483465181e-06,-7.839606857213725e-07,-5.30460875834374e-07,-2.461707262408713e-07,5.960383009756947e-08,3.6752983264869826e-07,6.763419604373334e-07,9.843681148954574e-07,1.2895928542818166e-06,1.5897254552625784e-06,1.8822696598300969e-06,2.164593987724769e-06,2.434001851506405e-06,2.6878006204450756e-06,2.923368585901097e-06,3.138218607029672e-06,3.3300571089527443e-06,3.496837087214163e-06,3.6368038518664535e-06,3.7485324225842184e-06,3.830955753909148e-06,3.883383307934478e-06,3.905509871710475e-06,3.897414903116777e-06,3.8595530449713255e-06,3.7927367398976073e-06,3.6981120843695812e-06,3.5771291683492676e-06,3.431508159219358e-06,3.2632023189273343e-06,3.0743590128446436e-06,2.8672796026492143e-06,2.644378937597358e-06,2.4081449888071644e-06,2.161099023442929e-06,1.9057565968355655e-06,1.6445895507640886e-06,1.3799891399356417e-06,1.1142303572604761e-06,8.494374838094669e-07,5.875508550989527e-07,3.302948585777289e-07,7.914744306149857e-08,-1.646874602600443e-07,-3.881042126443722e-07,-5.873879432963085e-07,-7.635389932714665e-07,-9.175400543284553e-07,-1.0503525949817136e-06,-1.1629158291330814e-06,-1.2561475423477945e-06,-1.3309461110954457e-06,-1.3881931617492684e-06,-1.4287564566531408e-06,-1.4534927280406945e-06,-1.4632502897551987e-06,-1.4588713369859352e-06,-1.4411938980697607e-06,-1.4110534350840923e-06,-1.3692841070731104e-06,-1.316719716148906e-06,-1.2541943562744794e-06,-1.1825427803305263e-06,-1.1026004955790781e-06,-1.0152035929812935e-06,-9.211883139297184e-07,-8.213903606976406e-07,-7.166439662260369e-07,-6.077807567371542e-07,-4.95628468839761e-07,-3.810096222317373e-07,-2.64740299226088e-07,-1.476292407934656e-07,-3.0477533564540144e-08,-4.410507411929896e-08,-2.0155552144551113e-07,-3.6003188973156785e-07,-5.182290475827225e-07,-6.748604021542184e-07,-8.286572259684553e-07,-9.783673100643123e-07,-1.1227532935012372e-06,-1.260590909194066e-06,-1.390667302727058e-06,-1.51177951510331e-06,-1.6227331721452748e-06,-1.7223413917008047e-06,-1.809423902049665e-06,-1.8828063568709046e-06,-1.9413198297366258e-06,-1.983800470978632e-06,-2.0090893095375072e-06,-2.016032180539241e-06,-2.003479755057255e-06,-1.9702876416209433e-06,-1.91531651997154e-06,-1.8374322575948115e-06,-1.7355059509714226e-06,-1.6084138297636697e-06,-1.4550369678004531e-06,-1.2742607644782346e-06,-1.0649741974886521e-06,-8.260689022590859e-07,-5.564381975578735e-07,-2.549762299324532e-07,7.150719144816693e-08,4.0330513974065553e-07,7.384462618602501e-07,1.0745946484397443e-06,1.4091138518179517e-06,1.7391328263623807e-06,2.061612652725216e-06,2.373414205460952e-06,2.671366770779146e-06,2.952337092772587e-06,3.2132977934042737e-06,3.451393697333558e-06,3.6640043333503616e-06,3.848800786694901e-06,4.003795138442134e-06,4.127380941170111e-06,4.218363527381323e-06,4.275979399466716e-06,4.299904465285513e-06,4.290251410075612e-06,4.247556979495619e-06,4.172760342816096e-06,4.067173976903406e-06,3.932448647361729e-06,3.7705340696165917e-06,3.5836367327918065e-06,3.374176196015909e-06,3.144740956356255e-06,2.8980447726302626e-06,2.6368841346108598e-06,2.3640974066776895e-06,2.0825260510522765e-06,1.7949782390206684e-06,1.5041950690924837e-06,1.2128195012428625e-06,9.23367957197552e-07,6.382043122678347e-07,3.595157470857368e-07,8.928981128007142e-08,-1.7070734829602561e-07,-4.071857987660981e-07,-6.187376584464684e-07,-8.062417456040116e-07,-9.705757592903156e-07,-1.112616997406335e-06,-1.233243189855934e-06,-1.3333333017383264e-06,-1.413768207467341e-06,-1.4754311879647805e-06,-1.5192082459973283e-06,-1.5459882641133032e-06,-1.556663045409808e-06,-1.5521272822195922e-06,-1.5332784954354222e-06,-1.5010169810742092e-06,-1.4562457935302144e-06,-1.3998707885681258e-06,-1.3328007444546141e-06,-1.255947577096609e-06,-1.1702266645296791e-06,-1.076557296993993e-06,-9.758632699959931e-07,-8.690736373239088e-07,-7.571236363268276e-07,-6.409557856307576e-07,-5.215211325520108e-07,-3.997805913456998e-07,-2.7670626330025724e-07,-1.5328256541760802e-07,-3.050690985138727e-08,-4.37428299063701e-08,-2.0860885003128407e-07,-3.7540342257405203e-07,-5.425618737062803e-07,-7.085660068679072e-07,-8.719418848065368e-07,-1.0312555900172257e-06,-1.1851080407731637e-06,-1.3321296129907789e-06,-1.4709750604951044e-06,-1.600319022736577e-06,-1.718852260720822e-06,-1.8252786655974715e-06,-1.918313030680694e-06,-1.9966795546041543e-06,-2.059111039296843e-06,-2.1043487520708778e-06,-2.1311429292132e-06,-2.1382539037374863e-06,-2.1244538381545596e-06,-2.0885290306269052e-06,-2.0292827364170615e-06,-1.945538403295885e-06,-1.8361431575563194e-06,-1.6999712961148908e-06,-1.5359274424460702e-06,-1.3429489172544891e-06,-1.1200067736595136e-06,-8.661048755887484e-07,-5.802763915850056e-07,-2.615771775473301e-07,8.589691828116124e-08,4.4207403264061054e-07,8.042429382181238e-07,1.1693733067788522e-06,1.5341783263570847e-06,1.895177043983647e-06,2.2487572158437434e-06,2.591240082658098e-06,2.9189477548397314e-06,3.2282729003488116e-06,3.5157495548238772e-06,3.778123226795858e-06,4.012418065296005e-06,4.215998683021963e-06,4.386624274293321e-06,4.522492922054788e-06,4.622274432368964e-06,4.685130630914356e-06,4.710722745828046e-06,4.699206210391958e-06,4.651213868414601e-06,4.567829085556307e-06,4.450550615179245e-06,4.301251221878996e-06,4.1221320442729755e-06,3.915674519007255e-06,3.684591441240538e-06,3.4317784555380207e-06,3.160266999915687e-06,2.8731794958275835e-06,2.5736874028435638e-06,2.264972636105672e-06,1.9501927579877652e-06,1.6324502674620551e-06,1.3147661731300474e-06,1.000057794558677e-06,6.911203488800948e-07,3.9061135314590276e-07,1.0103635533563597e-07,-1.7526548067139124e-07,-4.248416538031458e-07,-6.48699927071298e-07,-8.475973127287059e-07,-1.0223060353382083e-06,-1.173618688336334e-06,-1.3023510410540815e-06,-1.4093428825027906e-06,-1.4954573721287533e-06,-1.5615793656235338e-06,-1.6086131312168663e-06,-1.6374797957695327e-06,-1.6491147792307053e-06,-1.6444654020343008e-06,-1.624488788553174e-06,-1.5901501428286972e-06,-1.5424214402147473e-06,-1.482280558843909e-06,-1.410710865823772e-06,-1.3287012723500722e-06,-1.2372467767512691e-06,-1.1373495216704773e-06,-1.0300203971053909e-06,-9.162812194406251e-07,-7.971675006940151e-07,-6.737317830787655e-07,-5.470474423277092e-07,-4.1821275171302515e-07,-2.883548446296325e-07,-1.5863301781905772e-07,-3.0240569201841537e-08,-4.295678362990851e-08,-2.152211216268303e-07,-3.9029209549050006e-07,-5.663469894464727e-07,-7.416391725564505e-07,-9.144936172672825e-07,-1.0832991546088045e-06,-1.2464993317799027e-06,-1.4025831360439061e-06,-1.5500763830553627e-06,-1.6875342134475502e-06,-1.8135348947819283e-06,-1.9266749739226136e-06,-2.0255657461087647e-06,-2.10883097826135e-06,-2.1751058253663036e-06,-2.223036894903846e-06,-2.251283434169219e-06,-2.2585196305453472e-06,-2.243438018195114e-06,-2.204753969386438e-06,-2.141211207722002e-06,-2.0515882067176603e-06,-1.934705223591793e-06,-1.7894315595249834e-06,-1.6146924329619974e-06,-1.4094746095473856e-06,-1.1728296746379421e-06,-9.038736096789094e-07,-6.017812204819856e-07,-2.6577407640412153e-07,1.0296334576436044e-07,4.839963160451159e-07,8.738420222429341e-07,1.268749816836233e-06,1.6647588452908273e-06,2.057754107774431e-06,2.4435238212368743e-06,2.81782068231602e-06,3.1764282064444075e-06,3.51523183901591e-06,3.830293340872589e-06,4.117926101638329e-06,4.3747685037858075e-06,4.597852216242186e-06,4.784662325906011e-06,4.933186516645624e-06,5.041951066410937e-06,5.110042213245303e-06,5.137112362361947e-06,5.123371561082353e-06,5.069565538054036e-06,4.9769422846352995e-06,4.847209583700878e-06,4.682486047088266e-06,4.485248136984851e-06,4.258275382118333e-06,4.004595635380181e-06,3.7274318316732388e-06,3.430151354029571e-06,3.1162188409686585e-06,2.7891530835483485e-06,2.452488558768494e-06,2.109742097462121e-06,1.764385138767361e-06,1.4198219085017571e-06,1.0793735893764911e-06,7.462680443061362e-07,4.236338721290368e-07,1.1449661334853627e-07,-1.782257844612555e-07,-4.409386489748443e-07,-6.771401990957688e-07,-8.874624388597832e-07,-1.0725706048105949e-06,-1.2331725221173142e-06,-1.3700230336051346e-06,-1.4839245067795975e-06,-1.5757245167974781e-06,-1.6463117204794244e-06,-1.6966107669732117e-06,-1.7275768953018022e-06,-1.7401906844471374e-06,-1.7354532660132339e-06,-1.714382188930248e-06,-1.678008039363064e-06,-1.6273718630011085e-06,-1.563523406027039e-06,-1.4875201798368048e-06,-1.4004273576990277e-06,-1.3033185238305857e-06,-1.1972773114323164e-06,-1.083399979733219e-06,-9.627989826373555e-07,-8.366075615872781e-07,-7.059853374860491e-07,-5.721247632004399e-07,-4.362581127919154e-07,-2.9966441615664324e-07,-1.636753951761231e-07,-2.967900216755137e-08,-4.1749507582260736e-08,-2.213858401301316e-07,-4.046668707656771e-07,-5.895149060388887e-07,-7.739607117841894e-07,-9.561354837694465e-07,-1.1342585444157933e-06,-1.3066235104905446e-06,-1.4715846953694356e-06,-1.6275447809757588e-06,-1.772944274627121e-06,-1.9062529306094438e-06,-2.025963128202699e-06,-2.130585113663344e-06,-2.2186439945944714e-06,-2.2886783922438703e-06,-2.339240690887597e-06,-2.368898860229099e-06,-2.376239856536299e-06,-2.359874621848392e-06,-2.3184446883703804e-06,-2.2506303464275618e-06,-2.1551602372194135e-06,-2.0308220735420876e-06,-1.8764739606760447e-06,-1.691055477456135e-06,-1.4735972861485874e-06,-1.2232275934534888e-06,-9.391733475272975e-07,-6.207537488106918e-07,-2.6736366796847724e-07,1.2289163461129403e-07,5.292127860319666e-07,9.473185039952325e-07,1.3727188113558336e-06,1.800762302153447e-06,2.226682048825999e-06,2.6456452335068863e-06,3.0528100728331885e-06,3.44339136338726e-06,3.8127340184704665e-06,4.156392522349375e-06,4.470213245474147e-06,4.750415944449811e-06,4.993670457826129e-06,5.197164605062905e-06,5.35865963305237e-06,5.476530249638284e-06,5.549787301593242e-06,5.5780823918511014e-06,5.561695027063734e-06,5.501504060027722e-06,5.398946084392414e-06,5.255963955582742e-06,5.0749487362921544e-06,4.858678154998434e-06,4.610254227873965e-06,4.3330421502714585e-06,4.03061202336609e-06,3.7066845245823036e-06,3.365081302114117e-06,3.0096806867287878e-06,2.644379253488176e-06,2.2730597932585776e-06,1.899566304758662e-06,1.527686598768263e-06,1.1611428928657339e-06,8.035902261113789e-07,4.5862152136652383e-07,1.2977666608609787e-07,-1.7944863804855372e-07,-4.553395834845099e-07,-7.039184576767331e-07,-9.256862745305091e-07,-1.1211989879709515e-06,-1.291080347739371e-06,-1.4360270785700848e-06,-1.5568081973137923e-06,-1.6542603048465e-06,-1.7292804599366764e-06,-1.7828179109367243e-06,-1.8158656220146988e-06,-1.829452232808367e-06,-1.8246348526832715e-06,-1.8024929148906331e-06,-1.7641231955921107e-06,-1.7106360288496257e-06,-1.6431527117156201e-06,-1.5628040844894757e-06,-1.47073028191765e-06,-1.3680816743248453e-06,-1.2560210464506959e-06,-1.1357270885046626e-06,-1.0083992885708347e-06,-8.752643031059781e-07,-7.375838208926278e-07,-5.966637959554564e-07,-4.538646734574648e-07,-3.106118409817302e-07,-1.6840498743439043e-07,-2.882431051414166e-08,-4.012608782885956e-08,-2.2709630790730708e-07,-4.1849175752203986e-07,-6.119853273699635e-07,-8.053944793064855e-07,-9.966677087146083e-07,-1.1838661684557737e-06,-1.3651441727336417e-06,-1.5387307764805767e-06,-1.7029135661947137e-06,-1.8560251100450002e-06,-1.9964321212553665e-06,-2.1225272017812624e-06,-2.2327229739907004e-06,-2.3254484188535092e-06,-2.399147284179056e-06,-2.4522784850020833e-06,-2.4833184775149567e-06,-2.4907656380045422e-06,-2.473146708928205e-06,-2.429025373710903e-06,-2.3570129758506424e-06,-2.2557812897840584e-06,-2.124077061760263e-06,-1.9607377482156138e-06,-1.764707466785349e-06,-1.5350516278260385e-06,-1.2709680413987604e-06,-9.71791557376073e-07,-6.369886476935564e-07,-2.661380599026016e-07,1.4585807556787155e-07,5.778348525575788e-07,1.0246945152111387e-06,1.48119875352643e-06,1.941998260843747e-06,2.4016635445569705e-06,2.854724231396109e-06,3.2957209108730863e-06,3.7192704177045542e-06,4.120143132246427e-06,4.493349348099284e-06,4.834230764999884e-06,5.138552503231724e-06,5.4025906306288905e-06,5.623210098282835e-06,5.797928307960928e-06,5.924960367861236e-06,6.003243421322449e-06,6.032439115384742e-06,6.01291506574959e-06,5.945707782696408e-06,5.832470700352194e-06,5.675411558754459e-06,5.477223419213572e-06,5.241013160777901e-06,4.9702305889374044e-06,4.668600476728829e-06,4.340059108251938e-06,3.988696305030536e-06,3.618703531715232e-06,3.234328502387034e-06,2.8398367171177846e-06,2.439480504416979e-06,2.03747635819015e-06,1.6379915294019204e-06,1.245140799944814e-06,8.629939084023042e-07,4.955929683683798e-07,1.4697724102012075e-07,-1.7879015217851637e-07,-4.679018753599795e-07,-7.288861768795263e-07,-9.621047720042144e-07,-1.168001903071111e-06,-1.3471193593426238e-06,-1.5001008936309762e-06,-1.6276889625358128e-06,-1.7307165172703493e-06,-1.8100960834357702e-06,-1.8668078086432004e-06,-1.9018876448974217e-06,-1.9164164157478275e-06,-1.9115102039103953e-06,-1.88831227344225e-06,-1.8479865963697727e-06,-1.7917129712936916e-06,-1.720683686471891e-06,-1.6361016794928795e-06,-1.539180169129566e-06,-1.4311437733487644e-06,-1.3132311731557726e-06,-1.186699427500339e-06,-1.0528300802925228e-06,-9.12937211073678e-07,-7.683775389532181e-07,-6.205625513836315e-07,-4.7097233508246574e-07,-3.211702692890619e-07,-1.7281694273398812e-07,-2.768050671634461e-08,-3.8094527709900076e-08,-2.3234446478263006e-07,-4.3172224234205174e-07,-6.336608770494453e-07,-8.357784964448668e-07,-1.0358565105660068e-06,-1.2318131980148043e-06,-1.4216774338727286e-06,-1.603564996817243e-06,-1.7756584428637951e-06,-1.9361907158696268e-06,-2.083432283469527e-06,-2.2156814631107695e-06,-2.3312576084549926e-06,-2.4284968883618383e-06,-2.5057504739246695e-06,-2.5613850381592353e-06,-2.5937855595052465e-06,-2.601360496492176e-06,-2.5825494568007046e-06,-2.535833506161424e-06,-2.4597482336782327e-06,-2.3528995886554067e-06,-2.213982304214418e-06,-2.0418003950641347e-06,-1.8352887258164497e-06,-1.5935339532675482e-06,-1.3157922211520393e-06,-1.0014998487167118e-06,-6.50272049902255e-07,-2.618838048565003e-07,1.720253332283057e-07,6.299322246869261e-07,1.105919185670857e-06,1.5940045848531386e-06,2.0881452928988162e-06,2.582246754427961e-06,3.0701895475965176e-06,3.545875940723927e-06,4.003295991870933e-06,4.436610375375146e-06,4.84024583381186e-06,5.208998356202408e-06,5.5381385200725614e-06,5.823512851523771e-06,6.0616347286413466e-06,6.249758552247942e-06,6.385931854839022e-06,6.469021755620453e-06,6.498714501788103e-06,6.4754893672220016e-06,6.400570432516082e-06,6.275861341244195e-06,6.103868808758342e-06,5.887620480400877e-06,5.630581914620831e-06,5.336576311506039e-06,5.0097094127354435e-06,4.654300976869674e-06,4.274823495030928e-06,3.875848384263984e-06,3.4619997573547e-06,3.037915975892805e-06,2.6082194979982577e-06,2.1774959707051866e-06,1.7502839875950354e-06,1.3310772504885795e-06,9.24340729531452e-07,5.345413694994665e-07,1.661914549411656e-07,-1.7610144200361745e-07,-4.784759403094435e-07,-7.518824936754147e-07,-9.965338028741839e-07,-1.2127609967773812e-06,-1.4010285481736447e-06,-1.5619355949277937e-06,-1.6962081188642834e-06,-1.8046857550794089e-06,-1.8883060937989642e-06,-1.9480884728378847e-06,-1.9851185541964896e-06,-2.000534449843538e-06,-1.995514787192348e-06,-1.971268854680451e-06,-1.9290288155345554e-06,-1.870043900375272e-06,-1.7955764671827957e-06,-1.7068998338583335e-06,-1.6052978309690032e-06,-1.4920660802076415e-06,-1.368515070193704e-06,-1.2359751697435725e-06,-1.09580378343431e-06,-9.4939490368877e-07,-7.981913213753582e-07,-6.436996676897718e-07,-4.8750817701971e-07,-3.3130644825078634e-07,-1.769053911009938e-07,-2.6253817942813824e-08,-3.566615912901349e-08,-2.3711918844947514e-07,-4.4430068057642774e-07,-6.54419526251068e-07,-8.649148075051615e-07,-1.0734219239139962e-06,-1.2777358311061471e-06,-1.4757769632868747e-06,-1.665562083634713e-06,-1.8451804808842154e-06,-2.012775120208509e-06,-2.1665281238488282e-06,-2.3046499831716106e-06,-2.425372015343239e-06,-2.526941705149569e-06,-2.6076206977159244e-06,-2.6656853291274316e-06,-2.699429698432217e-06,-2.707171391958012e-06,-2.6872600605083545e-06,-2.6380891078872185e-06,-2.558110755428675e-06,-2.445854675458965e-06,-2.2999502043628615e-06,-2.119151814526675e-06,-1.9023669953827426e-06,-1.6486848986537574e-06,-1.3574029461923608e-06,-1.0280469911564676e-06,-6.603785996619734e-07,-2.543809356607105e-07,2.0153626531571464e-07,6.855182760696345e-07,1.190846117881629e-06,1.7108185517425392e-06,2.2387162267479187e-06,2.7677855386702142e-06,3.2912511421815003e-06,3.8023582180108827e-06,4.2944413026186415e-06,4.761014804393177e-06,5.195879859790404e-06,5.5932418562490144e-06,5.9478322792438895e-06,6.2550275704800425e-06,6.510956824360096e-06,6.712589967034278e-06,6.857799034304535e-06,6.945387451320431e-06,6.975085538287452e-06,6.947514159197704e-06,6.864121676041743e-06,6.727101493253482e-06,6.539298170189218e-06,6.304109464206607e-06,6.025390174752113e-06,5.707361824800351e-06,5.354530491087924e-06,4.971613749006978e-06,4.563476823239226e-06,4.135077604603694e-06,3.6914201331939146e-06,3.2375163857753684e-06,2.778356692540335e-06,2.3188898113089277e-06,1.8640145517262825e-06,1.4185857136070258e-06,9.87437613610619e-07,5.754279330282912e-07,1.8750202984094242e-07,-1.7122790480211987e-07,-4.869029940277356e-07,-7.72728970474728e-07,-1.0287600597205314e-06,-1.2552157704548759e-06,-1.4524920596521465e-06,-1.6211561891719653e-06,-1.7619317332170965e-06,-1.8756786312519197e-06,-1.963371647750008e-06,-2.0260793767539365e-06,-2.0649450468088373e-06,-2.081169774664715e-06,-2.0759985122846228e-06,-2.05070867894357e-06,-2.0066013312741764e-06,-1.944994669309909e-06,-1.867219680984982e-06,-1.77461777115276e-06,-1.6685402888335654e-06,-1.5503499477019483e-06,-1.4214242231831261e-06,-1.2831609019765415e-06,-1.1369860560218546e-06,-9.843648117908848e-07,-8.268153741135248e-07,-6.659267893300895e-07,-5.033807642770024e-07,-3.4097725432452677e-07,-1.8066216366178635e-07,-2.4552995726838747e-08,-3.285606195245585e-08,-2.4140372266099945e-07,-4.5615010555553913e-07,-6.74105178549502e-07,-8.925576889732634e-07,-1.1090244645244725e-06,-1.321200989234751e-06,-1.5269189989624704e-06,-1.7241122716202173e-06,-1.9107898258210153e-06,-2.0850152610377693e-06,-2.244891103129518e-06,-2.388547286980575e-06,-2.51413314496162e-06,-2.6198124585415433e-06,-2.7037612909234872e-06,-2.7641684686443025e-06,-2.7992387266329563e-06,-2.807198673381028e-06,-2.7863058638464096e-06,-2.734861374563085e-06,-2.651226337391171e-06,-2.5338428750631395e-06,-2.381259753270223e-06,-2.1921627728157114e-06,-1.9654094157601496e-06,-1.7000664472518906e-06,-1.3954478964197212e-06,-1.0511488123877886e-06,-6.670671301144016e-07,-2.4340197469239796e-07,2.345059148391531e-07,7.445329454105195e-07,1.2792091327985738e-06,1.8311608239583322e-06,2.393024644243309e-06,2.957401641120822e-06,3.5168571275634075e-06,4.063961717892579e-06,4.591365797433837e-06,5.091900012122901e-06,5.558695546476572e-06,5.98531840702474e-06,6.365911134326288e-06,6.695333600118697e-06,6.969292597437335e-06,7.184448866483223e-06,7.338490976294317e-06,7.430168519631477e-06,7.459281971898677e-06,7.426632158723504e-06,7.3339371092498155e-06,7.183726971261057e-06,6.979228189905782e-06,6.724246659542885e-06,6.4230569110419125e-06,6.080301531012606e-06,5.700902595715341e-06,5.289985233836452e-06,4.852812502038553e-06,4.394730415679714e-06,3.92112205970504e-06,3.4373700985514634e-06,2.948827665657589e-06,2.4607985628509686e-06,1.978528984001244e-06,1.5072145778601323e-06,1.052028277943762e-06,6.181750517967909e-07,2.109777922275596e-07,-1.640085240984057e-07,-4.930118529279698e-07,-7.912220230620756e-07,-1.058528445705642e-06,-1.295046239262095e-06,-1.5011180126669085e-06,-1.6772976709445117e-06,-1.8243251054929803e-06,-1.9430976096267224e-06,-2.034641535448184e-06,-2.1000861618822446e-06,-2.140640766197665e-06,-2.1575752702169728e-06,-2.152204443427907e-06,-2.1258754233966297e-06,-2.079958216182296e-06,-2.01583882917696e-06,-1.934914735451675e-06,-1.8385924492238588e-06,-1.7282870907238718e-06,-1.6054239258708532e-06,-1.471441976770785e-06,-1.3277999126964734e-06,-1.1759845535632234e-06,-1.0175224627501529e-06,-8.539952893912289e-07,-6.870597294869793e-07,-5.184730840373169e-07,-3.501250428791945e-07,-1.840748574411605e-07,-2.258963154607967e-08,-2.9683489704120217e-08,-2.45171705052278e-07,-4.671656936965931e-07,-6.925157815956168e-07,-9.183999255747664e-07,-1.1422507070061821e-06,-1.3616917651788488e-06,-1.5744877891634795e-06,-1.7785066129561372e-06,-1.97169064368791e-06,-2.152035292561383e-06,-2.3175728165658474e-06,-2.4663605132719747e-06,-2.5964725401770853e-06,-2.70599484919593e-06,-2.7930229076137393e-06,-2.855662049609975e-06,-2.892030477123672e-06,-2.9002651062494934e-06,-2.87853063191282e-06,-2.825032350211924e-06,-2.738033416447872e-06,-2.615877295892402e-06,-2.457016135939663e-06,-2.2600455925489254e-06,-2.0237462170015933e-06,-1.7471307866793707e-06,-1.4294957823166169e-06,-1.0704730922650237e-06,-6.700740227047533e-07,-2.287109472426224e-07,2.710112567009958e-07,8.068235562713213e-07,1.37059827996158e-06,1.9543635205571623e-06,2.550157217083287e-06,3.149953510089815e-06,3.745656313457516e-06,4.3291450740961175e-06,4.892358558904289e-06,5.427406977921495e-06,5.926706546612278e-06,6.383131988697658e-06,6.790181291458006e-06,7.142143788650351e-06,7.434258643064976e-06,7.662847888909654e-06,7.825408263455658e-06,7.920650123854694e-06,7.948479246908616e-06,7.909926161270826e-06,7.807035128109714e-06,7.642728865920903e-06,7.420665008115288e-06,7.14509703183633e-06,6.820747762762924e-06,6.452699180430655e-06,6.0462990509578915e-06,5.607083062866562e-06,5.140710360870828e-06,4.6529102831903614e-06,4.149438423387866e-06,3.636040704308616e-06,3.118424939240485e-06,2.602240445145667e-06,2.093067861535109e-06,1.5964236555679837e-06,1.1177869350170413e-06,6.626593291575384e-07,2.3666924508434746e-07,-1.5427522913528422e-07,-4.96614020337097e-07,-8.071215878732543e-07,-1.0855241103135437e-06,-1.3318494081802666e-06,-1.5464110367133006e-06,-1.7297752758926782e-06,-1.8827221739838138e-06,-2.0062066963577987e-06,-2.1013229836059637e-06,-2.1692730973688895e-06,-2.211340725482636e-06,-2.228869765345167e-06,-2.223247379410386e-06,-2.1958909684403e-06,-2.148238486961543e-06,-2.0817415853516905e-06,-1.9978611677794997e-06,-1.8980650808301641e-06,-1.7838277805216952e-06,-1.6566319587222652e-06,-1.5179722411445478e-06,-1.3693611990979536e-06,-1.2123380537472714e-06,-1.048480618634419e-06,-8.794212785361904e-07,-7.068682135182305e-07,-5.326336470300603e-07,-3.586712480455878e-07,-1.8712385060360432e-07,-2.0378476907217452e-08,-2.617229614473215e-08,-2.4838094825120573e-07,-4.772028530205158e-07,-7.09388365803061e-07,-9.420571851492852e-07,-1.1725982764186457e-06,-1.398593331609468e-06,-1.6177621967810104e-06,-1.827923889395983e-06,-2.026967935865387e-06,-2.2128329148789834e-06,-2.3834904597620784e-06,-2.5369336369274476e-06,-2.6711689286884704e-06,-2.784211254797272e-06,-2.874081654314502e-06,-2.938807440447385e-06,-2.976424839894288e-06,-2.9849843366451902e-06,-2.9625591598025794e-06,-2.9072575848217676e-06,-2.8172399483830723e-06,-2.690741483237024e-06,-2.5261022096781207e-06,-2.3218050946010372e-06,-2.0765234222688067e-06,-1.7891777514746938e-06,-1.459001981141542e-06,-1.0856165198447298e-06,-6.691026348468786e-07,-2.100624462338772e-07,3.110783577029573e-07,8.721251177604748e-07,1.4644406642625294e-06,2.079555173063616e-06,2.7089599216432826e-06,3.344019311388978e-06,3.975972408756277e-06,4.595992448253039e-06,5.195283275743482e-06,5.76520279028754e-06,6.297410174157167e-06,6.784035985878183e-06,7.217872254684198e-06,7.592574178171171e-06,7.902857383204345e-06,8.144668074487382e-06,8.315301549247531e-06,8.413449973932115e-06,8.439172357820206e-06,8.393794353500282e-06,8.279757550215678e-06,8.100443326101946e-06,7.85999441852963e-06,7.5631505701001675e-06,7.2151065692320194e-06,6.8213945839106485e-06,6.387788882132668e-06,5.9202294496436155e-06,5.42476076630808e-06,4.907482396227184e-06,4.374508692405735e-06,3.831935656462437e-06,3.2858138218931314e-06,2.7421270726044668e-06,2.206778866313406e-06,1.6855900368208665e-06,1.1843169257899801e-06,7.087054503220834e-07,2.6460302264897836e-07,-1.4185234970279122e-07,-4.974958371019949e-07,-8.201338040791028e-07,-1.1093465212923413e-06,-1.365107099813374e-06,-1.5877364774846375e-06,-1.777847328167498e-06,-1.9362887527798135e-06,-2.0640963132136072e-06,-2.1624489628039793e-06,-2.23263324296397e-06,-2.2760144578590817e-06,-2.294014105416462e-06,-2.2880926422186e-06,-2.2597366421856487e-06,-2.210449508868031e-06,-2.141745057716403e-06,-2.05514345933977e-06,-1.9521692079460968e-06,-1.8343509444101487e-06,-1.703223119512979e-06,-1.560329631704503e-06,-1.4072297163660002e-06,-1.245506503634142e-06,-1.076778817174601e-06,-9.027170232836567e-07,-7.250642472804619e-07,-5.456653198714217e-07,-3.665074674242449e-07,-1.8977763581130774e-07,-1.793776380066576e-08,-2.2351351150903326e-08,-2.509636218399581e-07,-4.860606898474786e-07,-7.243808248370528e-07,-9.630512965758938e-07,-1.1994614820344494e-06,-1.431180502521834e-06,-1.655904472189397e-06,-1.8714199621177011e-06,-2.0755769526474465e-06,-2.266268396453206e-06,-2.4414150198786205e-06,-2.5989543836009976e-06,-2.7368334016522117e-06,-2.8530036912118124e-06,-2.9454193210547356e-06,-3.01203673482641e-06,-3.050816841249228e-06,-3.0597294911649013e-06,-3.0367608107745932e-06,-2.9799241430222144e-06,-2.8872756718433884e-06,-2.7569361599303655e-06,-2.587120581915537e-06,-2.3761776917839932e-06,-2.1226415746130185e-06,-1.8252969018437761e-06,-1.4832589503658937e-06,-1.0960691887054251e-06,-6.638060117336476e-07,-1.8720082076890903e-07,3.5466697434707955e-07,9.400443144280557e-07,1.55999554567807e-06,2.205668281539154e-06,2.868051057735981e-06,3.5379051888247194e-06,4.205798153273504e-06,4.862186772266091e-06,5.497527028481867e-06,6.102404627998542e-06,6.667689244930692e-06,7.184717838003068e-06,7.645510098464423e-06,8.043010766045957e-06,8.371339917336303e-06,8.626018095411044e-06,8.804126450960464e-06,8.904369063221237e-06,8.927024847259898e-06,8.87380225955425e-06,8.7476302806841e-06,8.552426206121745e-06,8.292874146265599e-06,7.97423395609377e-06,7.602186648385984e-06,7.182713718176283e-06,6.722004439308205e-06,6.22638480884235e-06,5.7022626405896175e-06,5.156084411796156e-06,4.594300503381629e-06,4.023336359750908e-06,3.4495678662298166e-06,2.8793000273014026e-06,2.3187491201340457e-06,1.7740305515771876e-06,1.2511597296506745e-06,7.560833113813827e-07,2.947752118266988e-07,-1.265562211115464e-07,-4.954055849813013e-07,-8.298842743370662e-07,-1.1294720021601515e-06,-1.3941421272388764e-06,-1.6242739948883493e-06,-1.8205690954672081e-06,-1.9839786350690553e-06,-2.1156429238477013e-06,-2.2168419887932747e-06,-2.288956592958932e-06,-2.3334383408575007e-06,-2.3517873046062467e-06,-2.3455356195566497e-06,-2.3162356963705056e-06,-2.2654519643601398e-06,-2.194755330990401e-06,-2.105719786604103e-06,-1.999920796415796e-06,-1.8789353092624224e-06,-1.7443433830382345e-06,-1.5977315876257124e-06,-1.4406985005964741e-06,-1.2748627554351646e-06,-1.1018742299347095e-06,-9.234290953334293e-07,-7.412897461648196e-07,-5.573117786811231e-07,-3.734831159507964e-07,-1.9198546299388778e-07,-1.5289516713932775e-08,-1.8254923362624786e-08,-2.528107589143008e-07,-4.934598898307917e-07,-7.37051652273093e-07,-9.807947633731101e-07,-1.2221197260706162e-06,-1.4586085126205163e-06,-1.6879522929054032e-06,-1.907920418029613e-06,-2.116335959170471e-06,-2.3110569962859296e-06,-2.4899628762882295e-06,-2.6509445160937064e-06,-2.7918978769353016e-06,-2.910719915014955e-06,-3.005306533607519e-06,-3.0735522841113004e-06,-3.1133517827461504e-06,-3.1226030357807946e-06,-3.099213119658601e-06,-3.0411069682924354e-06,-2.94624040630355e-06,-2.8126190585635893e-06,-2.638325367994306e-06,-2.421556612682102e-06,-2.160677359480179e-06,-1.8542898662993728e-06,-1.501325560211864e-06,-1.101159960463944e-06,-6.537580831482816e-07,-1.598595968862881e-07,4.016539051808988e-07,1.0100574809194191e-06,1.6563823981017198e-06,2.3314913323285386e-06,3.0258798575844966e-06,3.7296932212694746e-06,4.4328193734239044e-06,5.125001553315606e-06,5.7959555944526634e-06,6.435498177209769e-06,7.033697279964839e-06,7.581058610202521e-06,8.06876105479052e-06,8.488945561425607e-06,8.835038893142788e-06,9.102063796812075e-06,9.286867640578869e-06,9.388209904031143e-06,9.4066850334677e-06,9.344504739571943e-06,9.205199994299918e-06,8.993311420059008e-06,8.714117453063888e-06,8.37342001814015e-06,7.977384831248904e-06,7.532425239204706e-06,7.045118129243592e-06,6.522142640500879e-06,5.9702347407909e-06,5.3961526218024825e-06,4.80664925375084e-06,4.208449406726796e-06,3.6082290857454025e-06,3.012595727852565e-06,2.4280677833931175e-06,1.8610528171582305e-06,1.317824998458429e-06,8.045142780218676e-07,3.271442214285001e-07,-1.0819501387785201e-07,-4.90031897024629e-07,-8.358768295822046e-07,-1.1452002686898552e-06,-1.4180594761780165e-06,-1.6549581730146859e-06,-1.8567361194209404e-06,-2.0244818697342226e-06,-2.1594634203597587e-06,-2.2630749110981137e-06,-2.3367969616219552e-06,-2.382167952029242e-06,-2.400763628790547e-06,-2.3941828400193525e-06,-2.364037707566599e-06,-2.3119470007902606e-06,-2.2395318494348334e-06,-2.1484132252140817e-06,-2.040210852276263e-06,-1.916543396967773e-06,-1.7790299564501979e-06,-1.6292930284164786e-06,-1.468963308513385e-06,-1.299686823121802e-06,-1.1231350338339313e-06,-9.410185817031243e-07,-7.551052255585209e-07,-5.672425472158945e-07,-3.7938896318649136e-07,-1.9366574732107643e-07,-1.2459839113350391e-08,-1.3922986980803033e-08,-2.5374830372937074e-07,-4.990162344571366e-07,-7.468424680502492e-07,-9.945808059899311e-07,-1.239731358038797e-06,-1.4799083527542265e-06,-1.7128149183140396e-06,-1.936217253430891e-06,-2.1479230883508073e-06,-2.34576551264267e-06,-2.5275915196156096e-06,-2.6912541935799716e-06,-2.834607572864242e-06,-2.955503467523271e-06,-3.051789760041064e-06,-3.1213099381423764e-06,-3.161903806465875e-06,-3.171409520886183e-06,-3.1476673104255004e-06,-3.0885255345475245e-06,-2.9918501115109473e-06,-2.8555389052187514e-06,-2.677543441344934e-06,-2.4559013932354967e-06,-2.188784591961402e-06,-1.8745685427788701e-06,-1.5119294380512586e-06,-1.0999741758131974e-06,-6.384053843451852e-07,-1.2776128940952904e-07,4.518204275235811e-07,1.0815468421451641e-06,1.752677558385413e-06,2.4557971948313044e-06,3.180854886734538e-06,3.917344704392091e-06,4.654479045703289e-06,5.3813177154421246e-06,6.0868787689284245e-06,6.760250345562514e-06,7.390722115190076e-06,7.967957499691386e-06,8.482232956267316e-06,8.924770259830432e-06,9.288162061387373e-06,9.56682001142898e-06,9.75732326087438e-06,9.858551492784651e-06,9.871558314360255e-06,9.799229659556257e-06,9.645843586120505e-06,9.416654317667914e-06,9.117572125325717e-06,8.75494002180017e-06,8.3353831788382e-06,7.86570762268046e-06,7.352831554378349e-06,6.8037380769604534e-06,6.2254418671182366e-06,5.624964785535354e-06,5.009316980815535e-06,4.385480983826587e-06,3.7603967650323012e-06,3.140945771104718e-06,2.5339314616427024e-06,1.946052477269621e-06,1.3838619692292622e-06,8.537005724016699e-07,3.616261579646157e-07,-8.656888868424662e-08,-4.809674156411476e-07,-8.374312886667077e-07,-1.1555804329061266e-06,-1.4356691310564806e-06,-1.6784034675480295e-06,-1.8848156242714921e-06,-2.05616508377089e-06,-2.193865083089072e-06,-2.2994300020018852e-06,-2.374439073497913e-06,-2.4205118533540344e-06,-2.439291836158033e-06,-2.432435609008979e-06,-2.4016057476148487e-06,-2.3484662536675813e-06,-2.274679749907514e-06,-2.181905942640456e-06,-2.0718010739282026e-06,-1.9460182524376507e-06,-1.8062086982969805e-06,-1.6540240843007216e-06,-1.4911203183675232e-06,-1.319163294448418e-06,-1.1398373159162428e-06,-9.548569635016233e-07,-7.659828439694718e-07,-5.750403366561307e-07,-3.839375453960995e-07,-1.9468818471945632e-07,-9.4791421384542e-09,-9.401370582708355e-09,-2.535031991130087e-07,-5.022200502358321e-07,-7.530731178371574e-07,-1.0035843765618747e-06,-1.2513340082745006e-06,-1.4939867904909862e-06,-1.7292737856214632e-06,-1.954970222520712e-06,-2.1688780510414947e-06,-2.368813738406738e-06,-2.5526001243373194e-06,-2.718061103944035e-06,-2.8630182104560147e-06,-2.9852884742036144e-06,-3.082683176410635e-06,-3.153007295362849e-06,-3.194059591921395e-06,-3.203633417256536e-06,-3.179518481545456e-06,-3.1195040296087436e-06,-3.021384175325808e-06,-2.8829666245198608e-06,-2.7020867752840583e-06,-2.4766303949315563e-06,-2.2045699511572936e-06,-1.8840223655438189e-06,-1.513339006943383e-06,-1.0912380477200893e-06,-6.169882974745222e-07,-9.061783699670624e-08,5.0486206712982e-07,1.153933547296889e-06,1.848134224456393e-06,2.5775924056682353e-06,3.3315646238058173e-06,4.098870546354523e-06,4.86808848200122e-06,5.627671221778344e-06,6.366030893501494e-06,7.071619469242989e-06,7.733025314548516e-06,8.339109234627616e-06,8.879214802570988e-06,9.343511377446185e-06,9.723536785056898e-06,1.0012898578350657e-05,1.0207840646118598e-05,1.0307466275942773e-05,1.0313517979235222e-05,1.0229814085300522e-05,1.006155135875116e-05,9.814767337520786e-06,9.496004130440193e-06,9.11210769575734e-06,8.670105787930445e-06,8.177132496969759e-06,7.640380807188395e-06,7.067072213901842e-06,6.464436759897288e-06,5.8396993500426775e-06,5.2000696445353324e-06,4.55273362229482e-06,3.9048452292019665e-06,3.263516386759128e-06,2.6358027974717005e-06,2.0286806773342344e-06,1.4490034426530285e-06,9.034120524972795e-07,3.9810325219671354e-07,-6.147061213811882e-08,-4.6764927823597555e-07,-8.335957774947674e-07,-1.1593138718227437e-06,-1.4453853958897639e-06,-1.6928100314816687e-06,-1.9028651040807661e-06,-2.077005089390059e-06,-2.21679345306438e-06,-2.3238589764661063e-06,-2.3998683146993406e-06,-2.446508885357163e-06,-2.4654782389608687e-06,-2.4584774893803193e-06,-2.4272072999551852e-06,-2.3733654962554933e-06,-2.298645737246007e-06,-2.2047369077154493e-06,-2.0933230510924496e-06,-1.9660837778087255e-06,-1.8246951874099903e-06,-1.6708314509778454e-06,-1.5061673346249248e-06,-1.3323821205993538e-06,-1.1511656038208435e-06,-9.642270551634342e-07,-7.7330798171768e-07,-5.801981519795372e-07,-3.86748331644403e-07,-1.9484851967845351e-07,-6.382253461583812e-09,-4.741590706152346e-09,-2.516762159849627e-07,-5.024462265005058e-07,-7.549651809789489e-07,-1.0068715561445707e-06,-1.2558479193101796e-06,-1.499629631626487e-06,-1.735987690663942e-06,-1.962713702556627e-06,-2.177609714187343e-06,-2.3784817536438017e-06,-2.563135774991242e-06,-2.729375085013156e-06,-2.8749986665145857e-06,-2.9978000447514077e-06,-3.095566493496532e-06,-3.1660784764939273e-06,-3.2071092912958395e-06,-3.2164249451413605e-06,-3.191784362950702e-06,-3.130940125632725e-06,-3.03164009290503e-06,-2.8916305278790257e-06,-2.7086618003833996e-06,-2.4804985662314707e-06,-2.20493780941418e-06,-1.8798408495580364e-06,-1.5031903105825756e-06,-1.0731908564100368e-06,-5.884328835161748e-07,-4.813196223802682e-08,5.604932276401504e-07,1.2269809709201754e-06,1.9426325659789733e-06,2.6965171277790157e-06,3.4770979982996225e-06,4.2725685420457025e-06,5.070985606632084e-06,5.860335115586613e-06,6.628574838908456e-06,7.363674257311143e-06,8.05366606806061e-06,8.686727499253677e-06,9.251322853788598e-06,9.73647165254641e-06,1.0132313473848581e-05,1.0431218353767683e-05,1.0629012315383786e-05,1.0725145967487786e-05,1.0722526119266844e-05,1.0626290605317767e-05,1.0442698544770665e-05,1.0178566685133672e-05,9.841003287329069e-06,9.437268964239113e-06,8.97470096733077e-06,8.46067106468835e-06,7.902561896703508e-06,7.30775372533796e-06,6.683617068751587e-06,6.037508611154992e-06,5.376768800564257e-06,4.708720076636594e-06,4.0406648739562105e-06,3.379882441698617e-06,2.733622929492839e-06,2.1090954973897846e-06,1.513442282021617e-06,9.536741914770708e-07,4.3648883662437983e-07,-3.2686792416675094e-08,-4.49276917319906e-07,-8.230492669090104e-07,-1.1546226256681628e-06,-1.4450923783850316e-06,-1.6958462484335453e-06,-1.9084398360822366e-06,-2.0845202958027837e-06,-2.225783249686376e-06,-2.3339486104447352e-06,-2.4107469685363304e-06,-2.4579119207192384e-06,-2.4771757775130905e-06,-2.470267215572124e-06,-2.4389100616422776e-06,-2.3848227422347426e-06,-2.309718131872887e-06,-2.2153036502893254e-06,-2.103281532885834e-06,-1.9753492515635746e-06,-1.8332001095147444e-06,-1.678524086643063e-06,-1.513009085160089e-06,-1.3383428351623479e-06,-1.1562158893171706e-06,-9.683263794051845e-07,-7.763874746283843e-07,-5.821383241149766e-07,-3.873562450200054e-07,-1.9384868398620442e-07,-3.208287776021852e-09,0.0,-2.4778368107220545e-07,-4.990673461969255e-07,-7.516673353852282e-07,-1.0033988155662598e-06,-1.2520750859683175e-06,-1.4955072228145802e-06,-1.731503835038337e-06,-1.9578708235798263e-06,-2.1724111064303677e-06,-2.3729242987698204e-06,-2.557206348937253e-06,-2.723049135084545e-06,-2.868240028230826e-06,-2.9905614268297965e-06,-3.0877902666996123e-06,-3.1576975086132575e-06,-3.1980476041605653e-06,-3.206597938723467e-06,-3.1810982485684137e-06,-3.1192900071747867e-06,-3.0189057740586447e-06,-2.877668497724885e-06,-2.693290763477444e-06,-2.4634739777202263e-06,-2.1859074854320347e-06,-1.8582676318546629e-06,-1.4782168144152265e-06,-1.0434026555110345e-06,-5.514576176553381e-07,0.0,6.184596062737503e-07,1.3016614132942587e-06,2.037378116454173e-06,2.8133816686418837e-06,3.6174385136205327e-06,4.43730580194209e-06,5.260728245316098e-06,6.075435646790613e-06,6.8691418045018954e-06,7.629546445856554e-06,8.344343669845791e-06,9.001244191683696e-06,9.588027470144398e-06,1.0092662604276429e-05,1.0503606387341403e-05,1.0810936285177987e-05,1.1009312095647503e-05,1.109932403096036e-05,1.108614348441492e-05,1.0976560236236444e-05,1.0777848373529089e-05,1.0497467185573787e-05,1.014293928648038e-05,9.721797597603744e-06,9.241562323106099e-06,8.709731855095143e-06,8.13378032116067e-06,7.521158280806547e-06,6.879294848769672e-06,6.2156003842935706e-06,5.537469315277039e-06,4.852282882995314e-06,4.167411702150021e-06,3.4902180853831714e-06,2.8280581094561485e-06,2.1882834193983003e-06,1.5782427923944404e-06,1.00528353385861e-06,4.767529151517707e-07,0.0,-4.2489067177983516e-07,-8.039619758621247e-07,-1.139044474358485e-06,-1.43195795149565e-06,-1.6845106631872743e-06,-1.8984996344778274e-06,-2.075711291500483e-06,-2.217922184010695e-06,-2.3268996995559954e-06,-2.4044027345694435e-06,-2.4521823141997346e-06,-2.4719821635540222e-06,-2.4655392368306187e-06,-2.4345842114761443e-06,-2.3808419537928777e-06,-2.3060319611693268e-06,-2.2118687846820544e-06,-2.1000624343755387e-06,-1.972318768125336e-06,-1.8303398636436823e-06,-1.675824371905873e-06,-1.510467849102476e-06,-1.3359630632725313e-06,-1.1540002713279558e-06,-9.662674628641361e-07,-7.744505703086929e-07,-5.80233653669125e-07,-3.8529908885476e-07,-1.9132784155476869e-07,0.0,4.449581154874924e-09,-2.4154232050020014e-07,-4.907258251130757e-07,-7.412567106728817e-07,-9.909514035852059e-07,-1.2375952509060156e-06,-1.4789779913005076e-06,-1.7128966283183626e-06,-1.9371526317064463e-06,-2.1495489465367646e-06,-2.3478877108049093e-06,-2.5299686300535006e-06,-2.6935878183451515e-06,-2.836536944117142e-06,-2.9566025733116227e-06,-3.0515656487942565e-06,-3.1192010826351015e-06,-3.157277471555856e-06,-3.1635569833056302e-06,-3.135795512996009e-06,-3.0717432885773517e-06,-2.9691462386380537e-06,-2.8257486674814115e-06,-2.6392981921955364e-06,-2.4075546337547937e-06,-2.1283059043806027e-06,-1.7993964223793154e-06,-1.4187781641047353e-06,-9.846021651122992e-07,-4.953715085589033e-07,4.9808422345552e-08,6.755311074069766e-07,1.368547523690684e-06,2.1178954694427264e-06,2.911114627080025e-06,3.7362230317817306e-06,4.582155797068615e-06,5.439208152140603e-06,6.299849358433708e-06,7.1603204655033865e-06,8.023852192240294e-06,8.907500746236015e-06,9.858043123611703e-06,1.0993904537252183e-05,1.2645382305609035e-05,1.589213217553697e-05,2.9293980306201475e-05,1.6402122365490627e-05,1.366064978764463e-05,1.2505021482106373e-05,1.1850862337486122e-05,1.1363148031201347e-05,1.0918714091145698e-05,1.0466025106878464e-05,9.983236820453007e-06,9.462284863849018e-06,8.902024817368393e-06,8.304978657996455e-06,7.675686843762316e-06,7.019833028578005e-06,6.34376314383695e-06,5.654215206961505e-06,4.958166317453352e-06,4.26274771564969e-06,3.575201969055305e-06,2.9028691756568654e-06,2.253196317557489e-06,1.633765946013975e-06,1.052327755537774e-06,5.167333355786704e-07,3.385221108552651e-08,-3.8606203570324776e-07,-7.628961655214689e-07,-1.0973383820620502e-06,-1.3905393801262155e-06,-1.643920430637996e-06,-1.859055895143907e-06,-2.0376029484303176e-06,-2.1812623452494354e-06,-2.291756567360171e-06,-2.370817594544714e-06,-2.4201800540623357e-06,-2.441577412105398e-06,-2.4367399068462414e-06,-2.4073934889853794e-06,-2.355259350371936e-06,-2.2820537997844867e-06,-2.1894883479733714e-06,-2.0792699262422024e-06,-1.953101202434485e-06,-1.8126809877508509e-06,-1.6597047545816173e-06,-1.49586531597319e-06,-1.3228537555049302e-06,-1.142360741905822e-06,-9.560783919233168e-07,-7.65702748770527e-07,-5.729362263770644e-07,-3.794858540749939e-07,-1.8703653860143627e-07,2.986538244679279e-09,8.312461556040003e-09,-2.3467873987653845e-07,-4.81020368674209e-07,-7.286866263841177e-07,-9.755086143409622e-07,-1.2192640452902433e-06,-1.4577338370962332e-06,-1.6887111809231936e-06,-1.909999389929225e-06,-2.1194077463306337e-06,-2.314747846724344e-06,-2.4938308776705657e-06,-2.654465716131436e-06,-2.79445766216624e-06,-2.9116076483753364e-06,-3.003711834776192e-06,-3.0685615648962126e-06,-3.1039437291100954e-06,-3.107641664488921e-06,-3.0774368332455083e-06,-3.0111116896604767e-06,-2.906454408000897e-06,-2.761266565222176e-06,-2.5733755542671676e-06,-2.3406546042356526e-06,-2.0610550188646052e-06,-1.732657799504746e-06,-1.3537549427473032e-06,-9.229711383175459e-07,-4.3943872172116966e-07,9.699614062879375e-08,7.243001157531404e-07,1.4244511195087438e-06,2.1856357531327587e-06,2.995889050613002e-06,3.844177545329752e-06,4.721294577489824e-06,5.620782428806271e-06,6.5404242077355595e-06,7.484910620129653e-06,8.47075367955633e-06,9.53567697748109e-06,1.0757497256716701e-05,1.2295186834461429e-05,1.4474530847455615e-05,1.8063907286438348e-05,1.9358935912660228e-05,1.8576257597146504e-05,1.5494577559499823e-05,1.3813617527724947e-05,1.2760330909201578e-05,1.2004246473200337e-05,1.13816777012287e-05,1.0810049966842917e-05,1.0246815223315065e-05,9.670537163645913e-06,9.071453727675359e-06,8.446499281567599e-06,7.796558691715818e-06,7.124900939278373e-06,6.436263153461407e-06,5.736306146581386e-06,5.031289077214231e-06,4.327878053002924e-06,3.63304063215299e-06,2.9539991831648285e-06,2.2982268239442625e-06,1.6734693753730633e-06,1.0877530548251824e-06,5.492326696922856e-07,6.590589029065805e-08,-3.471359561005678e-07,-7.19445148784855e-07,-1.0511382754255943e-06,-1.3428810736909713e-06,-1.595729884608002e-06,-1.8109971828627812e-06,-1.990157978425153e-06,-2.1347872673046777e-06,-2.2465202923227004e-06,-2.327027711105133e-06,-2.378000166743463e-06,-2.401138715708114e-06,-2.398148901418294e-06,-2.3707371065069773e-06,-2.320608342018792e-06,-2.249464955278963e-06,-2.159005941387002e-06,-2.050926672822169e-06,-1.9269189490690486e-06,-1.7886713333811248e-06,-1.6378698000771621e-06,-1.476198768896807e-06,-1.3053426568692658e-06,-1.1269881114667638e-06,-9.428270289502803e-07,-7.545600552767984e-07,-5.638986736678968e-07,-3.7255876491516824e-07,-1.8221753171172117e-07,5.555315885020328e-09,1.1644902127275056e-08,-2.2744997675822653e-07,-4.701771053267737e-07,-7.142689229211274e-07,-9.574908620358687e-07,-1.1976131744481875e-06,-1.4324181182834948e-06,-1.6597048999470108e-06,-1.87728705912448e-06,-2.0829878385704355e-06,-2.274635817026086e-06,-2.4500615000986283e-06,-2.6070949200713365e-06,-2.7435641134001003e-06,-2.85729433938528e-06,-2.9461079611384454e-06,-3.0078249906795737e-06,-3.0402643963028917e-06,-3.0412463897792883e-06,-3.0085960705428696e-06,-2.9401490300608265e-06,-2.8337598499917577e-06,-2.687314914555223e-06,-2.498751665347829e-06,-2.2660874147972465e-06,-1.987462087420718e-06,-1.661200526906634e-06,-1.285900348179714e-06,-8.605514045760159e-07,-3.8468905921770924e-07,1.4138680882731808e-07,7.666758554931445e-07,1.471461159390726e-06,2.2427891294032785e-06,3.0689548053470684e-06,3.939994284895364e-06,4.848480796611522e-06,5.790611159835957e-06,6.767832981017404e-06,7.789417527311142e-06,8.876496885066019e-06,1.0068085490672204e-05,1.1428639020560438e-05,1.3049195983310911e-05,1.5000010157556783e-05,1.6755695034891638e-05,1.76674508980639e-05,1.7268514589982582e-05,1.6021067232877903e-05,1.4569318164479077e-05,1.3434045428099798e-05,1.2540356004079459e-05,1.1792523861127603e-05,1.1121332878671614e-05,1.0482900637305044e-05,9.851071701057114e-06,9.211332118797054e-06,8.55669157732105e-06,7.885020009758066e-06,7.197345106581105e-06,6.496766123816037e-06,5.787761340989296e-06,5.075748997460236e-06,4.366814380050641e-06,3.6675489583817293e-06,2.984967718477991e-06,2.3264813615012217e-06,1.699901075866912e-06,1.1134441738901516e-06,5.757488850218707e-07,9.604781254689912e-08,-3.0888846319027403e-07,-6.751654050743105e-07,-1.0025486335070236e-06,-1.2913922150147192e-06,-1.5424705290790504e-06,-1.756860310804292e-06,-1.9358486464626894e-06,-2.0808652820526028e-06,-2.1934345981584883e-06,-2.275142654154998e-06,-2.327614964500085e-06,-2.3525016446700403e-06,-2.3514675270945516e-06,-2.3261856076880447e-06,-2.2783327285180623e-06,-2.2095867771631946e-06,-2.1216249385796943e-06,-2.0161227101036244e-06,-1.8947535142791897e-06,-1.7591888375575341e-06,-1.6110988991158428e-06,-1.4521539187164007e-06,-1.284026100297854e-06,-1.1083924477952562e-06,-9.269383924344052e-07,-7.413617135573316e-07,-5.533750007110877e-07,-3.6470236211338613e-07,-1.7707444253082446e-07,7.749031717853783e-09,1.4499913813363336e-08,-2.2006817642975555e-07,-4.5850485247306934e-07,-6.983642011665982e-07,-9.373357920607114e-07,-1.1731711372123025e-06,-1.4036574381791828e-06,-1.6266074420134584e-06,-1.8398529466995115e-06,-2.04123893623667e-06,-2.228618613263843e-06,-2.399849575206541e-06,-2.5527911549047174e-06,-2.68530283286531e-06,-2.7952436230383773e-06,-2.880472387776388e-06,-2.938849123184224e-06,-2.968237365489543e-06,-2.9665080070205717e-06,-2.9315449898491855e-06,-2.8612535853249156e-06,-2.7535722919966873e-06,-2.606489815334209e-06,-2.418069138058464e-06,-2.1864813101409077e-06,-1.910052140974146e-06,-1.5873251468394761e-06,-1.2171438562504628e-06,-7.987556471318513e-07,-3.3194233409462257e-07,1.8281767777898357e-07,8.03719365135934e-07,1.510507448091326e-06,2.2893024881556224e-06,3.1284340959970333e-06,4.018613593474651e-06,4.953482082579505e-06,5.930461049606786e-06,6.951923706118596e-06,8.026665064204057e-06,9.171330243927259e-06,1.0410378687311677e-05,1.1769703691734894e-05,1.324897571892852e-05,1.4723504872157076e-05,1.5924658795612805e-05,1.6538772164704257e-05,1.643606864240318e-05,1.5741821354393825e-05,1.4765179772695569e-05,1.3770233330177359e-05,1.2877083781576929e-05,1.208140323277386e-05,1.135253911551225e-05,1.0661126988142346e-05,9.985412899970022e-06,9.311214835616444e-06,8.630404437796923e-06,7.939337450426155e-06,7.237587028506324e-06,6.527008056760065e-06,5.811075742693483e-06,5.094432217167974e-06,4.382586057435243e-06,3.6817237568711654e-06,2.9986037487825543e-06,2.3405114005764277e-06,1.7152588092408135e-06,1.1312286291519376e-06,5.975010205130509e-07,1.2417635244650224e-07,-2.719308127259374e-07,-6.311276095822939e-07,-9.530397169791956e-07,-1.2378298385136252e-06,-1.4860730516755672e-06,-1.6986561848972614e-06,-1.876697705206696e-06,-2.021484192461746e-06,-2.134421745992032e-06,-2.216999937298691e-06,-2.2707657232803046e-06,-2.29730486530848e-06,-2.2982288261261618e-06,-2.275165594755796e-06,-2.229753310433674e-06,-2.1636358893144114e-06,-2.0784601084010606e-06,-1.9758737874465633e-06,-1.8575248488691517e-06,-1.7250611436719855e-06,-1.5801310175352538e-06,-1.4243846590932082e-06,-1.2594763161040542e-06,-1.087067462641924e-06,-9.088309121339012e-07,-7.264556924863922e-07,-5.416524732981013e-07,-3.561618654279987e-07,-1.7177523171855407e-07,9.607852301994263e-09,1.6926576749275228e-08,-2.126817216167007e-07,-4.4627812754532037e-07,-6.81328649106024e-07,-9.154724599901179e-07,-1.1464472390997314e-06,-1.3720483610934251e-06,-1.590107988040578e-06,-1.7984831713103737e-06,-1.995047913288849e-06,-2.1776873717287155e-06,-2.3442936822612448e-06,-2.4927631818187275e-06,-2.6209948974447063e-06,-2.7268902172647864e-06,-2.80835372923652e-06,-2.8632953034999364e-06,-2.8896336064759834e-06,-2.8853013733798984e-06,-2.84825293804965e-06,-2.776474733682379e-06,-2.6679997408431193e-06,-2.5209271640983394e-06,-2.3334489335641535e-06,-2.10388487363094e-06,-1.8307284182325904e-06,-1.5127044668025909e-06,-1.1488402849955239e-06,-7.385497542140905e-07,-2.8172941762245463e-07,2.2114430594728137e-07,8.357372028264063e-07,1.5415320597584582e-06,2.3239673679734217e-06,3.171191205426764e-06,4.07403471439907e-06,5.02624270446923e-06,6.024868082810575e-06,7.0706648314172145e-06,8.168123841828999e-06,9.32428672176884e-06,1.0544306854107839e-05,1.1819501147407804e-05,1.3101385967993167e-05,1.4279117193570268e-05,1.5190442973526709e-05,1.568490130527434e-05,1.5698569299292117e-05,1.5290948905882432e-05,1.4608064266531776e-05,1.3807693503011531e-05,1.2996148036323565e-05,1.2217290230141325e-05,1.147505469146337e-05,1.075936195017069e-05,1.0058002039586948e-05,9.360992667660228e-06,8.661668128919097e-06,7.956530569444334e-06,7.244726209709974e-06,6.527485357211464e-06,5.807643176369933e-06,5.08926880680729e-06,4.377397536631752e-06,3.677851113711314e-06,2.9971306768869375e-06,2.3423698110584343e-06,1.7213422881553349e-06,1.142533287152238e-06,6.153060699762196e-07,1.5020437784518388e-07,-2.3665188097218027e-07,-5.880585384773422e-07,-9.036399032984701e-07,-1.183468664053951e-06,-1.4279907245006627e-06,-1.6379509267882481e-06,-1.8143278764255903e-06,-1.9582790949519364e-06,-2.0710962752809156e-06,-2.1541699377380073e-06,-2.2089622500248477e-06,-2.236986555056312e-06,-2.2397921809404816e-06,-2.218953298623593e-06,-2.176060836861852e-06,-2.11271670062059e-06,-2.030529742610835e-06,-1.931113104692123e-06,-1.8160826795920608e-06,-1.6870565517507289e-06,-1.5456553640497843e-06,-1.393503628015959e-06,-1.2322320490091356e-06,-1.0634809779632558e-06,-8.889051619671477e-07,-7.101801984343062e-07,-5.290120901440462e-07,-3.471537950907035e-07,-1.664371792488912e-07,1.1168884325874046e-08,1.8969842835261548e-08,-2.0538310150645776e-07,-4.3371300949564815e-07,-6.63474026297528e-07,-8.922938995903859e-07,-1.1179130970382282e-06,-1.3381436259067531e-06,-1.5508437101249962e-06,-1.7539023403112938e-06,-1.945229354157904e-06,-2.122748747302092e-06,-2.284394152277058e-06,-2.4281060126811423e-06,-2.5518302266209556e-06,-2.6535181608199875e-06,-2.7311280326159887e-06,-2.7826277534222485e-06,-2.805999435425914e-06,-2.7992458885916473e-06,-2.7603995803114723e-06,-2.6875346947261922e-06,-2.5787831046401654e-06,-2.4323552331685967e-06,-2.246566888461561e-06,-2.0198731276729583e-06,-1.7509099573745036e-06,-1.4385441203818474e-06,-1.0819303196931118e-06,-6.805735977786305e-07,-2.343907803063117e-07,2.562437101043301e-07,8.626248028242998e-07,1.5640023408748226e-06,2.3452924072368612e-06,3.1942767189008717e-06,4.101393790327825e-06,5.059649950976854e-06,6.064523319105496e-06,7.113610246884085e-06,8.205554751691744e-06,9.337433366071644e-06,1.049928538803437e-05,1.166456721999411e-05,1.2779383882832609e-05,1.3759469599530262e-05,1.4505061887113295e-05,1.4932579280730374e-05,1.5008040370755972e-05,1.4761089594279039e-05,1.4270950683399776e-05,1.3632984754266301e-05,1.2926985405065766e-05,1.220227081985818e-05,1.1480660291601164e-05,1.0767188182711352e-05,1.0059580933496703e-05,9.353641672926447e-06,8.645761182550014e-06,7.9338607085715e-06,7.2175835147551285e-06,6.4981715482656825e-06,5.7782416386035115e-06,5.061559065236582e-06,4.352848596885312e-06,3.65765611757896e-06,2.982262647832291e-06,2.333649792138214e-06,1.7195185705124922e-06,1.1483707101056698e-06,6.296664401309475e-07,1.7406045830875572e-07,-2.032950822510929e-07,-5.464351378350423e-07,-8.550598984039326e-07,-1.129224993000592e-06,-1.369305392203411e-06,-1.5759474955774861e-06,-1.7500206430458056e-06,-1.8925727061168814e-06,-2.004791495735498e-06,-2.08797246953649e-06,-2.1434925305343453e-06,-2.1727892828823543e-06,-2.1773449215019853e-06,-2.1586739141256076e-06,-2.1183137183777726e-06,-2.057817904906387e-06,-1.978751194744613e-06,-1.882686047356341e-06,-1.771200549175973e-06,-1.6458774500939086e-06,-1.5083042798057352e-06,-1.3600745507965715e-06,-1.2027901285892877e-06,-1.0380649468473213e-06,-8.675304329232727e-07,-6.928434606937237e-07,-5.156985992015158e-07,-3.378479991254004e-07,-1.6113351568378263e-07,1.2466022419621961e-08,2.0670567033050886e-08,-1.9822644097576573e-07,-4.209692964710265e-07,-6.450561595398505e-07,-8.681409376105715e-07,-1.0879887686514161e-06,-1.3024410085491805e-06,-1.509390634362169e-06,-1.7067657923075768e-06,-1.89251887636443e-06,-2.064619246431897e-06,-2.2210484765628594e-06,-2.359797544273007e-06,-2.4788656685940264e-06,-2.576260674222235e-06,-2.6500008751553525e-06,-2.6981185703555436e-06,-2.718665342424271e-06,-2.7097194538235657e-06,-2.6693957434353437e-06,-2.5958585325673227e-06,-2.487338138322828e-06,-2.3421516351147516e-06,-2.158728457554389e-06,-1.9356412414304864e-06,-1.6716418859074482e-06,-1.3657021146046826e-06,-1.0170566549926858e-06,-6.252451340062465e-07,-1.9014515824320852e-07,2.8801678446573973e-07,8.841667140944577e-07,1.57737449489509e-06,2.3521600377578724e-06,3.1958212374932656e-06,4.098062011699045e-06,5.050635790709008e-06,6.0468668185832146e-06,7.080807773081386e-06,8.145668595519356e-06,9.231047290507792e-06,1.0318633415934468e-05,1.1377053503556186e-05,1.2358497282080251e-05,1.3201219535149655e-05,1.384048651005059e-05,1.4225723499723389e-05,1.4336474518674394e-05,1.4188943642958244e-05,1.382942977753749e-05,1.3318340996655792e-05,1.2713016743220923e-05,1.2056744729360184e-05,1.1376213563474111e-05,1.0684829707953753e-05,9.98780126356408e-06,9.286346567372857e-06,8.580353920291358e-06,7.86981419008652e-06,7.155482139831941e-06,6.439110369369248e-06,5.723471523187006e-06,5.01229202087042e-06,4.310163432297308e-06,3.6224650844587946e-06,2.955314365958886e-06,2.3155534807177564e-06,1.7107793139663003e-06,1.1494229457741026e-06,6.408815319689452e-07,1.9568927119202327e-07,-1.7201211936067338e-07,-5.065653234241284e-07,-8.077826446318662e-07,-1.075749036577229e-06,-1.3108125134344747e-06,-1.5135578510346065e-06,-1.6847737421514662e-06,-1.825419128747311e-06,-1.9365916699470302e-06,-2.01949976375705e-06,-2.0754386571657796e-06,-2.105770641514185e-06,-2.111909015725173e-06,-2.09530535198811e-06,-2.057439564579501e-06,-1.999812317701936e-06,-1.923939378424703e-06,-1.8313476042219354e-06,-1.7235723392136668e-06,-1.6021560739899339e-06,-1.4686483004047133e-06,-1.3246065692545664e-06,-1.1715988476971277e-06,-1.0112074026515082e-06,-8.450346629315359e-07,-6.747119113682915e-07,-5.019122575134734e-07,-3.2836989317298843e-07,-1.5590735419292346e-07,1.3529974028858142e-08,2.2065658184242127e-08,-1.912409096306152e-07,-4.081617131754485e-07,-6.262771100970862e-07,-8.432980819378248e-07,-1.0570362186542752e-06,-1.265376845758174e-06,-1.4662579541590016e-06,-1.6576548360700605e-06,-1.8375693172375213e-06,-2.004022428990362e-06,-2.1550496647185845e-06,-2.288698287324486e-06,-2.4030263940178185e-06,-2.496103607894872e-06,-2.566013381683981e-06,-2.610856992154059e-06,-2.6287593870061087e-06,-2.617877123779292e-06,-2.576408709633025e-06,-2.5026077022323866e-06,-2.3947989477515584e-06,-2.251398285061868e-06,-2.0709358984421393e-06,-1.852083208651307e-06,-1.5936826989576254e-06,-1.2947792990844753e-06,-9.54650755707799e-07,-5.72832580062438e-07,-1.4913048970192227e-07,3.1639008293509274e-07,9.00216416524458e-07,1.5813898945693677e-06,2.34418180297138e-06,3.175393128114414e-06,4.0638667415418865e-06,4.9999552502399565e-06,5.974827507851078e-06,6.979440221979115e-06,8.00297650685138e-06,9.030628383713506e-06,1.0040922165719788e-05,1.1003445890295223e-05,1.1878557953258003e-05,1.2620720347736841e-05,1.3185884921486616e-05,1.3541152881266206e-05,1.367307885546988e-05,1.3590942591502428e-05,1.3323451065205451e-05,1.291040623104682e-05,1.2393013301447517e-05,1.1806456127510391e-05,1.1176517207425016e-05,1.0519811451784034e-05,9.84598744201008e-06,9.160313330791682e-06,8.465782846679066e-06,7.764534088890415e-06,7.058691309625818e-06,6.350810335456793e-06,5.64408239186105e-06,4.942405380337192e-06,4.2503923839676445e-06,3.5733596251527767e-06,2.917318770727289e-06,2.2889884915372627e-06,1.6958346097147668e-06,1.1461438487406585e-06,6.491292875779955e-07,2.1505156787689631e-07,-1.4289534005798676e-07,-4.6864408749519817e-07,-7.621304887725731e-07,-1.0234948159420044e-06,-1.2530884970512372e-06,-1.4514635846654507e-06,-1.6193528874625865e-06,-1.7576461250658776e-06,-1.8673654414166663e-06,-1.9496422179487918e-06,-2.005696220793026e-06,-2.03681752830592e-06,-2.0443513106395506e-06,-2.0296853116476837e-06,-1.994239773345646e-06,-1.939459509268083e-06,-1.8668078470375249e-06,-1.7777622014512479e-06,-1.6738110938948673e-06,-1.5564524945161667e-06,-1.4271934281490036e-06,-1.2875508565997624e-06,-1.1390539385295477e-06,-9.832478924695917e-07,-8.216998713415162e-07,-6.56007502327455e-07,-4.878109741607066e-07,-3.1880951109619616e-07,-1.5078227921232274e-07,1.4388376459845469e-08,2.3188289465279716e-08,-1.8443974574791644e-07,-3.9537100371016964e-07,-6.072927611395978e-07,-8.179964357302713e-07,-1.0253590745557488e-06,-1.2273243534611324e-06,-1.4218860743483137e-06,-1.6070751182962144e-06,-1.7809497543676416e-06,-1.9415888222750863e-06,-2.0870872914690416e-06,-2.215553821773735e-06,-2.325110092706468e-06,-2.413891789080513e-06,-2.4800512257812496e-06,-2.521761671318922e-06,-2.5372234932847107e-06,-2.5246722998248235e-06,-2.4823892849825085e-06,-2.4087139918187356e-06,-2.3020596690050632e-06,-2.160931291034468e-06,-1.9839461100694113e-06,-1.7698562736514914e-06,-1.5175725338576834e-06,-1.2261873326783862e-06,-8.949945023023444e-07,-5.235014126982299e-07,-1.1142770032069845e-07,3.413169199889681e-07,9.107744542770718e-07,1.5761889209913746e-06,2.321774846389943e-06,3.1339348761705853e-06,4.000721221899639e-06,4.91123003024134e-06,5.8548510751156e-06,6.820279826105574e-06,7.794233073022024e-06,8.759932127868539e-06,9.695663936847708e-06,1.057404838500251e-05,1.1362829432271184e-05,1.202778722046082e-05,1.2537619390723463e-05,1.2869620188469307e-05,1.301427502877775e-05,1.2977020948032672e-05,1.2776458522246406e-05,1.2439727820091117e-05,1.199679607563758e-05,1.147553743562733e-05,1.0898774081723504e-05,1.0283428092824467e-05,9.641184007357014e-06,8.979840624733415e-06,8.30471836874872e-06,7.619804100684897e-06,6.928558566341565e-06,6.2344318323976754e-06,5.541166479794029e-06,4.852963139398102e-06,4.174565741801883e-06,3.511306614150611e-06,2.8691380906468694e-06,2.2546678223289645e-06,1.6752082504283246e-06,1.1388448761889664e-06,6.545207992880917e-07,2.321238895279466e-07,-1.1599677249584975e-07,-4.327901458625473e-07,-7.183129500512637e-07,-9.727726961916212e-07,-1.1965433978196006e-06,-1.3901655920848985e-06,-1.5543363237831106e-06,-1.6898935185647174e-06,-1.7977978927148166e-06,-1.8791144847520458e-06,-1.9349951020488966e-06,-1.9666624138377512e-06,-1.975396035992746e-06,-1.962520699916601e-06,-1.929396445128267e-06,-1.8774106960754656e-06,-1.8079720559592882e-06,-1.7225056563113896e-06,-1.6224499279704747e-06,-1.5092546989413067e-06,-1.3843805737234241e-06,-1.249299607522163e-06,-1.1054973614037182e-06,-9.544765159850328e-07,-7.977623288315702e-07,-6.369103126248437e-07,-4.7351649538772776e-07,-3.0923032405168927e-07,-1.4576944792522628e-07,1.5065959700920976e-08,2.4068135859593765e-08,-1.7782612590017023e-07,-3.826528330472287e-07,-5.882212122596301e-07,-7.924197521422699e-07,-9.932062814566267e-07,-1.1885956761496867e-06,-1.376647916991495e-06,-1.5554578492674986e-06,-1.723147115305357e-06,-1.8778582671962912e-06,-2.017750890773164e-06,-2.1409995536108466e-06,-2.2457934381347272e-06,-2.330337586569043e-06,-2.3928557469660883e-06,-2.4315948624826897e-06,-2.4448312870257176e-06,-2.4308788360843918e-06,-2.388098785699554e-06,-2.314911904932442e-06,-2.2098125336078936e-06,-2.071384579269976e-06,-1.8983190835076747e-06,-1.6894326734440845e-06,-1.443685742068244e-06,-1.1601985642298335e-06,-8.382627400733149e-07,-4.773444010648521e-07,-7.707466750885669e-08,3.627777450635263e-07,9.159972278954995e-07,1.5622895911424503e-06,2.2860423887475953e-06,3.0734480870259913e-06,3.911978938149321e-06,4.789794640842531e-06,5.69504642336911e-06,6.615048342896843e-06,7.535336106991724e-06,8.438734580951264e-06,9.304696829534512e-06,1.0109302291879236e-05,1.0826303969936042e-05,1.1429398451145634e-05,1.1895462999620177e-05,1.220802076403402e-05,1.2359917120171847e-05,1.2354319849049031e-05,1.220369073423292e-05,1.1927079313812734e-05,1.1546624368653078e-05,1.1084278327782467e-05,1.0559491584116341e-05,9.98811024575456e-06,9.382310772376003e-06,8.75117808023853e-06,8.101534757723206e-06,7.438752143360274e-06,6.767413901309114e-06,6.091802415737282e-06,5.416229361276945e-06,4.745248973610227e-06,4.083792306974902e-06,3.4372539291659936e-06,2.811554491667324e-06,2.2131954646319254e-06,1.6493162782776608e-06,1.1277585208251354e-06,6.571356390761632e-07,2.4689812592355363e-07,-9.133940258390564e-08,-3.990694228641766e-07,-6.764597272277795e-07,-9.237879606197007e-07,-1.1414615068773702e-06,-1.3300239814976217e-06,-1.4901521674880277e-06,-1.6226467935833433e-06,-1.7284198461544912e-06,-1.8084803860550363e-06,-1.8639202256889618e-06,-1.8959003390875546e-06,-1.9056385195807267e-06,-1.894398545894914e-06,-1.8634809478673002e-06,-1.8142153588057652e-06,-1.747954386334827e-06,-1.6660689134025505e-06,-1.5699447450345869e-06,-1.460980536599353e-06,-1.3405869709254789e-06,-1.2101871920331346e-06,-1.071218550642423e-06,-9.251357660188476e-07,-7.734156442956545e-07,-6.175634770713041e-07,-4.5912110515060657e-07,-2.996762708835378e-07,-1.408721977635119e-07,1.558472983406593e-08,2.4731620193698866e-08,-1.7139695500845752e-07,-3.700444473573737e-07,-5.691502999040513e-07,-7.667112765236608e-07,-9.607776672135831e-07,-1.1494463029108848e-06,-1.3308526424065182e-06,-1.503163327839638e-06,-1.664569945569625e-06,-1.8132843012514364e-06,-1.9475352859370374e-06,-2.0655673126136082e-06,-2.1656402821447197e-06,-2.2460310532359428e-06,-2.3050364187316765e-06,-2.340977617364734e-06,-2.3522064284448373e-06,-2.3371129005595913e-06,-2.2941347468463094e-06,-2.2217683894351645e-06,-2.118581542672176e-06,-1.9832270751874865e-06,-1.8144576701263205e-06,-1.6111404964732033e-06,-1.3722707008780185e-06,-1.0969820266915845e-06,-7.845522868042465e-07,-4.3440083034871824e-07,-4.6074704651569195e-08,3.8077980452416863e-07,9.16167129141083e-07,1.540491030605698e-06,2.2385571248460647e-06,2.996587752082208e-06,3.801759797264764e-06,4.641684575363658e-06,5.5038258572400405e-06,6.374865803099336e-06,7.2400704258775474e-06,8.082770840943346e-06,8.884145338012445e-06,9.623521563550618e-06,1.0279369845908877e-05,1.0831000424097594e-05,1.1260736019494303e-05,1.1556096999122572e-05,1.171142788923997e-05,1.1728491656332476e-05,1.1615847403612848e-05,1.1387194344653041e-05,1.1059154113968258e-05,1.0649061057246276e-05,1.0173221514168615e-05,9.645868676231379e-06,9.078797892791924e-06,8.481508445559485e-06,7.861628767442888e-06,7.2254354201511095e-06,6.578344160608725e-06,5.925316134099582e-06,5.2711667214166186e-06,4.6207881477901455e-06,3.9793058181375225e-06,3.352189001020813e-06,2.745333467045495e-06,2.1651294560251848e-06,1.6185239159858094e-06,1.113081492741319e-06,6.570439006890081e-07,2.593809640383617e-07,-6.89239896918258e-08,-3.675100837858517e-07,-6.366432086350517e-07,-8.766686538068411e-07,-1.088032097862742e-06,-1.271289597021905e-06,-1.4271090667944167e-06,-1.5562657451643415e-06,-1.659633800031612e-06,-1.7381758027100184e-06,-1.7929313508882642e-06,-1.8250057434154858e-06,-1.8355593028342906e-06,-1.8257977087098785e-06,-1.7969635370260178e-06,-1.7503290873801327e-06,-1.6871905092811689e-06,-1.6088632012129138e-06,-1.516678442388395e-06,-1.411981220109179e-06,-1.2961292297139156e-06,-1.170493044371053e-06,-1.036457472595191e-06,-8.954241323964948e-07,-7.488152538416238e-07,-5.980786449807307e-07,-4.446935751002773e-07,-2.9017699666566634e-07,-1.3608901510220106e-07,1.5964158842050164e-08,2.5202157233086967e-08,-1.6514532177677436e-07,-3.5756954265531474e-07,-5.501438303252269e-07,-7.409802798013175e-07,-9.282301245529482e-07,-1.1100807175824105e-06,-1.2847509103345405e-06,-1.4504861071376327e-06,-1.6055538099796834e-06,-1.7482401171694716e-06,-1.8768474092969895e-06,-1.9896933255089508e-06,-2.0851110713229696e-06,-2.1614510777177963e-06,-2.2170840290908798e-06,-2.250405280710156e-06,-2.2598406847031167e-06,-2.2438538295509652e-06,-2.2009546638722277e-06,-2.1297094127803862e-06,-2.028751595336534e-06,-1.8967938053471608e-06,-1.732639716491485e-06,-1.5351955106985321e-06,-1.3034796062563567e-06,-1.0366291924220913e-06,-7.339016966381346e-07,-3.946689927732274e-07,-1.8402031260687924e-08,3.9535616841542735e-07,9.116479672940093e-07,1.5117527802659265e-06,2.181128350114996e-06,2.906279856956716e-06,3.6743902979000303e-06,4.472903335358711e-06,5.289075308089448e-06,6.109525019197957e-06,6.919837875183861e-06,7.704316217273897e-06,8.44599497839203e-06,9.127039404249094e-06,9.72958958853354e-06,1.0237011079123945e-05,1.063537544122928e-05,1.0914878912753835e-05,1.1070867008055623e-05,1.1104200750375224e-05,1.1020863360446426e-05,1.083090729079099e-05,1.0547004617809616e-05,1.0182931572097804e-05,9.752277608423493e-06,9.267553504771145e-06,8.739737369966697e-06,8.178191629908175e-06,7.590831721408937e-06,6.984424564389522e-06,6.364922284198119e-06,5.737773015055967e-06,5.108182049619177e-06,4.481317867192142e-06,3.862469160881366e-06,3.2571636320856974e-06,2.6712598163259612e-06,2.111021552602727e-06,1.5831820775574201e-06,1.0950016512450029e-06,6.543191338863718e-07,2.6959325017156415e-07,-4.8733314529871186e-08,-3.381122378856099e-07,-5.988937810245837e-07,-8.314854934647325e-07,-1.0363724328632027e-06,-1.214128576807108e-06,-1.3654209825036887e-06,-1.4910084528953186e-06,-1.5917363739307501e-06,-1.6685291480147454e-06,-1.7223813599663715e-06,-1.754348530744448e-06,-1.7655380686979769e-06,-1.7571008283821238e-06,-1.7302235335476395e-06,-1.68612220941562e-06,-1.6260366933447227e-06,-1.5512262454185972e-06,-1.4629662544634803e-06,-1.3625460242392842e-06,-1.2512676231672388e-06,-1.1304457829004192e-06,-1.0014088287623753e-06,-8.655006076728795e-07,-7.240833305066106e-07,-5.785411441025995e-07,-4.302840693879967e-07,-2.807516697588054e-07,-1.3141545473029738e-07,1.6221372766640153e-08,2.5500389965140116e-08,-1.5906210047879714e-07,-3.4524181347619996e-07,-5.312465926815444e-07,-7.153078770140079e-07,-8.956837080625624e-07,-1.0706585049897589e-06,-1.2385409655601716e-06,-1.3976611885870603e-06,-1.5463678046189198e-06,-1.6830256318480815e-06,-1.8060141720442813e-06,-1.9137271265845945e-06,-2.0045730316628502e-06,-2.076977067256117e-06,-2.1293840707115097e-06,-2.160262770344187e-06,-2.168111237428397e-06,-2.151463528385657e-06,-2.108897445620692e-06,-2.039043278445741e-06,-1.9405932883215073e-06,-1.8123115695600833e-06,-1.65304374404638e-06,-1.4617257368337452e-06,-1.2373906362971844e-06,-9.791723875887455e-07,-6.863048395167945e-07,-3.581145258628134e-07,5.994393317190214e-09,4.065642437801636e-07,9.028413673972427e-07,1.4770837609400592e-06,2.1156029825666707e-06,2.805421852118019e-06,3.534008379592024e-06,4.2889702396826375e-06,5.057736799971334e-06,5.82726346639516e-06,6.5838087645336684e-06,7.312850649536846e-06,7.999214922132108e-06,8.627474159772849e-06,9.182632997774934e-06,9.65104781813946e-06,1.0021452475345243e-05,1.0285903610113687e-05,1.0440446321725282e-05,1.0485346877100344e-05,1.0424834548091234e-05,1.0266409423872126e-05,1.0019868446263153e-05,9.696247796406195e-06,9.306866935429227e-06,8.862601458704308e-06,8.373435419116721e-06,7.848275941879569e-06,7.294970416948641e-06,6.720452365287898e-06,6.130949254773863e-06,5.532203445692329e-06,4.929677002836299e-06,4.3287270840325135e-06,3.7347493236473202e-06,3.1532925456010227e-06,2.5901505430079677e-06,2.051436828134117e-06,1.5436471458262603e-06,1.0737127434942811e-06,6.490450809784687e-07,2.7756927942527973e-07,-3.073494696769967e-08,-3.1085430125960347e-07,-5.632102871584959e-07,-7.882660752469517e-07,-9.86544861300894e-07,-1.1586413068554323e-06,-1.3052269898288507e-06,-1.4270510720003954e-06,-1.52493742350559e-06,-1.599779337396727e-06,-1.6525327920534147e-06,-1.6842090240241038e-06,-1.6958669877562818e-06,-1.6886061166182843e-06,-1.6635596674987103e-06,-1.6218888293815283e-06,-1.5647777018526908e-06,-1.4934291981421285e-06,-1.4090618940073648e-06,-1.3129078232239602e-06,-1.2062112071129327e-06,-1.0902280932236073e-06,-9.662268594800198e-07,-8.354895051428009e-07,-6.993135867810009e-07,-5.590145528412399e-07,-4.159280738250706e-07,-2.7141175629096655e-07,-1.268453895873035e-07,1.637133374558201e-08,2.5644415007921192e-08,-1.531370043912892e-07,-3.3306755971743425e-07,-5.124883596307576e-07,-6.897520554461405e-07,-8.632273211764552e-07,-1.0313004453440123e-06,-1.1923750378690202e-06,-1.3448707518971327e-06,-1.4872217251089804e-06,-1.617875246508721e-06,-1.7352909886965144e-06,-1.8379410219262024e-06,-1.9243107413083313e-06,-1.9929007830742077e-06,-2.0422299692500017e-06,-2.0708392925318884e-06,-2.0772969261072205e-06,-2.0602042093897005e-06,-2.0182025138414177e-06,-1.94998082776239e-06,-1.8542838106432835e-06,-1.7299199534702007e-06,-1.5757693409699774e-06,-1.3907903492741714e-06,-1.1740244387036674e-06,-9.245980369428266e-07,-6.417203862366414e-07,-3.246761978628345e-07,2.7187917936249917e-08,4.144839164730495e-07,8.901522673838861e-07,1.4374577312950217e-06,2.0437219702250095e-06,2.6966822723799705e-06,3.38432596559402e-06,4.0946907387352305e-06,4.8156608610110865e-06,5.53479340999522e-06,6.239215676604948e-06,6.915639918949374e-06,7.550538624816542e-06,8.130507086862731e-06,8.64280842285764e-06,9.076053193226532e-06,9.420922168747135e-06,9.670811368418162e-06,9.82227649933355e-06,9.87518482008773e-06,9.832540065473828e-06,9.700013964543362e-06,9.485275502783452e-06,9.19723997507302e-06,8.845357902232364e-06,8.439034484878262e-06,7.98722674712091e-06,7.498222714664631e-06,6.979575655526389e-06,6.438150745668828e-06,5.88023978091608e-06,5.311706812435397e-06,4.738138524911687e-06,4.164983880367889e-06,3.5976759652134043e-06,3.041734559658092e-06,2.5028510160123895e-06,1.9869582238917435e-06,1.5002883901644255e-06,1.0494205453314287e-06,6.413183013211363e-07,2.833560229988582e-07,-1.4883161583627242e-08,-2.856972691188097e-07,-5.295672448887523e-07,-7.470050397419017e-07,-9.385695111046495e-07,-1.1048769836495017e-06,-1.2466069945096123e-06,-1.3645040290439313e-06,-1.4593761454746749e-06,-1.5320913597585962e-06,-1.5835725662273201e-06,-1.6147916418041865e-06,-1.6267632473419695e-06,-1.6205387143394775e-06,-1.597200297179055e-06,-1.557855983108676e-06,-1.5036349842101336e-06,-1.4356839852627809e-06,-1.3551641852484421e-06,-1.263249144017575e-06,-1.1611234245031023e-06,-1.0499819992519116e-06,-9.310303614146927e-07,-8.054852371184772e-07,-6.745757302065485e-07,-5.395446345841079e-07,-4.016495211705148e-07,-2.6216305309495247e-07,-1.2237183107961866e-07,1.642701361749373e-08,2.5649995848436613e-08,-1.4735928421681885e-07,-3.210476290581116e-07,-4.938870932317017e-07,-6.643519744017534e-07,-8.30923880501668e-07,-9.920943480118109e-07,-1.1463657295175403e-06,-1.2922510650869955e-06,-1.4282735357159097e-06,-1.552965955565337e-06,-1.6648706293099904e-06,-1.7625397950648714e-06,-1.8445367938355834e-06,-1.909438049104867e-06,-1.9558358983985353e-06,-1.982342285308343e-06,-1.987593288744453e-06,-1.970254430170853e-06,-1.9290266541365883e-06,-1.8626528184277922e-06,-1.7699244547711242e-06,-1.649688468190225e-06,-1.5008533345599754e-06,-1.3223942373234512e-06,-1.1133564669860684e-06,-8.728563092367728e-07,-6.000785958168336e-07,-2.942701206787653e-07,4.527172813560147e-08,4.19215462194901e-07,8.739660096434257e-07,1.3937593241340675e-06,1.9670334745530253e-06,2.582389902809357e-06,3.228516455432568e-06,3.8940798578262194e-06,4.5676160773079235e-06,5.237448906723766e-06,5.891669008679312e-06,6.518204948733024e-06,7.10501125351605e-06,7.64038395698065e-06,8.113391483835951e-06,8.51438148686902e-06,8.835499070742326e-06,9.071136857581137e-06,9.218239233439945e-06,9.276403963191938e-06,9.24776014803377e-06,9.136642957216702e-06,8.949121369748533e-06,8.692456049394335e-06,8.374566430843805e-06,8.003571239414755e-06,7.587441689855623e-06,7.133779728130348e-06,6.649711651994902e-06,6.141873834133048e-06,5.61646231426097e-06,5.079319687241203e-06,4.536038110942724e-06,3.992063802922363e-06,3.4527943566330623e-06,2.9236647546407795e-06,2.410220923508248e-06,1.918181268442312e-06,1.4534871857700552e-06,1.022343394264218e-06,6.312482062713769e-07,2.870123035755703e-07,-1.1203645911480512e-09,-2.625876794111659e-07,-4.979199141528521e-07,-7.076714132084736e-07,-8.924337444595211e-07,-1.052844808078282e-06,-1.18959418139003e-06,-1.3034252230970655e-06,-1.3951345692794473e-06,-1.4655696698571423e-06,-1.5156249701282415e-06,-1.546237263898028e-06,-1.5583806525960549e-06,-1.5530614523286055e-06,-1.531313306500506e-06,-1.4941926896460666e-06,-1.4427749296570657e-06,-1.3781508298273594e-06,-1.3014239368072177e-06,-1.2137084724754054e-06,-1.1161279229500216e-06,-1.0098142518701978e-06,-8.959076725115895e-07,-7.755568687635237e-07,-6.49919493435068e-07,-5.201626906306042e-07,-3.874632884149356e-07,-2.5300719884741497e-07,-1.17987471862468e-07,1.639955813560181e-08,2.5530763754413024e-08,-1.41718194574661e-07,-3.091788914624714e-07,-4.7545154327653516e-07,-6.391316443970704e-07,-7.988149540152548e-07,-9.531005156289396e-07,-1.1005922031795082e-06,-1.2398993416860577e-06,-1.369636886781739e-06,-1.4884255493378686e-06,-1.5948921523192608e-06,-1.6876704210173897e-06,-1.7654023389041061e-06,-1.8267401483473828e-06,-1.8703490344986999e-06,-1.8949104969082184e-06,-1.899126381849513e-06,-1.8817235143508551e-06,-1.8414588286522355e-06,-1.777124846312187e-06,-1.6875552908359112e-06,-1.571630556617233e-06,-1.4282826707576474e-06,-1.2564993048025762e-06,-1.0553263196081959e-06,-8.238682751235245e-07,-5.612863270135845e-07,-2.667929855360564e-07,6.035665140517414e-08,4.208773516298395e-07,8.546361025975024e-07,1.346757190733543e-06,1.8868534328892393e-06,2.4644919027218825e-06,3.0691894174359296e-06,3.6903802269441647e-06,4.317380400373728e-06,4.93937435425178e-06,5.545448246121202e-06,6.124691731455795e-06,6.666382440055345e-06,7.160255680603581e-06,7.5968460063882656e-06,7.967869913789558e-06,8.266604193241606e-06,8.488206852724052e-06,8.629930462575096e-06,8.691191939926257e-06,8.673485579134818e-06,8.580152161111653e-06,8.416039793362294e-06,8.187106369676632e-06,7.900016584765026e-06,7.5617790305833005e-06,7.179454451740083e-06,6.759949348211448e-06,6.309893964501935e-06,5.8355929534756884e-06,5.3430314690745694e-06,4.83791846093276e-06,4.325751058988466e-06,3.8118875699338636e-06,3.301620498414629e-06,2.800244371442852e-06,2.313115641465723e-06,1.8457035370278498e-06,1.4036315502423405e-06,9.92709471901831e-07,6.189556123204082e-07,2.8860793002505174e-07,1.0621757529297433e-08,-2.4145975696714276e-07,-4.682079376173689e-07,-6.702139849279155e-07,-8.480992684034223e-07,-1.002522639433797e-06,-1.1341849061047322e-06,-1.243830798272679e-06,-1.3322488523269296e-06,-1.4002696799193818e-06,-1.4487630719372631e-06,-1.478634345477877e-06,-1.490820281999508e-06,-1.4862849401472123e-06,-1.4660155644102548e-06,-1.431018755058787e-06,-1.3823170175843012e-06,-1.3209457711466064e-06,-1.2479508639913099e-06,-1.164386617160917e-06,-1.0713143930738497e-06,-9.698016591521163e-07,-8.609214848026129e-07,-7.457523689592107e-07,-6.253782421564125e-07,-5.008884208500558e-07,-3.733772155262412e-07,-2.439428185116747e-07,-1.136850475918035e-07,1.6298441701522586e-08,2.5298406959166878e-08,-1.3620330758616538e-07,-2.9745538343644e-07,-4.571833874644379e-07,-6.141030995914287e-07,-7.669249213562017e-07,-9.143568135561004e-07,-1.0551060818755597e-06,-1.187880411347755e-06,-1.3113885206548241e-06,-1.4243407409228473e-06,-1.525449750923909e-06,-1.6134316340905223e-06,-1.6870073670360042e-06,-1.7449048046246007e-06,-1.7858611909806631e-06,-1.808626195982655e-06,-1.8119654492568112e-06,-1.7946645151651145e-06,-1.7555332200180956e-06,-1.693410204808161e-06,-1.6071675323573115e-06,-1.495715127608964e-06,-1.358004776523588e-06,-1.1930333577480436e-06,-9.99844939801663e-07,-7.775313556171936e-07,-5.252308784226064e-07,-2.421246798266495e-07,7.256914324879104e-08,4.1960405103779747e-07,8.324801748179348e-07,1.2970975709711941e-06,1.8042604189892161e-06,2.344558851734296e-06,2.908419708451728e-06,3.4861322228945174e-06,4.0678682087109e-06,4.643717204581175e-06,5.203755303409621e-06,5.738162426671754e-06,6.237396249350993e-06,6.69242176736679e-06,7.094984410260862e-06,7.437903418594301e-06,7.71535343224451e-06,7.923098425853587e-06,8.058645005873583e-06,8.121291796386567e-06,8.112066473636292e-06,8.033558752261498e-06,7.889672500044596e-06,7.685329959524927e-06,7.426164083959167e-06,7.118231422436825e-06,6.767769576134892e-06,6.381012600736244e-06,5.964067423873978e-06,5.522846248156588e-06,5.063044882703465e-06,4.590154927304944e-06,4.109498052785387e-06,3.6262723735911807e-06,3.1456032501473534e-06,2.6725931679721913e-06,2.212367257038293e-06,1.7701123966929268e-06,1.3511087027739222e-06,9.607525882287713e-07,6.045705965701596e-07,2.882228036233664e-07,2.0421247168294674e-08,-2.2223704449644313e-07,-4.4035803847828254e-07,-6.345653299416727e-07,-8.055075649175356e-07,-9.538637646264784e-07,-1.0803466260606783e-06,-1.1857039944880564e-06,-1.2707187828707072e-06,-1.336207650897607e-06,-1.3830187599778742e-06,-1.4120288999265896e-06,-1.4241402478811536e-06,-1.4202769780387544e-06,-1.4013818980061272e-06,-1.3684132475763913e-06,-1.3223417605147954e-06,-1.2641480598914559e-06,-1.194820431968243e-06,-1.115353001106088e-06,-1.026744306465059e-06,-9.299962578747585e-07,-8.261134204703282e-07,-7.1610254308926e-07,-6.009722024426366e-07,-4.817323839374825e-07,-3.593937642098737e-07,-2.3496640942090374e-07,-1.0945757949300346e-07,1.6131613104462533e-08,2.496284923039842e-08,-1.308047248972093e-07,-2.8586921883360824e-07,-4.390790297712721e-07,-5.892691686634082e-07,-7.352647264342164e-07,-8.758833685355209e-07,-1.0099370390549918e-06,-1.136233145194126e-06,-1.2535754830944154e-06,-1.3607651227849137e-06,-1.456601419012716e-06,-1.5398832664720918e-06,-1.6094106765436234e-06,-1.6639867188454212e-06,-1.7024198436159548e-06,-1.7235265781956197e-06,-1.726134570345085e-06,-1.7090859306331168e-06,-1.6712408038593298e-06,-1.611481074316003e-06,-1.528714081386085e-06,-1.4218761913900386e-06,-1.2899360409693646e-06,-1.1318972404448834e-06,-9.468003079570179e-07,-7.337236035071031e-07,-4.917830530351067e-07,-2.2013049988562238e-07,8.204941387437267e-08,4.1554389402092777e-07,8.077813509100478e-07,1.2453112447528824e-06,1.7201122754543347e-06,2.223817918418299e-06,2.7478062943729913e-06,3.283268045864865e-06,3.821266748468553e-06,4.352807710624267e-06,4.868929179594057e-06,5.360826178070725e-06,5.8200116735331976e-06,6.238512793681856e-06,6.609092051317908e-06,6.9254762492266225e-06,7.182570434750807e-06,7.376632413598147e-06,7.505385794710933e-06,7.568056255844621e-06,7.565325562502334e-06,7.499208877718708e-06,7.372870790475114e-06,7.190402309513165e-06,6.956583700519127e-06,6.676656443610759e-06,6.356122668979909e-06,6.0005836838705466e-06,5.615622222001244e-06,5.206727099983145e-06,4.77925478506196e-06,4.338420133332691e-06,3.8893079875595276e-06,3.4368979398648565e-06,2.9860958345254717e-06,2.5417670603248e-06,2.1087680498045713e-06,1.6919734944724359e-06,1.2962975421600373e-06,9.267076800464879e-07,5.882301818228742e-07,2.859460084688206e-07,2.836497481171239e-08,-2.0483371258230954e-07,-4.1428609819536743e-07,-6.006449059142475e-07,-7.645841332005061e-07,-9.068022937232167e-07,-1.028024360856771e-06,-1.129002517054228e-06,-1.2105158644600075e-06,-1.2733692834398746e-06,-1.3183916364358119e-06,-1.3464335086650671e-06,-1.3583646600564311e-06,-1.3550713393917896e-06,-1.3374535859601277e-06,-1.3064226188672967e-06,-1.2628983910826315e-06,-1.2078073649188187e-06,-1.1420805476757342e-06,-1.0666518097189987e-06,-9.824564909094775e-07,-8.904302833482199e-07,-7.915083570783232e-07,-6.866246691697436e-07,-5.767113647010599e-07,-4.6269814113318964e-07,-3.455114085341793e-07,-2.2607304495846002e-07,-1.0529853784924756e-07,1.590563313797508e-08,2.453241928596623e-08,-1.255132220447373e-07,-2.7441133536410347e-07,-4.2113114780992607e-07,-5.646259372950212e-07,-7.038353003998072e-07,-8.376869484450201e-07,-9.650981012881937e-07,-1.084976632119137e-06,-1.1962221175302375e-06,-1.2977269209685838e-06,-1.3883774049385065e-06,-1.467055336112116e-06,-1.5326395208590294e-06,-1.5840076872595394e-06,-1.6200386128142577e-06,-1.6396144835939076e-06,-1.6416234590924259e-06,-1.624962406268717e-06,-1.5885397552190438e-06,-1.5312784171143437e-06,-1.4521186925584711e-06,-1.350021086162142e-06,-1.2239689324395703e-06,-1.072970731452875e-06,-8.960620929113503e-07,-6.923071977440979e-07,-4.607997082699598e-07,-2.0066308869833084e-07,8.894968191553954e-08,4.0885707614872946e-07,7.807926589939475e-07,1.1918279196499285e-06,1.6350744547105172e-06,2.1032000755848928e-06,2.5885437912980637e-06,3.083212281998556e-06,3.5791677486565317e-06,4.068318943756251e-06,4.54262570781868e-06,4.994224118087347e-06,5.415574943188264e-06,5.7996328854781316e-06,6.140028665817225e-06,6.431251192242292e-06,6.668813802271963e-06,6.849387708836949e-06,6.970887759768081e-06,7.032500309141934e-06,7.034649642825711e-06,6.9789067717072245e-06,6.867851099366065e-06,6.704900263661189e-06,6.494125603293258e-06,6.2400700986179795e-06,5.947582754825414e-06,5.621679098503695e-06,5.267432729192242e-06,4.889898560774969e-06,4.4940650695915095e-06,4.084830766902788e-06,3.666999174738202e-06,3.245286561875876e-06,2.8243372712235655e-06,2.408742334586689e-06,2.003057984095125e-06,1.611821472748007e-06,1.2395622295252363e-06,8.908067853006323e-07,5.700761781086234e-07,2.8187489856905055e-07,3.454779163937015e-08,-1.8915566966904662e-07,-3.898988313784165e-07,-5.683615278975233e-07,-7.252419102797649e-07,-8.612575797927335e-07,-9.771460821993503e-07,-1.0736648026691202e-06,-1.1515903196828664e-06,-1.21171729620359e-06,-1.2548569986526394e-06,-1.2818355378577153e-06,-1.293491922826922e-06,-1.2906760102111371e-06,-1.2742464218544192e-06,-1.245068491537602e-06,-1.2040122909954036e-06,-1.1519507750577761e-06,-1.089758076344067e-06,-1.0183079708983277e-06,-9.384725267237563e-07,-8.511209363507518e-07,-7.571185212818656e-07,-6.57325879473535e-07,-5.525981264844832e-07,-4.437841570353553e-07,-3.317258287657806e-07,-2.172569499429289e-07,-1.012019528385105e-07,1.56258052314869e-08,2.401401276608732e-08,-1.2032034811361054e-07,-2.630721276817853e-07,-4.033300616084376e-07,-5.401649845605592e-07,-6.726307348703087e-07,-7.997650913326441e-07,-9.205907154062068e-07,-1.0341161416261388e-06,-1.1393368653275064e-06,-1.2352365639589489e-06,-1.3207884717077677e-06,-1.3949569122470363e-06,-1.4566989828246076e-06,-1.5049663747965498e-06,-1.5387073105848017e-06,-1.5568685742087032e-06,-1.5583976113258626e-06,-1.5422446746108157e-06,-1.5073649910475756e-06,-1.452720929359869e-06,-1.3772841486984579e-06,-1.280037714464102e-06,-1.159978174568691e-06,-1.0161176003562017e-06,-8.474856113841861e-07,-6.531314219862966e-07,-4.321259672873349e-07,-1.8356417788325578e-07,9.343255220126408e-08,3.997138036849364e-07,7.517427051943151e-07,1.1369936943993761e-06,1.549652902139117e-06,1.983391822101225e-06,2.431495982584034e-06,2.8869789117539062e-06,3.342687264288944e-06,3.791405469003061e-06,4.225967303801038e-06,4.639379287539212e-06,5.024957391602216e-06,5.3764747455637016e-06,5.688314210757355e-06,5.955616489737454e-06,6.174412421151717e-06,6.3417277602590715e-06,6.455650289099869e-06,6.515352401900774e-06,6.521066864307322e-06,6.4740184648252085e-06,6.37631887694983e-06,6.230835451015779e-06,6.041046359167304e-06,5.8108944045097675e-06,5.544650119726142e-06,5.246792025293288e-06,4.9219087055857105e-06,4.574624263030293e-06,4.209546145377336e-06,3.831232529727708e-06,3.4441754215640664e-06,3.0527952808893093e-06,2.6614431384033626e-06,2.274406612596113e-06,1.8959168070237845e-06,1.5301536239593739e-06,1.1812474971218756e-06,8.53275904779039e-07,5.502533576167703e-07,2.761141932278213e-07,3.907171666454383e-08,-1.751015491617252e-07,-3.6709520664084297e-07,-5.37615440117602e-07,-6.873841461282093e-07,-8.171379763169762e-07,-9.276273617246467e-07,-1.019615505311986e-06,-1.0938773156994377e-06,-1.151198261836016e-06,-1.1923731397066674e-06,-1.2182047527755005e-06,-1.2295025160808074e-06,-1.2270809995190335e-06,-1.2117584293014898e-06,-1.1843551683816432e-06,-1.1456921973793675e-06,-1.0965896175808375e-06,-1.0378651971848216e-06,-9.703329810943836e-07,-8.948019829956816e-07,-8.120749758155326e-07,-7.229473923796353e-07,-6.282063416682293e-07,-5.286297371213075e-07,-4.249855220976299e-07,-3.180309650726866e-07,-2.0851198739944815e-07,-9.716249056371314e-08,1.5296300418089977e-08,2.341324864597302e-08,-1.1521849682852659e-07,-2.518420062201288e-07,-3.8566498390117566e-07,-5.158754674646476e-07,-6.416412853639911e-07,-7.621100619116487e-07,-8.76409651656284e-07,-9.836489365849375e-07,-1.082918928763696e-06,-1.1732941201640177e-06,-1.2538340204549875e-06,-1.323584824966013e-06,-1.3815811589463479e-06,-1.4268478501404736e-06,-1.4584016890321065e-06,-1.4752531445594277e-06,-1.4764080126177308e-06,-1.4608689854552843e-06,-1.4276371425706276e-06,-1.3757133785202987e-06,-1.3040998007665683e-06,-1.2118011518251018e-06,-1.0978263346407727e-06,-9.61190147778297e-07,-8.00915366001772e-07,-6.16035328634021e-07,-4.055972157837554e-07,-1.6866618619892894e-07,9.566951651413811e-08,3.882926115244785e-07,7.208414703359027e-07,1.081088758053837e-06,1.4642268996209526e-06,1.864885550165075e-06,2.277265124477764e-06,2.695259583214958e-06,3.1125710187678673e-06,3.522821532286426e-06,3.919667479473799e-06,4.2969193333805635e-06,4.6486679093583165e-06,4.969414935397687e-06,5.254203303084601e-06,5.498740193043377e-06,5.6995050110790645e-06,5.853833981163274e-06,5.959974428297033e-06,6.017104130829939e-06,6.025314284409664e-06,5.985558088231834e-06,5.899570168296395e-06,5.769764485292952e-06,5.599119699861974e-06,5.391061078157803e-06,5.149347037780522e-06,4.8779666547987335e-06,4.5810522609310545e-06,4.262809035915058e-06,3.927461546816492e-06,3.5792156905360485e-06,3.222233524196058e-06,2.8606179873062565e-06,2.4984044323176734e-06,2.1395560612566624e-06,1.787960692024351e-06,1.4474266464402852e-06,1.1216758961659539e-06,8.14332911109913e-07,5.289080348045204e-07,2.687750910128239e-07,4.2045149320645826e-08,-1.6256362450204255e-07,-3.457677193432268e-07,-5.083001484921099e-07,-6.509069482679792e-07,-7.74344185328418e-07,-8.793755519379249e-07,-9.66770483008568e-07,-1.0373026840403738e-06,-1.0917489535229546e-06,-1.1308881941586296e-06,-1.155500524675889e-06,-1.1663664233357522e-06,-1.1642658528980288e-06,-1.149977333587914e-06,-1.124276945019191e-06,-1.0879372501458781e-06,-1.0417261444602198e-06,-9.8640564226708e-07,-9.227306193590901e-07,-8.514475381019246e-07,-7.732931869603898e-07,-6.889934718036111e-07,-5.992623006710504e-07,-5.048006066536584e-07,-4.062955547367181e-07,-3.0441997789606773e-07,-1.998320871643762e-07,-9.317550679892834e-08,1.492027808966852e-08,2.2734622097770856e-08,-1.1020096118496862e-07,-2.407119139527763e-07,-3.6812520461493774e-07,-4.917461230857333e-07,-6.108562852685693e-07,-7.247127206334747e-07,-8.325478280624481e-07,-9.335700186816464e-07,-1.0269648770617189e-06,-1.1118966841823608e-06,-1.1875101612195365e-06,-1.2529323119433003e-06,-1.3072742617286528e-06,-1.3496330116127688e-06,-1.3790930458759669e-06,-1.394727751337686e-06,-1.3956006265353303e-06,-1.3807662801621537e-06,-1.3492712417597722e-06,-1.3001546349008801e-06,-1.2324487949758326e-06,-1.1451799507531978e-06,-1.0373691308021902e-06,-9.080335009810533e-07,-7.561883838712519e-07,-5.80850248747904e-07,-3.8104098021111114e-07,-1.557937141612807e-07,9.58395742561306e-08,3.747788535256728e-07,6.882855859866998e-07,1.0243437053512492e-06,1.379079290700578e-06,1.7480253935744356e-06,2.1262539691244762e-06,2.5085010304060696e-06,2.889284903691418e-06,3.26302072283861e-06,3.6241343640936305e-06,3.967177803621946e-06,4.286946110022103e-06,4.5785943423501224e-06,4.8377508056252186e-06,5.060621696908197e-06,5.244081401055924e-06,5.385742737185264e-06,5.4840023667259e-06,5.5380582580939744e-06,5.547898326902376e-06,5.514261797659406e-06,5.4385770899125375e-06,5.3228817842770995e-06,5.169731241227973e-06,4.982102639951963e-06,4.7633006342175945e-06,4.516869662735532e-06,4.246516445540424e-06,3.956044598995845e-06,3.6493018265357187e-06,3.3301389395853603e-06,3.002379106054811e-06,2.6697952163588437e-06,2.336093052704027e-06,2.0048979715662568e-06,1.6797429786779817e-06,1.3640563152009959e-06,1.0611469314715443e-06,7.741865011309261e-07,5.061870558736186e-07,2.5997441092450303e-07,4.358210311576459e-08,-1.5142868854308301e-07,-3.2580359720031587e-07,-4.803041441832605e-07,-6.157016724895514e-07,-7.327724103846024e-07,-8.322937394761542e-07,-9.150415362787409e-07,-9.817883844305224e-07,-1.0333024403113518e-06,-1.0703467478981785e-06,-1.0936788250968033e-06,-1.1040503755487586e-06,-1.1022070122177517e-06,-1.088887909215236e-06,-1.0648253250486083e-06,-1.030743963509883e-06,-9.873601581524377e-07,-9.353808834775814e-07,-8.755026114697053e-07,-8.084100468590349e-07,-7.347747891796126e-07,-6.552539847701325e-07,-5.704890473750081e-07,-4.811045414776624e-07,-3.877073369559286e-07,-2.908861558369033e-07,-1.9121164124093098e-07,-8.923708781263926e-08,1.4500004082209339e-08,2.1981655900251958e-08,-1.0526198164303178e-07,-2.2967382985609436e-07,-3.5070125898167275e-07,-4.6776725637970656e-07,-5.802670525150617e-07,-6.875663962911506e-07,-7.890011510067745e-07,-8.838779025307084e-07,-9.714752913835136e-07,-1.0510458087970717e-06,-1.121817831939374e-06,-1.182997711517885e-06,-1.2337717626218181e-06,-1.273308045011831e-06,-1.3007578515891872e-06,-1.3152568540640998e-06,-1.3159258842691583e-06,-1.301871359975547e-06,-1.2721853975159724e-06,-1.2259456919865956e-06,-1.1622152909192447e-06,-1.0800424399692845e-06,-9.784607389737867e-07,-8.564899113578603e-07,-7.131375540902515e-07,-5.474022898743802e-07,-3.582787723647514e-07,-1.4476497156007127e-07,9.412796545964735e-08,3.5936336018753815e-07,6.542628049957849e-07,9.66953723362319e-07,1.2944229177998272e-06,1.633047223774127e-06,1.9787194460700516e-06,2.326971364156749e-06,2.6730915898520196e-06,3.0122394971924435e-06,3.3395568989771494e-06,3.6502784406678357e-06,3.939840508606676e-06,4.203987140654224e-06,4.438870216097605e-06,4.641140286216566e-06,4.808023951069413e-06,4.9373837984541564e-06,5.02775762224259e-06,5.0783748587281125e-06,5.089149760852568e-06,5.060652546705676e-06,4.994061363031794e-06,4.891099172844453e-06,4.753960449450654e-06,4.5852327679595415e-06,4.387818054998342e-06,4.164857492472938e-06,3.919663026345801e-06,3.6556572763981936e-06,3.3763225315253043e-06,3.0851585629859145e-06,2.785648262985664e-06,2.48122963909611e-06,2.1752724496470964e-06,1.8710577096861176e-06,1.5717583777977026e-06,1.2804196981898831e-06,9.99937883594546e-07,7.330360955314625e-07,4.822371641078018e-07,2.4983376759588573e-07,4.38014571853287e-08,-1.4157892754292641e-07,-3.070860082708924e-07,-4.5351263224822603e-07,-5.816573168595828e-07,-6.923175077283964e-07,-7.862846897702728e-07,-8.643411311982774e-07,-9.27257947905546e-07,-9.757941589048692e-07,-1.010696424681709e-06,-1.0326992001281471e-06,-1.0425250808452752e-06,-1.0408851691254898e-06,-1.0284793299744727e-06,-1.0059962463432429e-06,-9.74113216023838e-07,-9.334956610791663e-07,-8.847963454519405e-07,-8.28654319028298e-07,-7.656936284662347e-07,-6.965218579354716e-07,-6.217285875935852e-07,-5.41883884587263e-07,-4.5753697020752405e-07,-3.692152360640885e-07,-2.7742380922237596e-07,-1.8264588810611012e-07,-8.534408599458548e-08,1.4036967699130004e-08,2.1157052558069383e-08,-1.0039679741169232e-07,-2.1872128755126887e-07,-3.3338612934964004e-07,-4.439327839058313e-07,-5.498698752414483e-07,-6.50670859106673e-07,-7.457734745837095e-07,-8.345805229072211e-07,-9.164615534382613e-07,-9.90755087970304e-07,-1.056771073908209e-06,-1.11379331718469e-06,-1.1610817022396636e-06,-1.1978740567447e-06,-1.2233875629180793e-06,-1.2368196566794436e-06,-1.2373483929343866e-06,-1.224132292872894e-06,-1.1963097304014307e-06,-1.1529979626739255e-06,-1.0932919666574954e-06,-1.0162633113902972e-06,-9.20959374163719e-07,-8.064032959440682e-07,-6.715951608452871e-07,-5.155149647000219e-07,-3.371279885953005e-07,-1.3539317976797776e-07,9.072500282072592e-08,3.422412533890014e-07,6.189556123014382e-07,9.090904760995803e-07,1.2104230165136987e-06,1.5201126206065128e-06,1.8348181672728369e-06,2.150816016360872e-06,2.4641148517472673e-06,2.7705670298648803e-06,3.065976851093259e-06,3.3462058945547585e-06,3.607274865977135e-06,3.845460591780083e-06,4.057386033974939e-06,4.240100644758985e-06,4.391148140297656e-06,4.508618920231679e-06,4.591184905969679e-06,4.638115466244261e-06,4.649274233530852e-06,4.62509783915955e-06,4.566558742566511e-06,4.475115249876325e-06,4.3526523982275336e-06,4.201417571777598e-06,4.023954521854723e-06,3.823038949871009e-06,3.60161807669501e-06,3.362755780758354e-06,3.1095840484833233e-06,2.8452607330011798e-06,2.5729330194348e-06,2.295705575013181e-06,2.0166121204683692e-06,1.7385890757093632e-06,1.4644499757352962e-06,1.1968594874590428e-06,9.383060617792946e-07,6.910725520095609e-07,4.5720469226540133e-07,2.3847878559636275e-07,4.282622110474308e-08,-1.3289282101601266e-07,-2.8949534085278327e-07,-4.2780937813573437e-07,-5.486630733818317e-07,-6.528763247426964e-07,-7.412549968143737e-07,-8.145873339689408e-07,-8.736421282881263e-07,-9.191681837772247e-07,-9.518946568757001e-07,-9.725319132549055e-07,-9.817726076823923e-07,-9.80292758708445e-07,-9.687526485411176e-07,-9.477974289830123e-07,-9.180573567953067e-07,-8.801476175668792e-07,-8.346677280050162e-07,-7.822005347798804e-07,-7.233108559939202e-07,-6.58543841224995e-07,-5.884231597306115e-07,-5.134491648890131e-07,-4.34097226211776e-07,-3.5081646656549953e-07,-2.640291878638448e-07,-1.741313078568391e-07,-8.149415760447375e-08,1.3531999325579483e-08,2.026284933470797e-08,-9.560171140814384e-08,-2.0784994047230485e-07,-3.161765355763538e-07,-4.202424100937724e-07,-5.19669169887862e-07,-6.140364983368454e-07,-7.028817874598605e-07,-7.857013841751048e-07,-8.61952884964506e-07,-9.310579964647133e-07,-9.92405569988359e-07,-1.045354504406366e-06,-1.0892362883935192e-06,-1.1233570178942524e-06,-1.1469987787832221e-06,-1.1594203308329166e-06,-1.1598570710009895e-06,-1.1475202959115028e-06,-1.1215958295373706e-06,-1.081242136645366e-06,-1.0255881092376496e-06,-9.537307948411958e-07,-8.647334333402471e-07,-7.576242817420967e-07,-6.313968280119802e-07,-4.850121129868223e-07,-3.1740396916562694e-07,-1.2748800365368557e-07,8.582498172805055e-08,3.2361090498995993e-07,5.825440566125723e-07,8.509118564726268e-07,1.1272158603000268e-06,1.4093373266501436e-06,1.694644610802998e-06,1.980104666176914e-06,2.2623934759901314e-06,2.538003762989442e-06,2.8033493455775707e-06,3.0548655897060432e-06,3.2891051100070813e-06,3.5028274451697374e-06,3.6930810169803564e-06,3.8572753889438e-06,3.993241751804769e-06,4.099279729857484e-06,4.174189033489135e-06,4.2172851461336656e-06,4.228399054470197e-06,4.207861908295939e-06,4.156476319498444e-06,4.075476675017865e-06,3.966481269368998e-06,3.831439218041208e-06,3.6725749946623077e-06,3.4923330798502227e-06,3.2933246826413304e-06,3.0782778742206235e-06,2.849991836399609e-06,2.6112953410981735e-06,2.365009091561374e-06,2.113911200666488e-06,1.8607048670011456e-06,1.6079872305516412e-06,1.3582184313644343e-06,1.11369003693684e-06,8.764922367835829e-07,6.484795594699215e-07,4.3123553390482117e-07,2.2603835631749756e-07,4.0782804228564554e-08,-1.2524610642513197e-07,-2.7291063590567013e-07,-4.0307879789150203e-07,-5.166112049201919e-07,-6.143514264446352e-07,-6.971196605039925e-07,-7.657091890912626e-07,-8.208849927200182e-07,-8.633839159259241e-07,-8.939158439231771e-07,-9.131654396716712e-07,-9.21794082330703e-07,-9.204417328530176e-07,-9.09728526023685e-07,-8.902559495619771e-07,-8.626075209804471e-07,-8.273489138834265e-07,-7.850275200972622e-07,-7.361714656125007e-07,-6.812881300648154e-07,-6.208622545863861e-07,-5.553537641749337e-07,-4.851954803528105e-07,-4.107909585596616e-07,-3.325127509993224e-07,-2.5070146508088906e-07,-1.6566605220989524e-07,-7.768581074641874e-08,1.2985390315781308e-08,1.9300578426067227e-08,-9.087418240725248e-08,-1.9705821162014015e-07,-2.9907437879480473e-07,-3.9670402417587436e-07,-4.896809162689008e-07,-5.776888172901373e-07,-6.603617412418797e-07,-7.372860619461528e-07,-8.08003741825924e-07,-8.720160839657999e-07,-9.287875404005629e-07,-9.777492261470812e-07,-1.0183018857469234e-06,-1.0498181368092562e-06,-1.071643876250836e-06,-1.0830987843128335e-06,-1.08347590442174e-06,-1.072040319221623e-06,-1.0480269902971265e-06,-1.010637886717192e-06,-9.590386006875293e-07,-8.923547417766139e-07,-8.096685176153246e-07,-7.100160495346588e-07,-5.923861326361524e-07,-4.5572131930164037e-07,-2.9892235665520106e-07,-1.2085709057276843e-07,7.962513661240865e-08,3.036730248917331e-07,5.452079547980692e-07,7.925699626827193e-07,1.0449242497765997e-06,1.3008150589306123e-06,1.5582631853860788e-06,1.8148707129454157e-06,2.0679266722531404e-06,2.3145108512257073e-06,2.551594238919684e-06,2.7761349790935606e-06,2.985168745060733e-06,3.1758923293919886e-06,3.3457390888064596e-06,3.492444783272045e-06,3.6141023646078422e-06,3.709204444464053e-06,3.7766725154638112e-06,3.815872492445668e-06,3.826616735435681e-06,3.8091533450483448e-06,3.7641441093945966e-06,3.6926329589841383e-06,3.596007098456524e-06,3.4759531012766273e-06,3.3344101730476737e-06,3.173522533518508e-06,2.9955924789409958e-06,2.80303521873177e-06,2.598336089589415e-06,2.38401028765666e-06,2.1625648664089836e-06,1.9364624538026493e-06,1.708085963656504e-06,1.479703519498752e-06,1.2534328724689983e-06,1.0312047729605404e-06,8.147250502660519e-07,6.054356087290373e-07,4.044753573722033e-07,2.1264393958258455e-07,3.780027347256044e-08,-1.1851286360839255e-07,-2.57211276552047e-07,-3.7920844702103977e-07,-4.85400445367439e-07,-5.766554386388166e-07,-6.53807336536437e-07,-7.176527889206127e-07,-7.68950690407809e-07,-8.084234123438288e-07,-8.367590981526724e-07,-8.546144867042242e-07,-8.62617850242376e-07,-8.613717396776161e-07,-8.514553179964965e-07,-8.334261328869304e-07,-8.078212348963933e-07,-7.751575909321702e-07,-7.359317785770841e-07,-6.90618978707431e-07,-6.396713165774043e-07,-5.835156392036144e-07,-5.225508636895166e-07,-4.5714509065166254e-07,-3.8763275143603775e-07,-3.143121471557887e-07,-2.3744383753033298e-07,-1.572504384371436e-07,-7.391847388977708e-08,1.2397016849802289e-08,1.82714345029492e-08,-8.621296345916351e-08,-1.8634807795216163e-07,-2.8208842006895446e-07,-3.7333642411716173e-07,-4.599364902771272e-07,-5.416733697215288e-07,-6.182736386067153e-07,-6.894091638158788e-07,-7.547016561269035e-07,-8.13727604964782e-07,-8.660230691631778e-07,-9.110879479054941e-07,-9.483894727104742e-07,-9.773647484529513e-07,-9.974222352859508e-07,-1.0079421112169934e-06,-1.0082754943468149e-06,-9.977425416081464e-07,-9.756294842794847e-07,-9.411847164701913e-07,-8.936141278775087e-07,-8.32075972832388e-07,-7.556756998659594e-07,-6.634613342755257e-07,-5.544202114845106e-07,-4.2747809416510973e-07,-2.8150194674827075e-07,-1.1530783042579325e-07,7.232459583150569e-08,2.826298641823779e-07,5.07128655641108e-07,7.342177508378002e-07,9.636705904321116e-07,1.1946377224131268e-06,1.4257355171361916e-06,1.6551449130804432e-06,1.8807128303978772e-06,2.1000524842092582e-06,2.3106403266301793e-06,2.5099080373244735e-06,2.695328304551626e-06,2.8644932708524508e-06,3.0151845630847905e-06,3.145433862558039e-06,3.253573056112227e-06,3.338273180940159e-06,3.398571649159115e-06,3.4338876035320653e-06,3.4440256838686086e-06,3.429168930653436e-06,3.3898619680889262e-06,3.3269859449724975e-06,3.2417269306822917e-06,3.1355395427078387e-06,3.010107517580749e-06,2.867302742314396e-06,2.7091439664403433e-06,2.53775605258855e-06,2.355330237148368e-06,2.1640855014317937e-06,1.966230832624719e-06,1.763927910636979e-06,1.559253612874004e-06,1.3541616992834557e-06,1.1504431360183141e-06,9.496847476152332e-07,7.532262716326161e-07,5.621164815307955e-07,3.770700462947221e-07,1.984289111130691e-07,3.4009571315620845e-08,-1.1256680089212895e-07,-2.4227907961093465e-07,-3.5609211144651844e-07,-4.54940170881435e-07,-5.397162814619936e-07,-6.112665400211167e-07,-6.703883074059592e-07,-7.178311523479012e-07,-7.542995814583684e-07,-7.804567719669156e-07,-7.969287025703505e-07,-8.043082335608565e-07,-8.031588149421074e-07,-7.940176014457238e-07,-7.773978296796883e-07,-7.537903695580146e-07,-7.23664404551759e-07,-6.874672282552453e-07,-6.456231735158678e-07,-5.985317203012045e-07,-5.465648650845449e-07,-4.900638834486977e-07,-4.293356843860551e-07,-3.6464904422453245e-07,-2.9623112285961074e-07,-2.2426480304039998e-07,-1.4888754540390945e-07,-7.019259947825375e-08,1.1766469454073197e-08,1.7176451823963412e-08,-8.161831524953032e-08,-1.757260591967284e-07,-2.652363017269164e-07,-3.501725009359822e-07,-4.304870370531336e-07,-5.060612747977001e-07,-5.767090017544338e-07,-6.421818472982598e-07,-7.021756011066449e-07,-7.563366387825696e-07,-8.042679009857325e-07,-8.455340551586185e-07,-8.79665600449329e-07,-9.061617668442875e-07,-9.244921198098432e-07,-9.340968221295808e-07,-9.34385534374222e-07,-9.247349631520731e-07,-9.044851002389893e-07,-8.729342440703778e-07,-8.293329661419841e-07,-7.72877287056376e-07,-7.027014691155493e-07,-6.178710237960109e-07,-5.173767817785617e-07,-4.001311837760907e-07,-2.6496830863956046e-07,-1.1064950835702566e-07,6.412326177874054e-08,2.606845198891167e-07,4.6849056942001313e-07,6.760148653178645e-07,8.835883729994607e-07,1.0909131340596097e-06,1.2971443229399689e-06,1.5009847479167691e-06,1.7007833253426128e-06,1.8946328375000383e-06,2.080464084547028e-06,2.2561345312579646e-06,2.4195101243831716e-06,2.568539285591859e-06,2.7013182726753585e-06,2.8161472269206787e-06,2.9115763464483275e-06,2.9864417826488595e-06,3.039891068039067e-06,3.071398148299679e-06,3.0807683924634277e-06,3.068134265418847e-06,3.0339426327318453e-06,2.978934896416179e-06,2.90412130486828e-06,2.810750823999593e-06,2.7002778951866862e-06,2.5743272468553106e-06,2.4346576886840752e-06,2.2831255264418876e-06,2.121647921284688e-06,1.9521662106727904e-06,1.776608938123619e-06,1.596854132307695e-06,1.4146902566399654e-06,1.2317752416866162e-06,1.049593138827155e-06,8.694082230945695e-07,6.922168648717238e-07,5.186982604069934e-07,3.491663779985559e-07,1.8352795635400223e-07,2.954264605201451e-08,-1.0728286835572552e-07,-2.2800099736644625e-07,-3.336337774759672e-07,-4.251556630460213e-07,-5.034836308187271e-07,-5.694731329818834e-07,-6.239183031097014e-07,-6.675549908271768e-07,-7.010654715426172e-07,-7.250839505493133e-07,-7.402022169042997e-07,-7.469749918670939e-07,-7.45924662069183e-07,-7.375451955959893e-07,-7.223051168656561e-07,-7.006494702665762e-07,-6.730007393617974e-07,-6.397587143439784e-07,-6.012993215728254e-07,-5.579724517786759e-07,-5.100988544612636e-07,-4.579662122528195e-07,-4.018245783794566e-07,-3.4188146122402565e-07,-2.782969800136139e-07,-2.1117969857750895e-07,-1.4058396486035623e-07,-6.650982445674321e-08,1.1093189856500967e-08,1.6016693052132114e-08,-7.709233912908172e-08,-1.6520451238468942e-07,-2.485470589991633e-07,-3.2726305535796814e-07,-4.014085563595788e-07,-4.7095546206981556e-07,-5.357978398819839e-07,-5.95759976246012e-07,-6.506049242047598e-07,-7.000427149789986e-07,-7.437377020598781e-07,-7.81314714729274e-07,-8.12363834352949e-07,-8.364436911088487e-07,-8.53083227445533e-07,-8.617819004427913e-07,-8.620083090403811e-07,-8.531972433803554e-07,-8.347451714952912e-07,-8.060042125739264e-07,-7.662747056825651e-07,-7.147965783410104e-07,-6.507398621985264e-07,-5.731949072710105e-07,-4.811631299286711e-07,-3.7354951379191883e-07,-2.49158578617725e-07,-1.066961120902108e-07,5.522050118404304e-08,2.3804032937695598e-07,4.294826917917808e-07,6.18133190169448e-07,8.048329143824992e-07,9.897813841442987e-07,1.1726151999276296e-06,1.35250098349411e-06,1.528232890661251e-06,1.6983291603572275e-06,1.86112436509886e-06,2.014855330202815e-06,2.1577394786611824e-06,2.2880448259030754e-06,2.4041511201013805e-06,2.5046017911067985e-06,2.5881464987492855e-06,2.653774200127096e-06,2.700736807165438e-06,2.7285636855856063e-06,2.737067446947197e-06,2.7263416897768118e-06,2.6967515320443423e-06,2.6489179227608636e-06,2.5836968059470765e-06,2.5021542227790824e-06,2.405538372707269e-06,2.2952495157391593e-06,2.1728083976476605e-06,2.0398236354798444e-06,1.8979582342859704e-06,1.7488951413953117e-06,1.5943015063746548e-06,1.4357911276713134e-06,1.2748844565002714e-06,1.112965524043944e-06,9.512352968139753e-07,7.906612980922475e-07,6.319239330408551e-07,4.753609373639946e-07,3.209129879112409e-07,1.680765109474083e-07,2.4531413955381854e-08,-1.0253939266192693e-07,-2.1427273366528788e-07,-3.117528640665352e-07,-3.9599488526360076e-07,-4.679370281579162e-07,-5.284394857737577e-07,-5.782876325460539e-07,-6.181978818178312e-07,-6.488248754218529e-07,-6.707690764879377e-07,-6.845841283442232e-07,-6.907835579510888e-07,-6.898465576006604e-07,-6.82222687444034e-07,-6.683354143345323e-07,-6.485844481303436e-07,-6.233468626988123e-07,-5.929770027190949e-07,-5.578051860874534e-07,-5.18135222354284e-07,-4.7424078751736787e-07,-4.263607328702068e-07,-3.746934703833782e-07,-3.193906818410757e-07,-2.605507588397377e-07,-1.9821261071850437e-07,-1.323507850589771e-07,-6.287322173814211e-08,1.0376616791874206e-08,1.4793451774324584e-08,-7.263950117131384e-08,-1.548033829631968e-07,-2.3206432853323885e-07,-3.0468147141293697e-07,-3.728079067740962e-07,-4.3649780995747436e-07,-4.957167241180967e-07,-5.503529680187845e-07,-6.00228850305248e-07,-6.451109056065493e-07,-6.8471871710516e-07,-7.18732105506643e-07,-7.467965890232884e-07,-7.685270847563477e-07,-7.835098495862199e-07,-7.913026625999072e-07,-7.914332422703009e-07,-7.833958799092672e-07,-7.666462660211938e-07,-7.405944981653321e-07,-7.045962985851666e-07,-6.579425488322497e-07,-5.998473799630971e-07,-5.294352574031196e-07,-4.457277953300963e-07,-3.476314687221324e-07,-2.3392801804200692e-07,-1.0327019798042601e-07,4.581346116989406e-08,2.149003444190188e-07,3.903003906020026e-07,5.607627288874503e-07,7.275922715511634e-07,8.914309701420988e-07,1.0523375979631122e-06,1.2098827419263506e-06,1.3632478709211688e-06,1.511322249812856e-06,1.6527941924282804e-06,1.7862347537116067e-06,1.91017289806272e-06,2.023161707916169e-06,2.1238354856191986e-06,2.210957763423933e-06,2.2834603394332057e-06,2.3404735426968276e-06,2.3813480210957444e-06,2.4056684502894534e-06,2.4132596791866943e-06,2.40418594747964e-06,2.378743919256569e-06,2.3374503575561973e-06,2.281025303486078e-06,2.2103716097169273e-06,2.1265516068116305e-06,2.030761553050333e-06,1.9243043410706344e-06,1.8085607195947756e-06,1.684959051421292e-06,1.5549433881061277e-06,1.4199394177019812e-06,1.2813176567623299e-06,1.140353136761499e-06,9.981808101311246e-07,8.557460191961409e-07,7.137497074584188e-07,5.725887267397651e-07,4.322927943593747e-07,2.924617183649873e-07,1.5221024838515542e-07,1.9106419476783564e-08,-9.822103630952271e-08,-2.010037213092287e-07,-2.9039124969861004e-07,-3.6743732525332384e-07,-4.33096159579223e-07,-4.882257681601374e-07,-5.335953483655217e-07,-5.698947199793425e-07,-5.977444604142788e-07,-6.177058427496183e-07,-6.302900135768379e-07,-6.359660723490443e-07,-6.351678667098708e-07,-6.282994187430897e-07,-6.157389578016193e-07,-5.97841566314008e-07,-5.749404545133369e-07,-5.473468765795958e-07,-5.153486919321143e-07,-4.792075687828891e-07,-4.391548301643632e-07,-3.953859640277781e-07,-3.480538696525431e-07,-2.9726100852717224e-07,-2.430507932436592e-07,-1.8539881577809995e-07,-1.242049214307131e-07,-5.928769686261692e-08,9.616342267832678e-09,1.3508470478887135e-08,-6.826746286062226e-08,-1.4455264070170174e-07,-2.1585054534229968e-07,-2.8252953957107517e-07,-3.448299720920087e-07,-4.028773442850066e-07,-4.5669775267109923e-07,-5.062333367628853e-07,-5.513564958450587e-07,-5.918822749714545e-07,-6.275786779668112e-07,-6.581748525967012e-07,-6.833671834182811e-07,-7.028233612561695e-07,-7.161844958637347e-07,-7.230653132107084e-07,-7.230524412046689e-07,-7.15700746833438e-07,-7.005276531110929e-07,-6.770053460923391e-07,-6.445507922566007e-07,-6.025135377527323e-07,-5.501613671864083e-07,-4.866640767077178e-07,-4.1107589004655666e-07,-3.2231747369753617e-07,-2.1915920183300282e-07,-1.002084432139337e-07,3.6094710072402557e-08,1.9146687735262702e-07,3.511478009916687e-07,5.04118534987414e-07,6.520993328324294e-07,7.961158545065813e-07,9.365861575276667e-07,1.0734222241073778e-06,1.206133412324582e-06,1.3339252722010918e-06,1.455790506916509e-06,1.570590685785468e-06,1.6771282696925697e-06,1.7742089882078569e-06,1.860694841078888e-06,1.935548106884241e-06,1.997866791867918e-06,2.0469119787146153e-06,2.0821275600804325e-06,2.103152876110638e-06,2.1098288208362765e-06,2.1021980338603745e-06,2.080499840992948e-06,2.045160638322512e-06,1.996780416941603e-06,1.936116090918592e-06,1.8640622135631476e-06,1.7816295452813803e-06,1.689921773366775e-06,1.5901104868862177e-06,1.4834082888360267e-06,1.3710396964759456e-06,1.2542092555549925e-06,1.1340660942288987e-06,1.0116639906227348e-06,8.879159539798079e-07,7.635423707583481e-07,6.390120345440556e-07,5.14476036880904e-07,3.896958527526341e-07,2.6396952332339206e-07,1.36064616116008e-07,1.3394970042693135e-08,-9.422305471105228e-08,-1.8812411714928143e-07,-2.695228280120293e-07,-3.3950561903367744e-07,-3.9903393652089787e-07,-4.4895388806794975e-07,-4.900089787620177e-07,-5.228538269491808e-07,-5.480676008356705e-07,-5.661664431061333e-07,-5.77614474667177e-07,-5.828331768802549e-07,-5.822090870993458e-07,-5.76099824237513e-07,-5.648385011433821e-07,-5.487365891115533e-07,-5.280852866847235e-07,-5.031554189107531e-07,-4.74195862260744e-07,-4.4143046173614107e-07,-4.0505338751367354e-07,-3.6522287674220853e-07,-3.2205333198637406e-07,-2.7560581761560177e-07,-2.2587713989607378e-07,-1.7278797133798364e-07,-1.161709678258114e-07,-5.576061771159552e-08,8.812279612698041e-09,1.2164175315110544e-08,-6.398840793589971e-08,-1.344957481190842e-07,-1.999925377193124e-07,-2.6094480163728144e-07,-3.1766626110715306e-07,-3.7033964491977873e-07,-4.1903843763011275e-07,-4.637468666785867e-07,-5.043772514773188e-07,-5.407844880799762e-07,-5.727777256940397e-07,-6.001294028315639e-07,-6.225818440378628e-07,-6.398516073720266e-07,-6.516317325010865e-07,-6.575919790944671e-07,-6.573770737604933e-07,-6.506029090050421e-07,-6.368505676047695e-07,-6.156579897010801e-07,-5.86509069769335e-07,-5.488199811584481e-07,-5.019225927373348e-07,-4.450449782651369e-07,-3.772892372282923e-07,-2.9760718699463224e-07,-2.0477509767430804e-07,-9.736986183978173e-08,2.6248704279852397e-08,1.6794111452807994e-07,3.122413138743006e-07,4.4844961294834306e-07,5.78646235187791e-07,7.0417461288534e-07,8.25743465586561e-07,9.435399784345826e-07,1.0573403382886902e-06,1.166611557202046e-06,1.2706023852879599e-06,1.3684228973300392e-06,1.4591130857645479e-06,1.541701092279319e-06,1.6152518217450915e-06,1.6789067032938063e-06,1.731915336824842e-06,1.7736597169512625e-06,1.8036716807928573e-06,1.8216441931009932e-06,1.8274370653506087e-06,1.8210777009809633e-06,1.8027574586037955e-06,1.7728242182848908e-06,1.7317717124797541e-06,1.6802261339440973e-06,1.6189304515466318e-06,1.5487267479812638e-06,1.470536740592454e-06,1.385340460578736e-06,1.294152852363099e-06,1.1979978226587739e-06,1.0978790299247132e-06,9.947464754549839e-07,8.894577567614741e-07,7.827326955245091e-07,6.75099990801719e-07,5.668346518652627e-07,4.5788544000283953e-07,3.477928571407359e-07,2.3560121236054709e-07,1.1977442268095167e-07,7.518370635426315e-09,-9.045759183891821e-08,-1.755947716382104e-07,-2.491665863812549e-07,-3.1228085588947334e-07,-3.6589311682465437e-07,-4.108246399035677e-07,-4.477815826463507e-07,-4.773734595494341e-07,-5.001300341985195e-07,-5.165161986260996e-07,-5.269446630732109e-07,-5.317864458226511e-07,-5.313792579919197e-07,-5.260339309539263e-07,-5.160390437564526e-07,-5.016638862090337e-07,-4.831598514000487e-07,-4.607602984232436e-07,-4.3467886920719463e-07,-4.0510618873157203e-07,-3.7220483176187793e-07,-3.361024082681109e-07,-2.9688261156923525e-07,-2.5457409929612344e-07,-2.0913716421134167e-07,-1.6044837066074523e-07,-1.0828383267884094e-07,-5.230282129837292e-08,7.964844294373985e-09,1.0763928195724249e-08,-5.982117933316755e-08,-1.2469469062057925e-07,-1.8460908247389716e-07,-2.401098647474198e-07,-2.9156520771612955e-07,-3.391975492298622e-07,-3.83112456026971e-07,-4.2332324725419616e-07,-4.597712840405476e-07,-4.923422704892756e-07,-5.208789993867649e-07,-5.451909706354427e-07,-5.650612734996062e-07,-5.802510614496377e-07,-5.905018638570747e-07,-5.955358789558233e-07,-5.950542844860696e-07,-5.887334917628071e-07,-5.762191603054832e-07,-5.571176899319846e-07,-5.309848258794079e-07,-4.973109665846783e-07,-4.555027741059977e-07,-4.048607695727128e-07,-3.4455274489762003e-07,-2.7358301514003675e-07,-1.907578386951785e-07,-9.46482063814123e-08,1.6446244125201156e-08,1.4452279551458906e-07,2.738148877320403e-07,3.940510229961334e-07,5.07602443669778e-07,6.160528053963734e-07,7.20325046693836e-07,8.208112514953785e-07,9.174920509315071e-07,1.0100415883746335e-06,1.0979178962628833e-06,1.1804397063999514e-06,1.2568509627327915e-06,1.3263743254236923e-06,1.3882549094495675e-06,1.4417954091409544e-06,1.4863836359031359e-06,1.5215133630978732e-06,1.5467992509053624e-06,1.5619865269003806e-06,1.5669560274949188e-06,1.561725156709036e-06,1.5464452831950854e-06,1.5213960636328579e-06,1.4869771401841587e-06,1.4436976025054724e-06,1.3921635235580322e-06,1.3330637678702969e-06,1.2671541277787126e-06,1.1952396662466817e-06,1.1181549349795177e-06,1.0367414972066826e-06,9.518219229295972e-07,8.641691528512112e-07,7.744698627474207e-07,6.832802207632606e-07,5.909722293201968e-07,4.976687044997049e-07,4.031650100311895e-07,3.068364890726185e-07,2.0753349507015048e-07,1.0347348037498062e-07,1.5876249581134844e-09,-8.686316994491964e-08,-1.6342154264798764e-07,-2.2940450844349356e-07,-2.859226415929158e-07,-3.339072800327087e-07,-3.741386308164546e-07,-4.072719368546551e-07,-4.3386079567392733e-07,-4.5437737308796206e-07,-4.6922947852244975e-07,-4.787746148802199e-07,-4.833312313697573e-07,-4.831874736411769e-07,-4.78607736392331e-07,-4.6983729091697213e-07,-4.5710519967820255e-07,-4.406256545615736e-07,-4.205977931118576e-07,-3.972039626854099e-07,-3.706063197593284e-07,-3.409415749094421e-07,-3.0831362880570263e-07,-2.727837965519894e-07,-2.3435828978470212e-07,-1.929726237316797e-07,-1.4847268785840448e-07,-1.0059256246440439e-07,-4.893023618957386e-08,7.075147915867702e-09,9.312295444149428e-09,-5.579475064683007e-08,-1.1523736246836494e-07,-1.698611523737414e-07,-2.2026415916737854e-07,-2.668443622882093e-07,-3.098431184476531e-07,-3.493810734677563e-07,-3.8548686853889884e-07,-4.181197779595307e-07,-4.471872860380245e-07,-4.725584236657781e-07,-4.940735654578872e-07,-5.115512844808039e-07,-5.247927420469082e-07,-5.335839548151121e-07,-5.37696139331003e-07,-5.368841907612846e-07,-5.308832089815015e-07,-5.194028402767762e-07,-5.021190569253099e-07,-4.78662855461813e-07,-4.4860523301212915e-07,-4.1143772802145985e-07,-3.665478209320378e-07,-3.1318858497532854e-07,-2.504420584070388e-07,-1.7717567977010192e-07,-9.199090073180325e-08,6.835499685683519e-09,1.2140996035313972e-07,2.3612833321036802e-07,3.412808799057642e-07,4.394379916556776e-07,5.32329499326481e-07,6.210069616526544e-07,7.059934273773144e-07,7.874112803534321e-07,8.650889414018856e-07,9.386493394308405e-07,1.0075827646963183e-06,1.0713062918695376e-06,1.1292117206769327e-06,1.180703786859132e-06,1.2252301716476217e-06,1.2623045927597599e-06,1.2915240266894644e-06,1.3125809139053197e-06,1.3252710440191786e-06,1.3294977048033858e-06,1.325272598728155e-06,1.3127139724166936e-06,1.292042356537369e-06,1.2635742653627872e-06,1.2277141470326884e-06,1.1849447994422868e-06,1.135816365965991e-06,1.0809338943029147e-06,1.0209432757648631e-06,9.565151772614403e-07,8.883263314014821e-07,8.170372619055222e-07,7.432651982040723e-07,6.675505896634368e-07,5.903152875619588e-07,5.1181012794541e-07,4.3204927473460745e-07,3.5072819323217853e-07,2.6712180777224276e-07,1.7996107645864557e-07,8.729431055538436e-08,-4.3034741021986745e-09,-8.341915637285372e-08,-1.5167584586299045e-07,-2.1040590197407952e-07,-2.6069511352948247e-07,-3.0342698144490196e-07,-3.39321507563841e-07,-3.689681272037883e-07,-3.928534615224201e-07,-4.113843720200312e-07,-4.2490669486577295e-07,-4.337200973185897e-07,-4.3808957601146504e-07,-4.3825412909940863e-07,-4.344330826200891e-07,-4.2683046169058823e-07,-4.156376911107185e-07,-4.0103479964308237e-07,-3.8319019214417394e-07,-3.622589441074355e-07,-3.383794632824861e-07,-3.116682537056541e-07,-2.8221241304678116e-07,-2.5005940160098025e-07,-2.1520354105183432e-07,-1.775686107440584e-07,-1.369857711298395e-07,-9.316595647546445e-08,-4.566651906304907e-08,6.145204755609263e-09,7.815329720642789e-09,-5.195391140923538e-08,-1.0624845325897023e-07,-1.5596569624240446e-07,-2.01718503431258e-07,-2.4390446807061583e-07,-2.827606397906503e-07,-3.1840487513448215e-07,-3.508673132211947e-07,-3.801143832100426e-07,-4.06066856112397e-07,-4.2861309586325434e-07,-4.476184915105334e-07,-4.6293188293020843e-07,-4.7438960176887387e-07,-4.818175564701723e-07,-4.850316078102401e-07,-4.838363102529136e-07,-4.780219281767884e-07,-4.673594650718877e-07,-4.5159325921421987e-07,-4.304304969084303e-07,-4.035267813094376e-07,-3.7046669965355717e-07,-3.3073821325732505e-07,-2.836997252593157e-07,-2.285388111931199e-07,-1.6422133489980108e-07,-8.94280195525643e-08,-2.4728146935175122e-09,9.879877165874934e-08,1.9948042291204824e-07,2.905844952038193e-07,3.7475329336576966e-07,4.5374825925676314e-07,5.286556087581775e-07,6.000538469738992e-07,6.681458878801552e-07,7.328643862560482e-07,7.939561551876596e-07,8.510493852434384e-07,9.037066073039772e-07,9.514660056311701e-07,9.93873345261027e-07,1.0305063776193396e-06,1.0609931951471939e-06,1.0850256670546809e-06,1.1023688213420176e-06,1.1128668405159879e-06,1.1164461983795547e-06,1.1131163683597887e-06,1.1029684656885018e-06,1.086172133403556e-06,1.0629709344083798e-06,1.0336764591933694e-06,9.986612930865805e-07,9.58350900664484e-07,9.132143709927573e-07,8.637538179790808e-07,8.104920366428927e-07,7.539577690111711e-07,6.946676236365245e-07,6.331033157812962e-07,5.696824581727054e-07,5.047206617766311e-07,4.3838224227779437e-07,3.706163339168403e-07,3.0107438678110796e-07,2.2900324491395733e-07,1.5310602491874808e-07,7.136792208575034e-08,-1.0089705415569938e-08,-8.016787925675259e-08,-1.4052386914689822e-07,-1.924599158962361e-07,-2.3700008472476978e-07,-2.749518463587985e-07,-3.069539120928784e-07,-3.3351467761622706e-07,-3.550434879469279e-07,-3.718756548017993e-07,-3.8429196097331087e-07,-3.925334957383358e-07,-3.968126983783019e-07,-3.973214037206496e-07,-3.9423653956740086e-07,-3.877239663946547e-07,-3.7794079710849464e-07,-3.6503639477575204e-07,-3.4915211615151363e-07,-3.3041974178551176e-07,-3.0895840226540926e-07,-2.8486966975928404e-07,-2.582303351002215e-07,-2.290822427070307e-07,-1.9741842357537966e-07,-1.631646324426469e-07,-1.2615512529774887e-07,-8.610084426300443e-08,-4.2547373686678864e-08,5.178148341776309e-09,6.280857361835153e-09,-4.836862260951297e-08,-9.79053124494338e-08,-1.432136181368459e-07,-1.8487244993948684e-07,-2.2324510169794894e-07,-2.585402170211731e-07,-2.908552518645578e-07,-3.2020889670180126e-07,-3.4656515699138734e-07,-3.698507829261963e-07,-3.8996753792373777e-07,-4.068005962351104e-07,-4.2022408154159643e-07,-4.3010447500925267e-07,-4.363023714063894e-07,-4.386728512143941e-07,-4.370645546242702e-07,-4.313173729627174e-07,-4.212584957304338e-07,-4.066963478768718e-07,-3.8741170471544647e-07,-3.6314496999358143e-07,-3.335782551729444e-07,-2.983105616318257e-07,-2.5682418758183174e-07,-2.0844069107122276e-07,-1.5226517754562893e-07,-8.711620048701608e-08,-1.1430218554158252e-08,7.688342364420969e-08,1.6422978873479574e-07,2.4252824740675494e-07,3.1431602294114465e-07,3.812515560444919e-07,4.4435823540119365e-07,5.041965183404495e-07,5.609922846022547e-07,6.14736778728105e-07,6.652642698997992e-07,7.123114082404527e-07,7.555619678116909e-07,7.946803084490425e-07,8.293362796904412e-07,8.592236493430028e-07,8.840735884705787e-07,9.036643184682989e-07,9.178277162634599e-07,9.264534580088169e-07,9.294911358668512e-07,9.269506855294374e-07,9.189013968042821e-07,9.054697322959539e-07,8.868361390932926e-07,8.632309966406331e-07,8.349297930389436e-07,8.022475547162042e-07,7.655324630207639e-07,7.251584665459964e-07,6.815165278808299e-07,6.350039122727845e-07,5.86010613774081e-07,5.349016006566307e-07,4.819930318225176e-07,4.275199621508386e-07,3.7159238915149856e-07,3.1413594026817097e-07,2.5481292810088165e-07,1.929175808305462e-07,1.272323610213768e-07,5.582367746590198e-08,-1.575335043163219e-08,-7.724810020498079e-08,-1.3026708530856166e-07,-1.760178151732474e-07,-2.1541836425394718e-07,-2.4916929833778503e-07,-2.778064736424786e-07,-3.017431357401553e-07,-3.213033060453919e-07,-3.367473209357947e-07,-3.4829074471673594e-07,-3.561180573266324e-07,-3.6039239360839895e-07,-3.612623624590153e-07,-3.588667138290789e-07,-3.533373939785311e-07,-3.448013422458541e-07,-3.3338122800901285e-07,-3.191951913460035e-07,-3.023555206660699e-07,-2.829660609315396e-07,-2.611179840591783e-07,-2.3688336031289344e-07,-2.1030575001040863e-07,-1.8138681756144547e-07,-1.5006781167868797e-07,-1.162045954889629e-07,-7.95341524331608e-08,-3.962765965465467e-08,4.178452052608819e-09,4.718754412044304e-09,-4.5149314540633427e-08,-9.046008208464564e-08,-1.319916504811977e-07,-1.702337425502583e-07,-2.0548132026250184e-07,-2.37891369231591e-07,-2.675248998015871e-07,-2.9437836993006757e-07,-3.1840605776492077e-07,-3.3953535316416246e-07,-3.5767694176728604e-07,-3.727314476369811e-07,-3.84593649516606e-07,-3.9315501226742023e-07,-3.98304993302214e-07,-3.999313731591647e-07,-3.9791969226689886e-07,-3.9215172641065607e-07,-3.8250277613292737e-07,-3.6883735476281325e-07,-3.510026064059695e-07,-3.288184367820781e-07,-3.020628661518922e-07,-2.7045051423420525e-07,-2.3360150836166154e-07,-1.9099786237884192e-07,-1.419255088892035e-07,-8.540291236167515e-08,-2.0091843981717805e-08,5.5856156029297795e-08,1.3082798373871157e-07,1.978445335497137e-07,2.591025433783768e-07,3.1601553613306866e-07,3.69451810141886e-07,4.1988568710983106e-07,4.675143887127998e-07,5.123486540373033e-07,5.542799949646978e-07,5.931291143660731e-07,6.286803424684482e-07,6.607060809762638e-07,6.889841917892885e-07,7.133103804512752e-07,7.335069700380981e-07,7.494290073537884e-07,7.609683395889331e-07,7.680561012026426e-07,7.706639236181214e-07,7.688040997147981e-07,7.625288835218095e-07,7.519290704252935e-07,7.37131975373497e-07,7.182988988548937e-07,6.956221367626533e-07,6.69321544702849e-07,6.39640603017057e-07,6.068418367563276e-07,5.712013122160254e-07,5.330017395273582e-07,4.925234318560901e-07,4.500319681765072e-07,4.057608322358646e-07,3.598865163701375e-07,3.124926091482775e-07,2.635184530757944e-07,2.1268776289714044e-07,1.594132004107522e-07,1.0266869646783297e-07,4.078926559394067e-08,-2.1355740908359353e-08,-7.494393476684567e-08,-1.2139570385033462e-07,-1.6174611877871514e-07,-1.967603946900617e-07,-2.2700071056178197e-07,-2.528799618175388e-07,-2.747056326860983e-07,-2.927129226076218e-07,-3.070884163310751e-07,-3.1798649812631353e-07,-3.2554054945185764e-07,-3.2987051064828283e-07,-3.310879368872219e-07,-3.2929932091637814e-07,-3.246081911158779e-07,-3.1711630109434136e-07,-3.0692408196742283e-07,-2.941304085434574e-07,-2.788316161822416e-07,-2.611195769814241e-07,-2.410784819965888e-07,-2.1877975923399286e-07,-1.9427426871427658e-07,-1.6758056592832535e-07,-1.3866770387832882e-07,-1.0743103098048088e-07,-7.365975079799046e-08,-3.699301962058949e-08,3.152141007376377e-09,3.1411766118594603e-09,-4.2470782771319094e-08,-8.426663264711172e-08,-1.2280590853854533e-07,-1.5843912497989116e-07,-1.9136109395512418e-07,-2.216560488821696e-07,-2.493362839190751e-07,-2.743695211269969e-07,-2.966967324595155e-07,-3.162433802963211e-07,-3.329264087550362e-07,-3.4665855448092287e-07,-3.5735096893731324e-07,-3.6491475735693026e-07,-3.6926178721913196e-07,-3.703049503296234e-07,-3.679579400182448e-07,-3.6213449989873207e-07,-3.527469898952651e-07,-3.3970397329623036e-07,-3.22906324777607e-07,-3.022410493079652e-07,-2.7757152350750713e-07,-2.4872214422937087e-07,-2.1545433122279616e-07,-1.7742961181272556e-07,-1.3415509489371973e-07,-8.491147220251213e-08,-2.868316737985097e-08,3.590739638148909e-08,9.986884251706166e-08,1.5748125869395444e-07,2.103359488464763e-07,2.59481660360287e-07,3.0554856724389014e-07,3.4886406154696356e-07,3.8955513892698904e-07,4.2762337988730364e-07,4.629957274290102e-07,4.955581069399918e-07,5.251776611619284e-07,5.517175805767469e-07,5.750471098869098e-07,5.950483647329513e-07,6.116209854284373e-07,6.246852737075152e-07,6.341842230383103e-07,6.40084708780669e-07,6.423780172997734e-07,6.410798409856701e-07,6.362298349246071e-07,6.278908114320403e-07,6.161476344221654e-07,6.011058619754739e-07,5.828901685648898e-07,5.616425543083127e-07,5.375203125537275e-07,5.106936723052341e-07,4.813429479522449e-07,4.496548988773613e-07,4.1581779838291753e-07,3.800143924386294e-07,3.4241142627882296e-07,3.031436354892336e-07,2.622889298746145e-07,2.1982994374993635e-07,1.7559577768016896e-07,1.2917986973355163e-07,7.984133249228157e-08,2.639080349151554e-08,-2.708802446203231e-08,-7.37493998245416e-08,-1.1465438299401921e-07,-1.5059233886173967e-07,-1.8212849461850157e-07,-2.0965596357625105e-07,-2.334501362056881e-07,-2.5371007192599876e-07,-2.705865962316983e-07,-2.842006020278083e-07,-2.9465477880980847e-07,-3.020410831987529e-07,-3.0644548134205203e-07,-3.079509432307598e-07,-3.0663930590610155e-07,-3.025923868972671e-07,-2.958925739883428e-07,-2.866230093176318e-07,-2.7486740109329916e-07,-2.6070941593237793e-07,-2.442315107402255e-07,-2.2551293353153447e-07,-2.0462642857599946e-07,-1.816328833619928e-07,-1.5657270960904878e-07,-1.2945215753607236e-07,-1.0022225861499025e-07,-6.874898879631946e-08,-3.4778050167507666e-08,2.1069688408255755e-09,1.5626710431775329e-09,-4.060097645557503e-08,-7.980205395190686e-08,-1.1630540872666192e-07,-1.5027854681680095e-07,-1.8178428080739087e-07,-2.1082007629162883e-07,-2.3734624328006112e-07,-2.6130274699054325e-07,-2.8261889532427723e-07,-3.012188977474551e-07,-3.170250709985229e-07,-3.29959704256736e-07,-3.399461556211421e-07,-3.4690950068048564e-07,-3.507769087601978e-07,-3.5147783474029986e-07,-3.489440556936842e-07,-3.4310953397409975e-07,-3.339100376702817e-07,-3.2128238089124683e-07,-3.051630402339617e-07,-2.854857281847403e-07,-2.6217720484540797e-07,-2.3515009195878224e-07,-2.0429055770015542e-07,-1.6943723282615814e-07,-1.303454567731481e-07,-8.66293313418548e-08,-3.768773827474808e-08,1.7226057433434905e-08,7.214025691462382e-08,1.2262549729706007e-07,1.6951447343223918e-07,2.1338881540768812e-07,2.545590417797937e-07,2.9316243879278765e-07,3.292356055613078e-07,3.62759004131347e-07,3.9368352188619576e-07,4.219463752194133e-07,4.474807870077385e-07,4.702220059660315e-07,4.901111419911291e-07,5.070976650311008e-07,5.211410567549878e-07,5.322118990371405e-07,5.4029256565525e-07,5.453776165958858e-07,5.474739567742083e-07,5.466008004527554e-07,5.427894718733897e-07,5.36083067059463e-07,5.26535998561682e-07,5.142134420776843e-07,4.991906997748677e-07,4.815524881193403e-07,4.613921459328706e-07,4.3881073797812863e-07,4.139159952650088e-07,3.868209760125838e-07,3.5764223463145795e-07,3.264971212698086e-07,2.9349954995080897e-07,2.5875307768728545e-07,2.2233927040649062e-07,1.8429784351369085e-07,1.4459270250635085e-07,1.030555471514484e-07,5.930688579218509e-08,1.2753088536851677e-08,-3.333753466949053e-08,-7.443493141227974e-08,-1.1112132610931599e-07,-1.438710365818326e-07,-1.7299496935870473e-07,-1.986963857444109e-07,-2.211149175411642e-07,-2.4035379821387367e-07,-2.5649594969694625e-07,-2.6961339398074733e-07,-2.7977275430794026e-07,-2.870384681051929e-07,-2.9147465345604237e-07,-2.9314617726837837e-07,-2.921192452907763e-07,-2.8846170026569433e-07,-2.822431335310529e-07,-2.735348631023225e-07,-2.6240979248281695e-07,-2.489421279777879e-07,-2.3320688735980858e-07,-2.152790654523148e-07,-1.9523221075338504e-07,-1.731359743157445e-07,-1.4905185293463955e-07,-1.2302576036173543e-07,-9.507511439838322e-08,-6.51671214679292e-08,-3.318822942648736e-08,1.0525044210828699e-09,0.0,-3.987280401756063e-08,-7.767389483084546e-08,-1.1332022579696554e-07,-1.4673002978151335e-07,-1.7782292201092574e-07,-2.0651988538601142e-07,-2.3274324052565722e-07,-2.5641663305179885e-07,-2.774650477255259e-07,-2.9581485005071754e-07,-3.11393852824973e-07,-3.241314043171053e-07,-3.339584949050509e-07,-3.40807879528019e-07,-3.4461421394472597e-07,-3.453142034473865e-07,-3.4284676332579014e-07,-3.371531910016197e-07,-3.281773503607292e-07,-3.1586586939269006e-07,-3.001683527694149e-07,-2.8103761136943506e-07,-2.584299107819375e-07,-2.3230524007834098e-07,-2.0262759971898622e-07,-1.6936530143728493e-07,-1.324912590659343e-07,-9.198321736386438e-08,-4.782379259760053e-08,0.0,4.8507849496412806e-08,9.467910317167758e-08,1.3846582716481826e-07,1.7982357830259253e-07,2.1871159702465464e-07,2.550926465376136e-07,2.889328291250556e-07,3.202014828839482e-07,3.488711837017646e-07,3.749178450525366e-07,3.983208962137919e-07,4.190635160673283e-07,4.3713289996479496e-07,4.5252053906834966e-07,4.6522249414323166e-07,4.752396485337105e-07,4.825779277913372e-07,4.872484760551222e-07,4.89267781770678e-07,4.886577476678472e-07,4.854457020936565e-07,4.796643508251988e-07,4.7135167037509067e-07,4.605507455645697e-07,4.4730955579522696e-07,4.3168071602480045e-07,4.137211799768041e-07,3.934919146254171e-07,3.7105755653738927e-07,3.4648606226210766e-07,3.198483666680413e-07,2.912180649225289e-07,2.6067113561493507e-07,2.28285724062291e-07,1.941420054476228e-07,1.5832214556791598e-07,1.2091036903286917e-07,8.199312180739268e-08,4.165925708877909e-08,0.0,-4.0667319749705674e-08,-7.81031651428977e-08,-1.1233340098673136e-07,-1.4338720941864233e-07,-1.7129745471516935e-07,-1.961006579213227e-07,-2.1783682701822418e-07,-2.3654923860620343e-07,-2.5228421159946947e-07,-2.6509088920599386e-07,-2.7502103488015456e-07,-2.8212884330534234e-07,-2.8647076557675926e-07,-2.881053471478031e-07,-2.8709307709326585e-07,-2.8349624750379197e-07,-2.7737882220569187e-07,-2.6880631443001137e-07,-2.5784567350847136e-07,-2.445651811450589e-07,-2.2903435830089505e-07,-2.1132388423223642e-07,-1.9150552971261335e-07,-1.696521068766768e-07,-1.4583743825984256e-07,-1.2013634703010509e-07,-9.262466807524704e-08,-6.337927285273864e-08,-3.2478083681673486e-08,0.0,-1.508901823718678e-09,-4.090524666553207e-08,-7.843496943856226e-08,-1.1395859528423971e-07,-1.4734211883882287e-07,-1.7847308451331772e-07,-2.072546211666255e-07,-2.3359990789395442e-07,-2.574285926834607e-07,-2.7866464233829685e-07,-2.9723509080947165e-07,-3.1306933224372743e-07,-3.2609874328516913e-07,-3.362565060834422e-07,-3.4347755552431845e-07,-3.476986052136135e-07,-3.488582254832859e-07,-3.4689695840660646e-07,-3.417574626750201e-07,-3.3338468723900675e-07,-3.217260783701103e-07,-3.06731831731646e-07,-2.8835521104048607e-07,-2.6655297087868047e-07,-2.412859480464673e-07,-2.125199317184684e-07,-1.8022699905463388e-07,-1.4438761676779396e-07,-1.0499388757786534e-07,-6.205354679787143e-08,-1.5589519683077867e-08,3.158802434447743e-08,7.650803071358774e-08,1.191112917215157e-07,1.593417003192599e-07,1.971535511462354e-07,2.3250921918849427e-07,2.6537713163382933e-07,2.957304894604612e-07,3.235465477047243e-07,3.488062617595664e-07,3.714941665221593e-07,3.915984010827187e-07,4.0911082084790115e-07,4.2402715718784033e-07,4.363471962618099e-07,4.4607495634775705e-07,4.532188483674042e-07,4.5779180827958934e-07,4.59811393139138e-07,4.5929983519450293e-07,4.562840506055043e-07,4.5079560131108404e-07,4.428706103333335e-07,4.32549632412472e-07,4.198774833599296e-07,4.049030329188899e-07,3.876789672552346e-07,3.682615284849811e-07,3.467102398862638e-07,3.2308762664287046e-07,2.9745894305438216e-07,2.6989191803473376e-07,2.404565309656566e-07,2.0922482875344757e-07,1.7627078978393247e-07,1.4167022487936683e-07,1.0550065634036773e-07,6.78409482651124e-08,2.8769840282201514e-08,-1.1645648546596873e-08,-5.1203217376757414e-08,-8.766659879626624e-08,-1.2102243691249518e-07,-1.5127351208229493e-07,-1.784375407526842e-07,-2.025428843033794e-07,-2.236253031892478e-07,-2.417259158245648e-07,-2.5688993158176916e-07,-2.691658452682282e-07,-2.7860490427709774e-07,-2.8526073851068546e-07,-2.8918908949724237e-07,-2.9044760183591563e-07,-2.8909565579055716e-07,-2.851942294717604e-07,-2.7880578550278076e-07,-2.699941821690123e-07,-2.588246141427497e-07,-2.453635942524816e-07,-2.2967899707846e-07,-2.118401999150861e-07,-1.919183809480316e-07,-1.69987075129969e-07,-1.4612315567883677e-07,-1.204085151882836e-07,-9.293285280125127e-08,-6.379793542330662e-08,-3.312198066739035e-08,-1.0251621872917168e-09,-2.9348288289383363e-09,-4.1592353927498824e-08,-7.860424429402816e-08,-1.1376723481764971e-07,-1.4691073295122212e-07,-1.7789349653738657e-07,-2.0659844235288327e-07,-2.3292578423486385e-07,-2.567875384449856e-07,-2.7810371718365254e-07,-2.967998362972697e-07,-3.128053316466788e-07,-3.260525774779273e-07,-3.364762979733861e-07,-3.4401323557819057e-07,-3.4860198897880676e-07,-3.501829663969357e-07,-3.486984219597691e-07,-3.440925586056911e-07,-3.3631169341422894e-07,-3.2530449291253615e-07,-3.1102229916268995e-07,-2.934195849384419e-07,-2.7245460134228686e-07,-2.4809031752746333e-07,-2.202958015839678e-07,-1.8904824347776848e-07,-1.5433581665125055e-07,-1.1616125274425167e-07,-7.454523462321291e-08,-2.952770899547011e-08,1.6208784050894772e-08,5.978788972595176e-08,1.0112786652921355e-07,1.4016402627649387e-07,1.768453917961059e-07,2.111323153555549e-07,2.429937074488406e-07,2.7240497090974034e-07,2.99346642514414e-07,3.238035637834107e-07,3.457644142246533e-07,3.6522148366062065e-07,3.8217059774542434e-07,3.966111374891628e-07,4.0854611168486485e-07,4.1798225328744074e-07,4.249301190967002e-07,4.294041779383462e-07,4.314228768075597e-07,4.3100867769813754e-07,4.281880604350995e-07,4.229914889790371e-07,4.154533405149465e-07,4.056117982665194e-07,3.935087104483166e-07,3.7918941912336215e-07,3.6270256399955607e-07,3.4409986739064e-07,3.234359076872657e-07,3.007678897064156e-07,2.761554211457157e-07,2.4966030486351416e-07,2.2134635641939311e-07,1.9127925413234048e-07,1.5952642204602326e-07,1.2615692697276012e-07,9.124131334456179e-08,5.4851141143759465e-08,1.7057055452375802e-08,-2.207299528960862e-08,-6.043108024421656e-08,-9.581540991113692e-08,-1.281927119189322e-07,-1.5755051692018737e-07,-1.838944167512723e-07,-2.0724404489231006e-07,-2.2762930704802723e-07,-2.450874922499119e-07,-2.596612767441781e-07,-2.7139738499378495e-07,-2.803456935452288e-07,-2.865586243740364e-07,-2.900907267404825e-07,-2.9099838372965807e-07,-2.8933960465404175e-07,-2.8517388152827793e-07,-2.785621002609464e-07,-2.6956650762436607e-07,-2.5825074561029865e-07,-2.4467997759619887e-07,-2.2892114839177508e-07,-2.1104344610875913e-07,-1.9111907241136658e-07,-1.6922448406484007e-07,-1.4544234398758265e-07,-1.198644933407561e-07,-9.259621897913603e-08,-6.376151076777668e-08,-3.350672293904217e-08,-2.0026085912114334e-09,-4.2726340167911365e-09,-4.201377164595821e-08,-7.831937001587113e-08,-1.1293359605966936e-07,-1.456548694442551e-07,-1.7631969088362675e-07,-2.0479371721077182e-07,-2.3096454280989162e-07,-2.547356547228606e-07,-2.7602181347393136e-07,-2.947457400175148e-07,-3.1083582809813364e-07,-3.242246056324727e-07,-3.3484772475842437e-07,-3.426433200517946e-07,-3.475516237122596e-07,-3.495147637882163e-07,-3.48476699132339e-07,-3.4438326580934046e-07,-3.371823269318708e-07,-3.2682403384390017e-07,-3.1326122342367156e-07,-2.964499960335297e-07,-2.763505426388652e-07,-2.5292831689607225e-07,-2.2615567059392142e-07,-1.960140639988808e-07,-1.6249686545925882e-07,-1.2561259870207527e-07,-8.538850044112353e-08,-4.187675919444675e-08,2.357281573801784e-09,4.452977987384836e-08,8.4544358054314e-08,1.2232916503262496e-07,1.578297672858635e-07,1.9100500876309803e-07,2.2182396270323908e-07,2.502635322273556e-07,2.763067140868847e-07,2.99941417818386e-07,3.2115970393245715e-07,3.3995732077412723e-07,3.563334465991018e-07,3.702905678616546e-07,3.81834443701234e-07,3.9097412053731326e-07,3.9772197070880807e-07,4.0209373633917504e-07,4.041085649285435e-07,4.03789027179505e-07,4.0116111067157005e-07,3.962541854932026e-07,3.891009400102808e-07,3.797372867249581e-07,3.682022397477201e-07,3.5453776682896647e-07,3.3878862021605026e-07,3.2100215184255346e-07,3.0122811952787274e-07,2.795184919479968e-07,2.559272610933488e-07,2.3051027156753354e-07,2.0332507613949377e-07,1.7443082555756172e-07,1.4388819598937084e-07,1.1175934454494937e-07,7.81078561308799e-08,4.299855500541453e-08,6.49754744670516e-09,-3.1326477365408904e-08,-6.84252829037058e-08,-1.026614569643998e-07,-1.3398800105814825e-07,-1.6238381412688188e-07,-1.8784693673554815e-07,-2.1039047124333068e-07,-2.3003905309990184e-07,-2.468259359736756e-07,-2.607907506719364e-07,-2.719778752982848e-07,-2.804352824003283e-07,-2.862137344307024e-07,-2.8936622693191165e-07,-2.89947608291261e-07,-2.8801432944283875e-07,-2.8362429628689754e-07,-2.7683681343068324e-07,-2.677126221039757e-07,-2.5631404979972914e-07,-2.427053064618542e-07,-2.2695298421186335e-07,-2.0912684711678672e-07,-1.893010361811816e-07,-1.6755586124074846e-07,-1.439803939586144e-07,-1.1867607590233694e-07,-9.17614218544793e-08,-6.337759106918041e-08,-3.3695282805410756e-08,-2.927497520714352e-09,-5.5177112644389165e-09,-4.223168795376615e-08,-7.768736623447095e-08,-1.1159939247471027e-07,-1.4374374415255145e-07,-1.7394015671661528e-07,-2.0204105558539494e-07,-2.279236673230737e-07,-2.5148382638250444e-07,-2.726310928383349e-07,-2.912850374751569e-07,-3.073725113553343e-07,-3.2082569371053823e-07,-3.315807296827972e-07,-3.3957680508005555e-07,-3.4475554308938686e-07,-3.470606412594721e-07,-3.464376946637521e-07,-3.4283417382903223e-07,-3.361995453215513e-07,-3.264855404461424e-07,-3.1364659467701923e-07,-2.9764049786665215e-07,-2.7842931213528083e-07,-2.5598062665165764e-07,-2.3026921707469727e-07,-2.0127914800820862e-07,-1.690063144640707e-07,-1.3346144797264972e-07,-9.467409393977065e-08,-5.269880978822067e-08,-9.998216253023269e-09,3.0723168416640807e-08,6.936452834613568e-08,1.0585101723058742e-07,1.4012684456428807e-07,1.7215066724745567e-07,2.0189228178979685e-07,2.2933011912265636e-07,2.5444934913379936e-07,2.772405019038082e-07,2.9769850538104836e-07,3.158220414037848e-07,3.3161313511212544e-07,3.450769094242098e-07,3.5622145177309054e-07,3.650577531477684e-07,3.715996895535293e-07,3.7586402372897753e-07,3.7787041085524195e-07,3.7764139653379833e-07,3.7520239886353727e-07,3.7058166929369654e-07,3.638102292718407e-07,3.549217816947624e-07,3.439525979141085e-07,3.3094138262760086e-07,3.1592912045896706e-07,2.9895890943612597e-07,2.8007578794284706e-07,2.593265630553179e-07,2.3675964946493454e-07,2.124249293884202e-07,1.863736448657027e-07,1.5865833447513735e-07,1.2933282653518526e-07,9.845230207323653e-08,6.60734480601395e-08,3.225484083540167e-08,-2.9420769363514972e-09,-3.9450591748113295e-08,-7.525867246892097e-08,-1.0830054756118043e-07,-1.3852556511660898e-07,-1.6590861575202403e-07,-1.904438352765161e-07,-2.1214034725066638e-07,-2.3101901391092507e-07,-2.4710974704679574e-07,-2.604493317118046e-07,-2.7107973638588747e-07,-2.7904684937411524e-07,-2.8439956075725595e-07,-2.8718911322019705e-07,-2.8746866009944477e-07,-2.8529298678909946e-07,-2.8071836886780436e-07,-2.7380255640079845e-07,-2.646048895454591e-07,-2.53186567087776e-07,-2.3961110828304147e-07,-2.2394507069338088e-07,-2.062591133240874e-07,-1.8662952419511305e-07,-1.6514035935237798e-07,-1.4188635373759675e-07,-1.1697674558402259e-07,-9.054012651204933e-08,-6.273063912240692e-08,-3.373675678506058e-08,-3.795427994618366e-09,-6.66605585289272e-09,-4.228516953913284e-08,-7.678524086581654e-08,-1.0987157335581484e-07,-1.4130843888640882e-07,-1.7090500978809215e-07,-1.9850471805502517e-07,-2.2397734060695364e-07,-2.4721285358485007e-07,-2.681165581780919e-07,-2.8660525062165704e-07,-3.0260428155749855e-07,-3.160453534030419e-07,-3.2686490935155994e-07,-3.3500298508029184e-07,-3.4040241854018466e-07,-3.4300833869084315e-07,-3.427678777844873e-07,-3.3963007291372385e-07,-3.3354594120577047e-07,-3.2446872977873397e-07,-3.1235435667228e-07,-2.9716207198027985e-07,-2.7885537754339965e-07,-2.574032452428025e-07,-2.3278166404391315e-07,-2.0497552879261828e-07,-1.7398088529120551e-07,-1.3980764030111727e-07,-1.0248301944285432e-07,-6.205594334516253e-08,-2.0901790974601373e-08,1.834039533581937e-08,5.5573481665441036e-08,9.072424720765195e-08,1.2373821529230586e-07,1.545754953835867e-07,1.8320759568754042e-07,2.096149535014826e-07,2.3378502375847584e-07,2.5571082857361144e-07,2.7538989095157466e-07,2.9282347777737493e-07,3.080160821927427e-07,3.209750844401841e-07,3.3171054076400175e-07,3.402350600582692e-07,3.4656373676086826e-07,3.50714115797016e-07,3.527061712857015e-07,3.525622854647628e-07,3.5030721810788467e-07,3.459680598179868e-07,3.3957416516885267e-07,3.311570638776447e-07,3.2075035014224347e-07,3.08389552061469e-07,2.941119847458157e-07,2.779565923783453e-07,2.5996378614508587e-07,2.401752866592447e-07,2.1863398129297348e-07,1.953838087662085e-07,1.704696855768738e-07,1.439374918255264e-07,1.1583413926323933e-07,8.620775633493753e-08,5.51080646750825e-08,2.2587099835701732e-08,-1.1299437279949858e-08,-4.6489887335654515e-08,-8.099414018461664e-08,-1.1281410722411655e-07,-1.4190333993588028e-07,-1.682374763064829e-07,-1.9180988768394274e-07,-2.126280898848825e-07,-2.3071086590540643e-07,-2.460858839067585e-07,-2.5878771661555597e-07,-2.6885623815221526e-07,-2.763353715500921e-07,-2.812721455104949e-07,-2.8371601225556465e-07,-2.8371838214596316e-07,-2.8133234074007874e-07,-2.766125268190726e-07,-2.696151639535255e-07,-2.603982530688532e-07,-2.4902194946692317e-07,-2.355491653600283e-07,-2.2004645839034206e-07,-2.0258528722021268e-07,-1.8324373484966016e-07,-1.6210881454320046e-07,-1.3927947812387216e-07,-1.1487045168158304e-07,-8.901708908824748e-08,-6.188166442427157e-08,-3.366191807682297e-08,-4.602491056154149e-09,-7.714254453534597e-09,-4.219740492889612e-08,-7.56655452160463e-08,-1.0782873512516578e-07,-1.384495058505433e-07,-1.6733297685630131e-07,-1.94318056728961e-07,-2.1927026248809241e-07,-2.42075938953241e-07,-2.6263758645505686e-07,-2.80870102922496e-07,-2.966978072349913e-07,-3.100521289955685e-07,-3.2086985483139724e-07,-3.2909182957753513e-07,-3.346620247286906e-07,-3.375269039935096e-07,-3.37635034119619e-07,-3.349369068011492e-07,-3.2938495367258844e-07,-3.2093375073213213e-07,-3.095404205289045e-07,-2.951652491155113e-07,-2.777725384872338e-07,-2.5733171224526104e-07,-2.3381868310415302e-07,-2.0721748232732362e-07,-1.775221591829322e-07,-1.447389823770369e-07,-1.0888893366211548e-07,-7.0010179326047e-08,-3.040506937935002e-08,7.341762242882482e-09,4.314217440829096e-08,7.69285768834984e-08,1.0865050257411539e-07,1.3827131894100588e-07,1.6576543403469838e-07,1.9111601833971674e-07,2.143131817001991e-07,2.3535254513728903e-07,2.5423415189312646e-07,2.7096166263304286e-07,2.85541780265542e-07,2.9798385339695053e-07,3.0829961339610326e-07,3.1650300702134916e-07,3.2261009349198e-07,3.2663898119375913e-07,3.286097846771344e-07,3.285445872285752e-07,3.264673981625842e-07,3.2240409722499584e-07,3.163823612538332e-07,3.0843157064000226e-07,2.985826952795447e-07,2.868681617094458e-07,2.7332170505246623e-07,2.57978211333024e-07,2.4087355772679535e-07,2.2204446043191e-07,2.0152834217721134e-07,1.793632340527702e-07,1.555877296687044e-07,1.302410144010008e-07,1.0336300050498266e-07,7.49946151438219e-08,4.517831718546544e-08,1.3958960704124144e-08,-1.8614859819440402e-08,-5.248894750901675e-08,-8.568742047788084e-08,-1.1627159125320434e-07,-1.442041511023327e-07,-1.6946540293157516e-07,-1.9205081570341027e-07,-2.1196846326635557e-07,-2.2923671162632063e-07,-2.438822073531071e-07,-2.5593815568720395e-07,-2.65442882838076e-07,-2.7243867666128184e-07,-2.769708895061519e-07,-2.790872785180205e-07,-2.788375566268374e-07,-2.762731315920365e-07,-2.71447018845184e-07,-2.644139248574007e-07,-2.5523051042894345e-07,-2.4395585721470843e-07,-2.306521756583688e-07,-2.1538580775603848e-07,-1.982285925446212e-07,-1.7925967404409861e-07,-1.58567838980727e-07,-1.3625447748238837e-07,-1.12437278362208e-07,-8.725482612204085e-08,-6.087235580309155e-08,-3.3488874994420143e-08,-5.3452631937807015e-09,-8.659447698383412e-09,-4.1981843995530506e-08,-7.436322068892124e-08,-1.0552739105976992e-07,-1.3524299109053327e-07,-1.6331707243228094e-07,-1.8958843268634103e-07,-2.1392160187035352e-07,-2.3620170687748773e-07,-2.5633017595322046e-07,-2.742211919906072e-07,-2.897988077571231e-07,-3.02994641766245e-07,-3.137460751805797e-07,-3.2199487315570666e-07,-3.2768616123182624e-07,-3.30767698305122e-07,-3.311894007337028e-07,-3.2890308569056945e-07,-3.2386241478939385e-07,-3.1602303035376297e-07,-3.0534288556715186e-07,-2.9178277506379147e-07,-2.7530707317620225e-07,-2.558846825095767e-07,-2.3349018686821634e-07,-2.0810519287773453e-07,-1.7971983302743863e-07,-1.4833436843153385e-07,-1.1396071659146057e-07,-7.662346738536725e-08,-3.856407135956999e-08,-2.3205075050937827e-09,3.203126549362836e-08,6.443228751274251e-08,9.483847909445825e-08,1.2321822022083956e-07,1.4955006608064475e-07,1.7382076110387518e-07,1.960235847591523e-07,2.1615701561037453e-07,2.3422368385270347e-07,2.502295750074423e-07,2.6418344391697116e-07,2.7609639792544347e-07,2.859816106349983e-07,2.9385413187876116e-07,2.997307645759966e-07,3.036299842350876e-07,3.055718816455116e-07,3.055781135719942e-07,3.0367184999620514e-07,2.9987770968801904e-07,2.942216787140339e-07,2.8673100900582683e-07,2.774340964163874e-07,2.6636033988667845e-07,2.535399855126843e-07,2.390039615240864e-07,2.2278371252858004e-07,2.0491104391030514e-07,1.8541799008454063e-07,1.6433672355152573e-07,1.416995256617944e-07,1.1753884531824853e-07,9.188747971513017e-08,6.477892269503686e-08,3.6247940395229844e-08,6.331439511517583e-09,-2.4930337543388434e-08,-5.749237105893558e-08,-8.938970811466884e-08,-1.1873382144988565e-07,-1.4549923539813863e-07,-1.6967369176995182e-07,-1.912571295545823e-07,-2.1026010741366373e-07,-2.267021203135735e-07,-2.4061000564139717e-07,-2.5201651513852526e-07,-2.6095908552545545e-07,-2.6747882251549575e-07,-2.716197000797005e-07,-2.734279671981617e-07,-2.7295174962211686e-07,-2.7024083466674677e-07,-2.6534663186080336e-07,-2.5832231016602096e-07,-2.4922312239480407e-07,-2.3810693857411e-07,-2.2503502156487897e-07,-2.1007308933904244e-07,-1.9329271777791973e-07,-1.7477314453954264e-07,-1.5460353834229111e-07,-1.3288580157769686e-07,-1.097379821567222e-07,-8.529837900821883e-08,-5.973038886271193e-08,-3.3227937618262737e-08,-6.020776959490092e-09,-9.499282512926999e-09,-4.164612260937477e-08,-7.290124880151987e-08,-1.0300765205701572e-07,-1.3174575246278722e-07,-1.5892950669798145e-07,-1.8440162348884963e-07,-2.0802879940928063e-07,-2.2969737511356126e-07,-2.493095418754218e-07,-2.667801111979532e-07,-2.820338173277537e-07,-2.95003106848499e-07,-3.0562636269622053e-07,-3.1384650787547145e-07,-3.1960993642476936e-07,-3.2286572518204695e-07,-3.235650884407726e-07,-3.21661047301543e-07,-3.171082951611105e-07,-3.098632492323958e-07,-2.998842842211865e-07,-2.871321473013717e-07,-2.7157055249742214e-07,-2.531669470721321e-07,-2.3189343249671233e-07,-2.0772780687801215e-07,-1.80654667797238e-07,-1.5066645750550053e-07,-1.177642220355143e-07,-8.195768145531358e-08,-4.543735706503151e-08,-1.0699425726740491e-08,2.2194150363504466e-08,5.319513105391987e-08,8.226773427890323e-08,1.0938691077009793e-07,1.3453655216246918e-07,1.5770783384645162e-07,1.788977775800452e-07,1.9810805757795484e-07,2.153440435696089e-07,2.3061405916720558e-07,2.4392882618715936e-07,2.55301062445191e-07,2.647452006022819e-07,2.722771978359543e-07,2.779144095432743e-07,2.8167550424537747e-07,2.8358040088450237e-07,2.8365021351123024e-07,2.8190719182991477e-07,2.783746491829692e-07,2.730768723500096e-07,2.6603901008988706e-07,2.572869397517522e-07,2.4684711361832534e-07,2.3474638900927404e-07,2.210118486454341e-07,2.056706204258673e-07,1.887497086621537e-07,1.7027585201189978e-07,1.50275426941677e-07,1.2877441966211348e-07,1.0579849430527951e-07,8.137319064852148e-08,5.552428997106741e-08,2.8278388622420084e-08,-3.362941115410384e-10,-3.028889092730142e-08,-6.154475510864369e-08,-9.214938049076659e-08,-1.2025569137719807e-07,-1.45851268958145e-07,-1.6893305673552496e-07,-1.895072578513489e-07,-2.0758852714747757e-07,-2.2319885988619147e-07,-2.3636641202652846e-07,-2.471243775142539e-07,-2.55509988091512e-07,-2.6156366961233117e-07,-2.6532837052880756e-07,-2.66849066710165e-07,-2.661724404371664e-07,-2.633467297619265e-07,-2.5842174671112094e-07,-2.5144906808069895e-07,-2.424824098270068e-07,-2.3157820435849164e-07,-2.187964084403705e-07,-2.0420157694972893e-07,-1.878642433314769e-07,-1.6986265046262308e-07,-1.502848754152843e-07,-1.292313881424743e-07,-1.0681807423190575e-07,-8.31797205338361e-08,-5.847387107846276e-08,-3.2884743898263446e-08,-6.6264828207410204e-09,-1.0231861986815538e-08,-4.119444629102624e-08,-7.12946761153289e-08,-1.00297829185885e-07,-1.280000214439273e-07,-1.5422599035058872e-07,-1.7882578507833237e-07,-2.0167113114649017e-07,-2.2265189343416708e-07,-2.416728434664101e-07,-2.586508129408906e-07,-2.7351225167589235e-07,-2.8619117671364646e-07,-2.9662748374790013e-07,-3.047655848979461e-07,-3.1055333518498116e-07,-3.1394121237947793e-07,-3.148817199254296e-07,-3.133289891694276e-07,-3.0923856394846346e-07,-3.0256735662716144e-07,-2.9327376891413404e-07,-2.813179723053845e-07,-2.666623409885424e-07,-2.4927202374217804e-07,-2.2911562963776412e-07,-2.061659824907446e-07,-1.8040086520390268e-07,-1.518036188167561e-07,-1.2036337681159342e-07,-8.607461516596454e-08,-5.108494851106708e-08,-1.7851342754614716e-08,1.357923290355289e-08,4.3170664797876034e-08,7.089692071036117e-08,9.67408160567378e-08,1.2069263230190078e-07,1.4274877514845238e-07,1.6291057181857013e-07,1.811832500032434e-07,1.9757510737205473e-07,2.120968614251544e-07,2.2476115906247123e-07,2.3558222021864583e-07,2.445755884232344e-07,2.517579619947103e-07,2.5714708186935655e-07,2.607616551232799e-07,2.6262129658723613e-07,2.6274647427569415e-07,2.611584474915827e-07,2.578791893684055e-07,2.5293128828444075e-07,2.4633782508581245e-07,2.3812222546672472e-07,2.2830808926623218e-07,2.1691900094104893e-07,2.0397832814386238e-07,1.895090182419083e-07,1.735334057957665e-07,1.560730475013116e-07,1.3714860485884712e-07,1.1677979878313248e-07,9.498546422976323e-08,7.178373592926421e-08,4.7192396599778e-08,2.122941265819985e-08,-6.086337001569348e-09,-3.4734174227430233e-08,-6.469068117784186e-08,-9.4013058833066e-08,-1.2088808201273172e-07,-1.4531673747234393e-07,-1.6730618120299854e-07,-1.8687014196794953e-07,-2.0402863756459292e-07,-2.188073172335831e-07,-2.312366488139704e-07,-2.4135108810020914e-07,-2.4918831178017313e-07,-2.5478856024460425e-07,-2.581941151051395e-07,-2.5944892319364615e-07,-2.5859837148390364e-07,-2.5568921448627335e-07,-2.5076965631388477e-07,-2.438895929188706e-07,-2.3510102503690678e-07,-2.244586582370252e-07,-2.1202071221893332e-07,-1.9784996617511652e-07,-1.820150696765042e-07,-1.645921482009693e-07,-1.4566672796440492e-07,-1.2533599380243066e-07,-1.0371137038828949e-07,-8.092136746551087e-08,-5.711453090481987e-08,-3.246216477812599e-08,-7.160208673141109e-09,-1.0855696131796436e-08,-4.062902315919413e-08,-6.95533437160702e-08,-9.741790480511044e-08,-1.2403712654745782e-07,-1.4924942506330028e-07,-1.7291497256152865e-07,-1.9491299086305678e-07,-2.1513895352349494e-07,-2.3350191454934425e-07,-2.4992207675540883e-07,-2.6432864818095155e-07,-2.7665799753856105e-07,-2.8685209883960086e-07,-2.948572444659218e-07,-3.006230013785136e-07,-3.041013848055479e-07,-3.052462262177181e-07,-3.0401271649732045e-07,-3.003571098691212e-07,-2.9423657839718777e-07,-2.856092097430797e-07,-2.744341415596891e-07,-2.606718234974656e-07,-2.4428439130776096e-07,-2.2523612541517327e-07,-2.0349394609772296e-07,-1.7902786561391338e-07,-1.5181127162013634e-07,-1.2182085918745192e-07,-8.903597886633945e-08,-5.556769783946878e-08,-2.3834710787624003e-08,6.13155824072138e-09,3.430806540007295e-08,6.067960200785161e-08,8.523787258658467e-08,1.0798042561889697e-07,1.28909588409167e-07,1.4803149595101072e-07,1.6535525864718926e-07,1.808922834340992e-07,1.9465574395297518e-07,2.0666018444128998e-07,2.1692123636482617e-07,2.2545542468985908e-07,2.3228004088887148e-07,2.3741306141167767e-07,2.4087309280143405e-07,2.4267932744356574e-07,2.428514968138758e-07,2.41409811876439e-07,2.383748829064329e-07,2.3376761348188708e-07,2.276090657520525e-07,2.1992029642707546e-07,2.1072216533534152e-07,2.0003512095350958e-07,1.8787897011213407e-07,1.742726421774024e-07,1.5923396143181165e-07,1.427794450923371e-07,1.2492414829199978e-07,1.056815811294521e-07,8.506372599213024e-08,6.308118469156354e-08,3.974348260148266e-08,1.5059548018711648e-08,-1.0961634324002981e-08,-3.8310229817152e-08,-6.697470461879558e-08,-9.502625364454747e-08,-1.2067915900675124e-07,-1.439476942642656e-07,-1.6484973664082354e-07,-1.8340737501641116e-07,-1.9964693313449534e-07,-2.135986340620432e-07,-2.2529608499294882e-07,-2.3477570774947882e-07,-2.420761959267691e-07,-2.4723804789683514e-07,-2.503032039165574e-07,-2.513148024629402e-07,-2.503170634042079e-07,-2.473553022425008e-07,-2.4247607940378977e-07,-2.3572749053241016e-07,-2.2715960713728584e-07,-2.1682508089964556e-07,-2.0477992863674197e-07,-1.910845174398717e-07,-1.7580476992086644e-07,-1.590136066822493e-07,-1.4079263541017058e-07,-1.212340803757927e-07,-1.0044291709717696e-07,-7.853912561566954e-08,-5.565989118724446e-08,-3.1961452980627363e-08,-7.6201198294209e-09,-1.1369654816316544e-08,-3.995092617995933e-08,-6.768370859519209e-08,-9.438206559109223e-08,-1.1988042326444714e-07,-1.4403298220535434e-07,-1.6671221136484326e-07,-1.8780686407080538e-07,-2.0721981626483268e-07,-2.2486592090353115e-07,-2.406699934661535e-07,-2.54564988653368e-07,-2.6649039281779283e-07,-2.763908349746505e-07,-2.8421490688186515e-07,-2.899141765225512e-07,-2.9344237732515086e-07,-2.947547562108874e-07,-2.938075659778704e-07,-2.9055769068755683e-07,-2.8496239577015813e-07,-2.7697919671619333e-07,-2.665658406825664e-07,-2.536803932555728e-07,-2.3828141692453767e-07,-2.2032821711964825e-07,-1.9978111419287067e-07,-1.7660167391951833e-07,-1.5075279535504828e-07,-1.2219851904193302e-07,-9.090339832678984e-08,-5.8946913478244854e-08,-2.8709280373249207e-08,-2.0603250810017202e-10,2.655350975775657e-08,5.156574760039339e-08,7.483205607021598e-08,9.6357939661913e-08,1.1615220014306183e-07,1.342261845411519e-07,1.5059314856872745e-07,1.652677470354403e-07,1.7826564704770893e-07,1.89603250334981e-07,1.9929750611885124e-07,2.0736579412122042e-07,2.1382585751484667e-07,2.1869576707214536e-07,2.2199389990806043e-07,2.237389186558913e-07,2.2394973941601425e-07,2.2264547924221596e-07,2.1984537623015384e-07,2.1556867746155483e-07,2.0983449219374148e-07,2.0266160985191498e-07,1.940682846798773e-07,1.8407199143342194e-07,1.7268915934803082e-07,1.5993489484078554e-07,1.4582270703056232e-07,1.3036425411827556e-07,1.1356913277346037e-07,9.544473654047881e-08,7.599621221839154e-08,5.522654406390392e-08,3.313679288497477e-08,9.726508586023811e-09,-1.500568157239657e-08,-4.106133236467836e-08,-6.844134726684546e-08,-9.52337589331942e-08,-1.1967524158845345e-07,-1.417930362639454e-07,-1.616159479156261e-07,-1.7917494771563964e-07,-1.9450333200120082e-07,-2.076365903377632e-07,-2.1861211615549484e-07,-2.2746886040132549e-07,-2.3424699681910276e-07,-2.3898764232882705e-07,-2.417326582438996e-07,-2.4252454660710976e-07,-2.4140644927528383e-07,-2.3842225429276334e-07,-2.3361681358792867e-07,-2.2703627729509127e-07,-2.1872855231083525e-07,-2.0874389532366693e-07,-1.9713565277916148e-07,-1.839611612814113e-07,-1.6928282089214812e-07,-1.5316934951936954e-07,-1.3569721740099757e-07,-1.1695224397563687e-07,-9.70313113862212e-08,-7.604410482623607e-08,-5.411472569922515e-08,-3.1382936459959805e-08,-8.004680607688077e-09,-1.1772923170505419e-08,-3.916061423154473e-08,-6.569005927966875e-08,-9.120053160162562e-08,-1.1554755994695873e-07,-1.38602625618392e-07,-1.602521364080088e-07,-1.803959874934268e-07,-1.9894593017123438e-07,-2.1582390107134993e-07,-2.3096041003495234e-07,-2.442930436755249e-07,-2.557651126981451e-07,-2.65324452067426e-07,-2.7292237155416e-07,-2.7851274789436195e-07,-2.820512471456219e-07,-2.834946656480673e-07,-2.828003793948684e-07,-2.79925893851688e-07,-2.748284886766776e-07,-2.6746495375020703e-07,-2.577914137676615e-07,-2.4576323762645677e-07,-2.3133502502690802e-07,-2.1446065498803497e-07,-1.9509336821138437e-07,-1.7318583683889144e-07,-1.4869015246100304e-07,-1.215576418920303e-07,-9.173841509457322e-08,-6.128413632242891e-08,-3.2535573433790765e-08,-5.492083894100782e-09,1.9851223157572512e-08,4.350293691901814e-08,6.547467668783351e-08,8.578040675876717e-08,1.0443580142412251e-07,1.2145770003885427e-07,1.3686367036069137e-07,1.5067168214645398e-07,1.6289988210459288e-07,1.7356645492437834e-07,1.826895521120375e-07,1.902872697061684e-07,1.963776567712343e-07,2.0097873824965324e-07,2.0410853785147741e-07,2.057850888875287e-07,2.0602642313619445e-07,2.0485052989564414e-07,2.0227527930086953e-07,1.9831830581866855e-07,1.9299684964951042e-07,1.863275556628111e-07,1.7832623158366422e-07,1.6900756954835145e-07,1.583848379558717e-07,1.4646955383875313e-07,1.3327114978294894e-07,1.1879665368246899e-07,1.0305040412291589e-07,8.603382855004304e-08,6.774531491546985e-08,4.818020918176717e-08,2.7330969566806045e-08,5.187502200427517e-09,-1.826230940135121e-08,-4.3031887905716917e-08,-6.913509299824635e-08,-9.467989631073188e-08,-1.1792138896101348e-07,-1.3889943029580133e-07,-1.5765380361355873e-07,-1.7422467184606472e-07,-1.8865274764631954e-07,-2.0097927147043365e-07,-2.1124588641513553e-07,-2.1949447946826055e-07,-2.257670378735195e-07,-2.301055516417875e-07,-2.325519803271845e-07,-2.3314829377211735e-07,-2.3193659174936872e-07,-2.2895930536803108e-07,-2.242594829607551e-07,-2.1788116425624952e-07,-2.098698483668238e-07,-2.002730629212826e-07,-1.8914104297503925e-07,-1.7652752850396405e-07,-1.6249068758514616e-07,-1.4709416780241366e-07,-1.304082696271595e-07,-1.1251122068194984e-07,-9.349050671147318e-08,-7.344418176237338e-08,-5.248203546520694e-08,-3.072643899387804e-08,-8.312617815239437e-09,-1.206495927490227e-08,-3.825824869612217e-08,-6.357533640291756e-08,-8.788088416042478e-08,-1.1105222858717052e-07,-1.3297916941569234e-07,-1.5356324691868971e-07,-1.727167124557805e-07,-1.9036133834070704e-07,-2.0642717187680312e-07,-2.2085130457184059e-07,-2.3357670050945387e-07,-2.445511076765786e-07,-2.5372606205040756e-07,-2.610559852649653e-07,-2.664973714849701e-07,-2.700080566839328e-07,-2.7154656306121565e-07,-2.710715122320602e-07,-2.68541102594652e-07,-2.639126484849411e-07,-2.5714218094620214e-07,-2.481841116970453e-07,-2.36990962613286e-07,-2.2351316203849805e-07,-2.076989056675003e-07,-1.8949407279742015e-07,-1.6884217807002727e-07,-1.456843254615645e-07,-1.1995911936532584e-07,-9.160248840541547e-08,-6.264100370163485e-08,-3.5374529694755544e-08,-9.785934366315021e-09,1.41442877443957e-08,3.6437342125678686e-08,5.711548892214598e-08,7.620147783268256e-08,9.371808974843167e-08,1.0968779430180507e-07,1.241325198743693e-07,1.370735239608658e-07,1.48531346688378e-07,1.5852582807901585e-07,1.6707616951935133e-07,1.7420102110675072e-07,1.7991857847873473e-07,1.8424667496663165e-07,1.8720285716887878e-07,1.8880443415172656e-07,1.89068492383224e-07,1.880118701837625e-07,1.856510869747936e-07,1.820022240038295e-07,1.770807546214266e-07,1.7090132370490472e-07,1.6347747759558146e-07,1.5482134807528318e-07,1.4494329658062498e-07,1.3385152814396702e-07,1.2155168851642596e-07,1.0804646254951782e-07,9.333519703908708e-08,7.741357653138238e-08,6.02733854673866e-08,4.190239361224462e-08,2.2284402819644543e-08,1.3994904951339238e-09,-2.0775522618175815e-08,-4.426636657209014e-08,-6.910038584098565e-08,-9.340866995279057e-08,-1.1546180553967561e-07,-1.3531199854432964e-07,-1.5301000617742533e-07,-1.686053560947275e-07,-1.821464447731131e-07,-1.9368056086602784e-07,-2.0325388008442048e-07,-2.1091146791288486e-07,-2.1669731437261892e-07,-2.2065441477349194e-07,-2.2282490309211553e-07,-2.2325024019497112e-07,-2.2197145704184056e-07,-2.1902945260898603e-07,-2.1446534698309142e-07,-2.0832089141048009e-07,-2.006389386277551e-07,-1.9146397817059426e-07,-1.8084274217538907e-07,-1.6882488702854648e-07,-1.5546375455962596e-07,-1.4081721263707467e-07,-1.2494856812107567e-07,-1.0792753409010146e-07,-8.983121703608834e-08,-7.074506765774644e-08,-5.076371093882658e-08,-2.9991536887941084e-08,-8.542886019183955e-09,-1.2245453720088695e-08,-3.724388750458245e-08,-6.134169960852867e-08,-8.442904928508572e-08,-1.0640553702148364e-07,-1.2717997199048952e-07,-1.4666984332814736e-07,-1.648006105622071e-07,-1.8150489092992881e-07,-1.9672159936309008e-07,-2.1039508003655003e-07,-2.2247425462683962e-07,-2.329118016946913e-07,-2.416633737718643e-07,-2.486868534330442e-07,-2.5394164640018855e-07,-2.573880081290351e-07,-2.5898640002759875e-07,-2.58696872203393e-07,-2.564784712361545e-07,-2.52288673755504e-07,-2.460828493875977e-07,-2.378137596937783e-07,-2.2743110274001483e-07,-2.1488111545783785e-07,-2.0010624738224297e-07,-1.830449189786511e-07,-1.636313750177511e-07,-1.4179563840846241e-07,-1.1746356460445686e-07,-9.05569985078831e-08,-6.307916436975866e-08,-3.728725885302089e-08,-1.3147269665566905e-08,9.375290257677044e-09,3.031455660938157e-08,4.9703668793742564e-08,6.757431290805676e-08,8.395643879911451e-08,9.887812752655572e-08,1.1236558115951083e-07,1.2444320585683322e-07,1.3513376048884638e-07,1.4445854576649467e-07,1.524376122417085e-07,1.590899691023687e-07,1.6443377905603043e-07,1.6848652757911327e-07,1.7126515731715603e-07,1.7278616045031963e-07,1.7306562343323991e-07,1.7211921976043742e-07,1.6996214740312484e-07,1.6660900843012323e-07,1.6207362919994835e-07,1.5636882053605914e-07,1.4950607862697057e-07,1.4149522918623218e-07,1.3234401982333773e-07,1.2205766876311647e-07,1.1063838212537608e-07,9.808485699551006e-08,8.439179343487979e-08,6.954944518935882e-08,5.3543245718821945e-08,3.6353552557810416e-08,1.7955557865478198e-08,-1.6805850343178084e-09,-2.2589371841070028e-08,-4.480925550750275e-08,-6.838163028055439e-08,-9.146386946599701e-08,-1.1234013366315932e-07,-1.3107484644232463e-07,-1.4772974391899796e-07,-1.6236380629823895e-07,-1.7503323858343737e-07,-1.857915042422951e-07,-1.9468941739773079e-07,-2.0177529489539691e-07,-2.0709516511256745e-07,-2.106930273923999e-07,-2.1261115476556394e-07,-2.1289043283953859e-07,-2.1157072892759505e-07,-2.086912872209375e-07,-2.0429114773586158e-07,-1.9840958863748978e-07,-1.9108659315847558e-07,-1.8236334353310737e-07,-1.7228274499774407e-07,-1.608899827890482e-07,-1.482331139720865e-07,-1.3436369354171918e-07,-1.1933743016562962e-07,-1.0321486073351412e-07,-8.60620241737925e-08,-6.795110363292181e-08,-4.896099197548656e-08,-2.9177717240587636e-08,-8.694634299541062e-09,-1.231429052551296e-08,-3.6117606541260723e-08,-5.899093521819376e-08,-8.085005294256303e-08,-1.016171168251825e-07,-1.2122036294745634e-07,-1.3959371960879846e-07,-1.5667637227642337e-07,-1.724122942344032e-07,-1.8674975039860997e-07,-1.9964077952390068e-07,-2.1104065866061015e-07,-2.2090735242368992e-07,-2.2920094836139586e-07,-2.3588307856187765e-07,-2.409163267506229e-07,-2.4426361964578474e-07,-2.458876013892269e-07,-2.457499905958854e-07,-2.4381092109488285e-07,-2.4002826989190995e-07,-2.3435697935887337e-07,-2.2674838520686755e-07,-2.1714956740188873e-07,-2.0550274769175915e-07,-1.9174476447139503e-07,-1.7580666266322706e-07,-1.5761344212924692e-07,-1.370840117173065e-07,-1.1413139699508393e-07,-8.866325122445749e-08,-6.266022189803301e-08,-3.833485285414929e-08,-1.563576063600411e-08,5.4868746202502494e-09,2.5080331508316022e-08,4.318871276743275e-08,5.985261279235284e-08,7.510903069239123e-08,8.899146993311198e-08,1.0153016976332093e-07,1.1275242093211247e-07,1.22682926562151e-07,1.3134417722460214e-07,1.3875681657778327e-07,1.4493998008432955e-07,1.4991159424361995e-07,1.5368862753751733e-07,1.5628728702687832e-07,1.577231564242187e-07,1.5801127268320476e-07,1.5716613886496047e-07,1.5520167143611282e-07,1.5213108038824936e-07,1.4796668080818685e-07,1.4271963493843322e-07,1.3639962452222526e-07,1.2901445451349369e-07,1.205695912447469e-07,1.1106764108943671e-07,1.0050777972663213e-07,8.888514748505998e-08,7.61902330174551e-08,6.240827572231185e-08,4.751872667641007e-08,3.149481784574365e-08,1.43032990454032e-08,-4.095589982037777e-09,-2.3747840962154367e-08,-4.470502280530622e-08,-6.702319341509906e-08,-8.888914379738603e-08,-1.0859968092943105e-07,-1.2623149611333117e-07,-1.4185735371437166e-07,-1.5554571638675298e-07,-1.673605964584563e-07,-1.7736159526394072e-07,-1.856040936601439e-07,-1.921395581769211e-07,-1.9701593037255146e-07,-2.0027807162635202e-07,-2.0196824094366667e-07,-2.0212658865460872e-07,-2.0079165370627566e-07,-1.98000856351951e-07,-1.9379098135099902e-07,-1.881986493159381e-07,-1.812607756312247e-07,-1.7301501749868406e-07,-1.6350021022703614e-07,-1.5275679397152872e-07,-1.4082723183542742e-07,-1.2775641965099454e-07,-1.1359208693573963e-07,-9.838518753249013e-08,-8.219027732883179e-08,-6.506587512997631e-08,-4.707480061033432e-08,-2.828447772437328e-08,-8.76717409092549e-09,-1.227150887057861e-08,-3.487957979317507e-08,-5.6524769039131904e-08,-7.714863438614469e-08,-9.669605979508382e-08,-1.1511488963933535e-07,-1.3235568383019664e-07,-1.4837155441275288e-07,-1.6311803590952184e-07,-1.76552949884687e-07,-1.886362359843154e-07,-1.993297322887925e-07,-2.0859689569920885e-07,-2.1640245820921203e-07,-2.2271201781567748e-07,-2.274915641960131e-07,-2.307069398133713e-07,-2.323232374118008e-07,-2.3230413545815864e-07,-2.3061117443795587e-07,-2.2720297943313663e-07,-2.220344384833482e-07,-2.1505585221496022e-07,-2.0621207843380987e-07,-1.9544170604932938e-07,-1.826763058352856e-07,-1.678398206618677e-07,-1.5084817365590065e-07,-1.3160918690239755e-07,-1.1002291279051191e-07,-8.59824835475581e-08,-6.144569141647199e-08,-3.857822523498361e-08,-1.7310737614940613e-08,2.422255607720412e-09,2.0681278196753582e-08,3.75213127949591e-08,5.299163968615889e-08,6.713599016202117e-08,7.999291694926509e-08,9.15962987573165e-08,1.0197591289172453e-07,1.1115802608132313e-07,1.1916596769720649e-07,1.2602066088739565e-07,1.3174109584786226e-07,1.363447357961714e-07,1.3984785059409174e-07,1.422657757722042e-07,1.4361309630225072e-07,1.4390375515881706e-07,1.431510867836354e-07,1.4136777524574933e-07,1.3856573638496006e-07,1.347559227183056e-07,1.299480495628477e-07,1.2415024087077492e-07,1.173685938925893e-07,1.096066632159214e-07,1.008648672346609e-07,9.113982397867566e-08,8.042362878548162e-08,6.870309382426954e-08,5.595897923855986e-08,4.216525776694867e-08,2.7288468948041275e-08,1.1287234698348586e-08,-5.887976374467029e-09,-2.4294735677473692e-08,-4.399808535814985e-08,-6.506940863029406e-08,-8.572806160161535e-08,-1.0428361649249676e-07,-1.208252753236008e-07,-1.3543693340182557e-07,-1.4819651131866133e-07,-1.5917570027770165e-07,-1.6844003421465835e-07,-1.760492051122974e-07,-1.8205754633534992e-07,-1.8651462099602686e-07,-1.894658656842305e-07,-1.9095325240859524e-07,-1.91015942282505e-07,-1.8969091303317508e-07,-1.870135488810053e-07,-1.8301818597090216e-07,-1.777386096352365e-07,-1.7120850164315103e-07,-1.6346183656657867e-07,-1.5453322680997356e-07,-1.4445821607866466e-07,-1.3327352151559575e-07,-1.2101722589216562e-07,-1.0772892362584708e-07,-9.344982855134631e-08,-7.822285769039796e-08,-6.209271368641561e-08,-4.510599793248046e-08,-2.731139306563174e-08,-8.75994768326554e-09,-1.2117265087410186e-08,-3.353013926875567e-08,-5.394513059604736e-08,-7.332978389136789e-08,-9.16517595220966e-08,-1.088784598557545e-07,-1.2497697583203227e-07,-1.399142333887624e-07,-1.536572295999962e-07,-1.6617327369455958e-07,-1.7743017498393686e-07,-1.873963423577359e-07,-1.9604077662868107e-07,-2.0333294790344736e-07,-2.0924255646874165e-07,-2.13739178762874e-07,-2.1679180109612934e-07,-2.1836824394526907e-07,-2.1843447976681353e-07,-2.1695384811877565e-07,-2.1388617414559491e-07,-2.0918680082485473e-07,-2.0280555245468261e-07,-1.9468565736254755e-07,-1.8476267244066635e-07,-1.729634714455513e-07,-1.5920538313258505e-07,-1.4339559313761268e-07,-1.254309519287561e-07,-1.0519835457489798e-07,-8.257587004689314e-08,-5.949695810309832e-08,-3.807795033982181e-08,-1.8230859581616666e-08,1.2574559115533545e-10,1.7065593133426064e-08,3.2654262930944425e-08,4.694927716759041e-08,6.000056365344227e-08,7.185115225960006e-08,8.25379931262989e-08,9.209281373899131e-08,1.0054295680516677e-07,1.0791216083129652e-07,1.1422126040267183e-07,1.1948879401388148e-07,1.2373151466043775e-07,1.2696480303589535e-07,1.292029857425513e-07,1.3045956196932467e-07,1.3074734206800822e-07,1.3007850072511658e-07,1.2846454626925309e-07,1.2591620629793228e-07,1.224432284514978e-07,1.1805409398479752e-07,1.1275564098146335e-07,1.0655259384053932e-07,9.944699630516404e-08,9.143754712206293e-08,8.251884080820988e-08,7.268052141632709e-08,6.190636515853897e-08,5.0173318836846904e-08,3.745053579065883e-08,2.3698469871047538e-08,8.868110630400227e-09,-7.099531742115189e-09,-2.427355803608066e-08,-4.273277394212457e-08,-6.25645804778843e-08,-8.202416979460712e-08,-9.943516440280301e-08,-1.1489970536713586e-07,-1.285129580888135e-07,-1.4036220113135304e-07,-1.5052652796041563e-07,-1.5907701358128955e-07,-1.6607720799832287e-07,-1.715838385183661e-07,-1.7564762718566638e-07,-1.783141532368048e-07,-1.7962471075348102e-07,-1.7961712779079448e-07,-1.7832652530304428e-07,-1.7578600272438818e-07,-1.7202724272198284e-07,-1.6708103103157047e-07,-1.609776889807323e-07,-1.5374741686141253e-07,-1.4542054630800642e-07,-1.3602769989823468e-07,-1.2559985703943507e-07,-1.1416832768086135e-07,-1.0176464049769052e-07,-8.842036100052264e-08,-7.416686845009307e-08,-5.903513872737986e-08,-4.3055602045088335e-08,-2.6258165133328173e-08,-8.672496943759672e-09,-1.1851794376963567e-08,-3.2069830597595906e-08,-5.1254405586251544e-08,-6.939925992539376e-08,-8.649472422620285e-08,-1.0252744959219681e-07,-1.1748064647151193e-07,-1.3133461936582882e-07,-1.4406742241247157e-07,-1.5565550874937856e-07,-1.6607429092459208e-07,-1.752985645494317e-07,-1.8330277186823548e-07,-1.9006109731634023e-07,-1.9554739566049694e-07,-1.9973495710974938e-07,-2.0259611464862674e-07,-2.0410169822485395e-07,-2.042203395094669e-07,-2.029176307657291e-07,-2.0015514285286609e-07,-1.9588931145472588e-07,-1.9007020818769233e-07,-1.826402253348029e-07,-1.7353272079740061e-07,-1.6267069487087376e-07,-1.4996560391495752e-07,-1.3531645804724026e-07,-1.1860939792512889e-07,-9.971799213904539e-08,-7.85045298442949e-08,-5.687522628783136e-08,-3.689407563486928e-08,-1.845373597856841e-08,-1.4566523335483293e-09,1.4183863789902273e-08,2.8543455896387333e-08,4.1687183038204306e-08,5.3670389004021625e-08,6.453979517721086e-08,7.433467953018157e-08,8.3088046395938e-08,9.082772553068079e-08,9.75773643755168e-08,1.033572954802294e-07,1.0818527323488207e-07,1.1207708173222456e-07,1.1504701989839602e-07,1.1710827190097362e-07,1.1827317100316295e-07,1.1855336404380358e-07,1.1795988201292002e-07,1.1650312007418688e-07,1.1419272809323666e-07,1.1103741044412565e-07,1.0704463174886806e-07,1.0222022342931793e-07,9.656788472995186e-08,9.008857148499725e-08,8.277976672363302e-08,7.463462971344013e-08,6.564102484080603e-08,5.578043956881545e-08,4.502681251600864e-08,3.33453095542358e-08,2.069110890608486e-08,7.008286448921666e-09,-7.77107030453812e-09,-2.372734902053683e-08,-4.0953287779734345e-08,-5.955299045070292e-08,-7.782106134577285e-08,-9.409782126385774e-08,-1.084989310380188e-07,-1.2113095533091732e-07,-1.3209030705705978e-07,-1.4146301540049645e-07,-1.4932508734149641e-07,-1.557432601911873e-07,-1.6077598205034353e-07,-1.6447449785380677e-07,-1.6688395433569143e-07,-1.6804446553751624e-07,-1.679921015076003e-07,-1.6675977772250468e-07,-1.6437803274040757e-07,-1.6087568774434886e-07,-1.562803848471839e-07,-1.506190021080439e-07,-1.4391794291672516e-07,-1.3620329652109245e-07,-1.2750086584876707e-07,-1.1783605937894098e-07,-1.0723364682751768e-07,-9.571738527506295e-08,-8.330953482851663e-08,-7.003030274302713e-08,-5.5897283275777055e-08,-4.092499661254337e-08,-2.5124669464913722e-08,-8.504431828436224e-09,-1.1475371731964093e-08,-3.049947893983003e-08,-4.845571061428316e-08,-6.536413696702854e-08,-8.123742275042045e-08,-9.60808406526055e-08,-1.098929591775462e-07,-1.2266668325239632e-07,-1.3439040605545055e-07,-1.450491094620031e-07,-1.5462531528224284e-07,-1.6309983623714563e-07,-1.7045230601430498e-07,-1.7666148552059225e-07,-1.817053513891982e-07,-1.855609759376373e-07,-1.8820420736965158e-07,-1.8960915678127952e-07,-1.8974749586049538e-07,-1.8858756727855008e-07,-1.860933097934015e-07,-1.8222300312686387e-07,-1.7692784486970786e-07,-1.701503842880728e-07,-1.6182285760836817e-07,-1.5186549851735748e-07,-1.4018493939705138e-07,-1.2667287627851622e-07,-1.112052439190319e-07,-9.364223011492966e-08,-7.382953389246727e-08,-5.364144572673278e-08,-3.508587548648559e-08,-1.8035452444194044e-08,-2.3765242284302366e-09,1.1990021111721118e-08,2.514903334304392e-08,3.7172092186226546e-08,4.8118903348263944e-08,5.803886928257562e-08,6.697267777784374e-08,7.495380887637261e-08,8.200990275014591e-08,8.816396046996588e-08,9.343536910200409e-08,9.784075483121759e-08,1.0139467481289082e-07,1.0411016168790747e-07,1.0599913530920117e-07,1.0707269509475615e-07,1.0734130419692944e-07,1.0681487382301438e-07,1.0550275286982029e-07,1.0341362475313053e-07,1.0055531006046271e-07,9.693447054765074e-08,9.25562071663893e-08,8.742354243104593e-08,8.153677577994594e-08,7.489270005408844e-08,6.748366835562093e-08,5.9296504093613346e-08,5.031125392762658e-08,4.0499794815911454e-08,2.98243241070913e-08,1.8235787763504104e-08,5.672339002911271e-09,-7.94202979372242e-09,-2.2698474909202235e-08,-3.870362794851088e-08,-5.6078903350281027e-08,-7.316246546426361e-08,-8.831562991827378e-08,-1.0166824201407975e-07,-1.1333830092569127e-07,-1.2343092702497417e-07,-1.320383652618024e-07,-1.3924068468025252e-07,-1.4510689731787598e-07,-1.496962896374853e-07,-1.5305982188405965e-07,-1.5524149949447286e-07,-1.5627965608509022e-07,-1.5620811215516246e-07,-1.5505719017579527e-07,-1.5285457722555003e-07,-1.496260322251339e-07,-1.4539593722211363e-07,-1.4018769205323687e-07,-1.340239500024485e-07,-1.269266897227647e-07,-1.1891711670637643e-07,-1.1001538711100038e-07,-1.002401491825744e-07,-8.960790469653178e-08,-7.813220723992761e-08,-6.582273885202596e-08,-5.2684344590790745e-08,-3.871615737563589e-08,-2.3911010042823744e-08,-8.255398266834711e-09,-1.0988271581354685e-08,-2.8820282019039888e-08,-4.5553227685764856e-08,-6.12334382901698e-08,-7.58952270389809e-08,-8.956145200725021e-08,-1.0224487161931646e-07,-1.1394984414055405e-07,-1.246740672805682e-07,-1.3441017434275598e-07,-1.4314709005671517e-07,-1.5087110500888417e-07,-1.575666601038605e-07,-1.6321684943664443e-07,-1.6780365701831967e-07,-1.7130794368821908e-07,-1.7370919771246743e-07,-1.7498505779633498e-07,-1.7511061199155083e-07,-1.7405747158235518e-07,-1.7179261675952004e-07,-1.6827701200981037e-07,-1.6346399494269536e-07,-1.572974541143961e-07,-1.4970983106522946e-07,-1.4062001224731887e-07,-1.299312231431248e-07,-1.1752910771131181e-07,-1.0328027927185095e-07,-8.703176434716367e-08,-6.861191227444242e-08,-4.985619592135902e-08,-3.2711503663929874e-08,-1.7029937654607633e-08,-2.6821237325719826e-09,1.0442515277717358e-08,2.2436761171089456e-08,3.33773304644726e-08,4.3326937582895766e-08,5.233642764975792e-08,6.044681720190627e-08,6.769115261300057e-08,7.409614334001556e-08,7.968355740702097e-08,8.447138523803011e-08,8.847478864761397e-08,9.170685690012624e-08,9.417919298999097e-08,9.590235199508083e-08,9.688615049475332e-08,9.71398623208654e-08,9.66723117798949e-08,9.549187121867228e-08,9.360636554545039e-08,9.102288212819614e-08,8.774748040916222e-08,8.378479165224953e-08,7.913749559370343e-08,7.380565762167593e-08,6.778590785168904e-08,6.107044268206254e-08,5.364583093812948e-08,4.5491611654572695e-08,3.657868036050936e-08,2.6867477454133642e-08,1.630601898093555e-08,4.827851652080908e-09,-7.649923261097348e-09,-2.1228322237904973e-08,-3.6027493531648737e-08,-5.2186573941045566e-08,-6.809237883066825e-08,-8.213355157750804e-08,-9.445474840857212e-08,-1.0518521039113759e-07,-1.1443801893851721e-07,-1.2231057692447353e-07,-1.2888583345258247e-07,-1.342338972286128e-07,-1.3841379779790868e-07,-1.4147524112077045e-07,-1.4346026606693858e-07,-1.4440474795745437e-07,-1.443397210500245e-07,-1.432925083904565e-07,-1.412876573173895e-07,-1.3834768365333904e-07,-1.3449362842824002e-07,-1.29745428959235e-07,-1.2412210232352482e-07,-1.1764173477045404e-07,-1.1032126651914504e-07,-1.0217605888465037e-07,-9.321923123569113e-08,-8.346076091852055e-08,-7.290635302170359e-08,-6.155611333724958e-08,-4.940310335118479e-08,-3.6431926826871744e-08,-2.2617595907490633e-08,-7.925045027137312e-09,-1.0390725716941721e-08,-2.703395332087811e-08,-4.255264611708985e-08,-5.7018918098098005e-08,-7.048752095967701e-08,-8.299733032963553e-08,-9.457365215082511e-08,-1.0523075834142096e-07,-1.1497430509668393e-07,-1.2380345776406332e-07,-1.3171265084291413e-07,-1.3869296885123373e-07,-1.4473316207880533e-07,-1.498203232569061e-07,-1.5394025389426322e-07,-1.5707754609428167e-07,-1.5921539927057849e-07,-1.6033518295217518e-07,-1.6041574822496984e-07,-1.5943248261568016e-07,-1.5735609772608768e-07,-1.541511370780092e-07,-1.4977419487569974e-07,-1.4417184610610062e-07,-1.3727830598750006e-07,-1.2901286472561866e-07,-1.1927718822304626e-07,-1.07952650966908e-07,-9.48979961967554e-08,-7.994782131285569e-08,-6.291266122163696e-08,-4.55794987048077e-08,-2.982748217881724e-08,-1.548808522267848e-08,-2.417153390215478e-09,9.505806953362123e-09,2.0379709930003885e-08,3.028460328319546e-08,3.9284543974258104e-08,4.743036531393171e-08,5.476219480056575e-08,6.131166050731205e-08,6.710377004426446e-08,7.215847310166688e-08,7.649193373081928e-08,8.011754576186564e-08,8.304672656983625e-08,8.528952263466396e-08,8.685505643694897e-08,8.775183922565949e-08,8.798796877209647e-08,8.757122576663968e-08,8.650907720262318e-08,8.480858995050045e-08,8.247625271490239e-08,7.951769961193647e-08,7.593732364809465e-08,7.173776343718285e-08,6.691924169057252e-08,6.147872967965848e-08,5.540890857538693e-08,4.8696897209247035e-08,4.132271760180276e-08,3.325747614679657e-08,2.4461251719072802e-08,1.4880705557144844e-08,4.44646802984525e-09,-6.929573726079088e-09,-1.9356848254833413e-08,-3.296811479959292e-08,-4.792025357835283e-08,-6.265526683710052e-08,-7.559799771674112e-08,-8.690829561228253e-08,-9.672602163554768e-08,-1.05170995391509e-07,-1.1234428120811658e-07,-1.1833016289019202e-07,-1.2319838698274013e-07,-1.2700642581505113e-07,-1.2980162082309446e-07,-1.3162313087839234e-07,-1.3250364831997045e-07,-1.324708690366589e-07,-1.315487177113539e-07,-1.297583374052418e-07,-1.271188552680762e-07,-1.2364793450279253e-07,-1.1936211801376297e-07,-1.1427696261041785e-07,-1.084069553325064e-07,-1.0176519650128326e-07,-9.436282864328602e-08,-8.620818782979607e-08,-7.730565603914093e-08,-6.765420287906015e-08,-5.724562811027772e-08,-4.6062563182990334e-08,-3.4076375472851204e-08,-2.1245258221226843e-08,-7.51298920579739e-09,-9.682879136428307e-09,-2.514295045931342e-08,-3.9461778198933366e-08,-5.273607479418301e-08,-6.503905561618189e-08,-7.642336667811843e-08,-8.692468009839672e-08,-9.656524122422735e-08,-1.0535703029644824e-07,-1.1330441948752337e-07,-1.2040631182829935e-07,-1.2665779243985927e-07,-1.3205133808212615e-07,-1.3657763411147408e-07,-1.4022604427996808e-07,-1.4298477073387116e-07,-1.4484073061581545e-07,-1.4577916321024783e-07,-1.4578296883390554e-07,-1.4483176883539878e-07,-1.429006663923254e-07,-1.3995868177475737e-07,-1.3596683508843834e-07,-1.3087585579900506e-07,-1.2462351244890284e-07,-1.1713157823268878e-07,-1.0830248187520788e-07,-9.801575521805682e-08,-8.612452145434898e-08,-7.245253634316635e-08,-5.679274953238379e-08,-4.087051060718617e-08,-2.648793178791791e-08,-1.3456509518288143e-08,-1.6191246673305564e-09,9.152284058599029e-09,1.89603276453647e-08,2.7886121910771083e-08,3.599309753509833e-08,4.3330440653595285e-08,4.993608162135973e-08,5.583921962275443e-08,6.10624064185259e-08,6.562323148158209e-08,6.953565966356788e-08,7.281107436153817e-08,7.545907616317237e-08,7.748808110856604e-08,7.89057555447752e-08,7.971931708627152e-08,7.99357239965246e-08,7.956176860026549e-08,7.860408413900187e-08,7.706906867156878e-08,7.496272401046285e-08,7.2290402066693e-08,6.905644515569974e-08,6.526370066324995e-08,6.091288396574623e-08,5.600175682496503e-08,5.0524082113125336e-08,4.4468310554070156e-08,3.7815952526134115e-08,3.053958956630159e-08,2.2600487955372194e-08,1.3945793166121941e-08,4.505314705800091e-09,-5.812028247855866e-09,-1.7121905129085573e-08,-2.9567981159923186e-08,-4.3324196488071324e-08,-5.6896381849841584e-08,-6.875761397249832e-08,-7.908273692119509e-08,-8.80208916751616e-08,-9.56967412372484e-08,-1.0221297220944874e-07,-1.0765325704293222e-07,-1.1208524404229519e-07,-1.1556336913785901e-07,-1.1813139609612407e-07,-1.1982464475327573e-07,-1.206718956152475e-07,-1.2069697792371697e-07,-1.1992006003217175e-07,-1.1835866606693653e-07,-1.1602844216329354e-07,-1.1294369042163386e-07,-1.0911768055747786e-07,-1.0456273927154567e-07,-9.929010667893455e-08,-9.330953867621519e-08,-8.662862490303747e-08,-7.925178510327979e-08,-7.117890350062795e-08,-6.240356323917185e-08,-5.291085578949523e-08,-4.267477638298853e-08,-3.165530318911738e-08,-1.9795436045989988e-08,-7.018780045510766e-09,-8.86474356267221e-09,-2.3150844721352693e-08,-3.6291444980982605e-08,-4.840550150374014e-08,-5.9581641899996725e-08,-6.988320347646442e-08,-7.935346743849406e-08,-8.802033758753971e-08,-9.59002463716426e-08,-1.03001298471603e-07,-1.0932572982207711e-07,-1.1487176977914432e-07,-1.1963499012267416e-07,-1.2360921668275204e-07,-1.2678706821164502e-07,-1.291601728753982e-07,-1.3071909642319608e-07,-1.314529988724716e-07,-1.3134901935623952e-07,-1.303913723936532e-07,-1.285601241827288e-07,-1.2582960596823424e-07,-1.2216641515833897e-07,-1.175269560314885e-07,-1.118544818663472e-07,-1.0507561698705899e-07,-9.709635486098281e-08,-8.779755131245632e-08,-7.703001333064143e-08,-6.460956304374705e-08,-5.0313124064909764e-08,-3.578701403803721e-08,-2.2743398294080755e-08,-1.097576487763387e-08,-3.1713835969682387e-10,9.364730055686502e-09,1.817299421091473e-08,2.618712328938801e-08,3.3467699577073554e-08,4.0060512639072754e-08,4.5999968377082635e-08,5.131186848835129e-08,5.601563240103742e-08,6.012604150454773e-08,6.365458586399432e-08,6.661048791005404e-08,6.900146815649827e-08,7.083430706102864e-08,7.211524625647198e-08,7.285026236886422e-08,7.304523780226601e-08,7.270604517398996e-08,7.183855530858776e-08,7.044857254481941e-08,6.854169522744221e-08,6.612309329789749e-08,6.319718851749143e-08,5.976721574925266e-08,5.5834635664114696e-08,5.139836016587919e-08,4.645374199128993e-08,4.099127006480977e-08,3.49949036526563e-08,2.8439973163982568e-08,2.1290575626658286e-08,1.349639945486717e-08,4.988927073704887e-09,-4.323004668675114e-09,-1.4558211237578347e-08,-2.5868393091671716e-08,-3.844266536671943e-08,-5.08622764258691e-08,-6.166445637441323e-08,-7.103772835961261e-08,-7.913806204409132e-08,-8.609218155292604e-08,-9.200173324774637e-08,-9.694742815428186e-08,-1.0099283689954143e-07,-1.0418775190382924e-07,-1.0657110172626957e-07,-1.0817342254994192e-07,-1.0901890676388101e-07,-1.0912706239519226e-07,-1.0851402525752865e-07,-1.0719356643128329e-07,-1.0517783217903749e-07,-1.0247784363699472e-07,-9.910377131329345e-08,-9.506498571893522e-08,-9.036987110726125e-08,-8.502537492724778e-08,-7.903625195842559e-08,-7.240395014168212e-08,-6.512507571183897e-08,-5.7189368630597846e-08,-4.8577116188493044e-08,-3.925594130645774e-08,-2.9176958398451115e-08,-1.8270476046650194e-08,-6.4418608881189685e-09,-7.936148623505384e-09,-2.1062923727614854e-08,-3.3056773046886066e-08,-4.4054707348939295e-08,-5.4156273847167245e-08,-6.343148154357342e-08,-7.192791799450706e-08,-7.96765340440296e-08,-8.669618984471224e-08,-9.299717798502801e-08,-9.85839065232549e-08,-1.034568871094875e-07,-1.0761415067787615e-07,-1.1105219536609344e-07,-1.1376655190963928e-07,-1.1575203026067268e-07,-1.1700268893647874e-07,-1.1751154662053591e-07,-1.1727003417273235e-07,-1.162671644668808e-07,-1.1448837752107011e-07,-1.1191400007409236e-07,-1.0851724420700779e-07,-1.0426166244551906e-07,-9.909798101248437e-08,-9.296024766713509e-08,-8.576124104538961e-08,-7.738706244373538e-08,-6.769077460423963e-08,-5.6485068573607934e-08,-4.353471398983276e-08,-3.038456990725146e-08,-1.8639050126185498e-08,-8.077794372094348e-09,1.4711052094846266e-09,1.0139475914311777e-08,1.8027137368150053e-08,2.5208822596919418e-08,3.1739891520241065e-08,3.766097895378861e-08,4.300171950431517e-08,4.778367892370452e-08,5.2022618429131375e-08,5.573021458067573e-08,5.8915346597078395e-08,6.15850471345946e-08,6.374519500690419e-08,6.540101159886647e-08,6.655740807478213e-08,6.721921822893244e-08,6.739134178886073e-08,6.707881476541189e-08,6.62868165419487e-08,6.502061732567489e-08,6.328546384777875e-08,6.108639532181795e-08,5.842797516758788e-08,5.531391639568142e-08,5.1746569353226296e-08,4.772622935789629e-08,4.32502084152384e-08,3.831160001394646e-08,3.289765005802222e-08,2.6987632629928253e-08,2.0550119633694326e-08,1.3539529892466295e-08,5.891840494069332e-09,-2.4806693515179935e-09,-1.1695774204156158e-08,-2.1908717868135046e-08,-3.3319935970485484e-08,-4.460164203608332e-08,-5.4375771867106106e-08,-6.284126606785253e-08,-7.015687573342817e-08,-7.644753481408801e-08,-8.181055084895369e-08,-8.632097150767457e-08,-9.003613938896977e-08,-9.299954930297744e-08,-9.52440768440125e-08,-9.679462564438197e-08,-9.767024902919184e-08,-9.78858136060318e-08,-9.74532753952068e-08,-9.6382632788005e-08,-9.468260825056515e-08,-9.236109528721551e-08,-8.942539048461217e-08,-8.588221317010106e-08,-8.173749745193472e-08,-7.699592314787154e-08,-7.166013361460447e-08,-6.572957056209728e-08,-5.919883967286135e-08,-5.2055505925095455e-08,-4.427719896022471e-08,-3.582787895898134e-08,-2.6653088711931138e-08,-1.6674120319186128e-08,-5.781529252421163e-09,-6.896691089649936e-09,-1.8887179644392497e-08,-2.977910159138719e-08,-3.9720559039741254e-08,-4.881575507711996e-08,-5.713644214033732e-08,-6.473080779392438e-08,-7.163007921349419e-08,-7.785348350906828e-08,-8.34119866013645e-08,-8.831106794406186e-08,-9.255272212106357e-08,-9.61368491158091e-08,-9.90621682795421e-08,-1.013267612599286e-07,-1.029283191516611e-07,-1.0386414100889106e-07,-1.0413090502151766e-07,-1.037242093879632e-07,-1.0263785606003725e-07,-1.0086282604788292e-07,-9.838586952267159e-08,-9.518760879706668e-08,-9.124003150941269e-08,-8.650324290444282e-08,-8.092135917098003e-08,-7.441744979285972e-08,-6.688741320873494e-08,-5.81924464934884e-08,-4.8149374035212096e-08,-3.651843353973909e-08,-2.47150960516733e-08,-1.42119090572891e-08,-4.782308696908641e-09,3.743269964472495e-09,1.149035320485549e-08,1.855096694657142e-08,2.4991810720391568e-08,3.0860657159277744e-08,3.619136886869639e-08,4.10077750966928e-08,4.532660615562468e-08,4.91596727909486e-08,5.251546013310223e-08,5.540027923141252e-08,5.7819090116258414e-08,5.9776083668175e-08,6.127508728400985e-08,6.231984165590872e-08,6.29141823393975e-08,6.306214935412522e-08,6.276803998308295e-08,6.203641347834881e-08,6.087205087544178e-08,5.927986798371846e-08,5.726477429523403e-08,5.483146446613299e-08,5.198412154255271e-08,4.872600151637064e-08,4.505885631989723e-08,4.0982136228567896e-08,3.649189231156372e-08,3.1579275287882146e-08,2.6228500790030355e-08,2.0414127084931005e-08,1.4097475974275014e-08,7.222018851414972e-09,-2.9248823375252275e-10,-8.557471747021381e-09,-1.7725143024966942e-08,-2.800030038336389e-08,-3.816669245366654e-08,-4.695669225700843e-08,-5.457323692421985e-08,-6.117173496443365e-08,-6.687037618724824e-08,-7.175830047107437e-08,-7.590195235089196e-08,-7.935023755140494e-08,-8.213877016005232e-08,-8.429331279384977e-08,-8.583249091242871e-08,-8.676988296281479e-08,-8.711559798408675e-08,-8.6877444606867e-08,-8.606177765584985e-08,-8.467408734971078e-08,-8.271937475529207e-08,-8.020233671973272e-08,-7.712736366715047e-08,-7.34983335338591e-08,-6.931816373665221e-08,-6.458805980091138e-08,-5.9306374391996963e-08,-5.3466965661463795e-08,-4.7056921282371205e-08,-4.005349006117941e-08,-3.242000928404788e-08,-2.410048387973828e-08,-1.5012305378407807e-08,-5.036895363420737e-09,-5.745683349861492e-09,-1.663593294348332e-08,-2.6488751999710242e-08,-3.5452457495527074e-08,-4.362783020120676e-08,-5.108284458105532e-08,-5.786243452945112e-08,-6.399534940624306e-08,-6.949922900665874e-08,-7.438435361854105e-08,-7.865633684330153e-08,-8.231799650066209e-08,-8.537060953772958e-08,-8.781471449756263e-08,-8.965058132389956e-08,-9.087842954300933e-08,-9.149844345338637e-08,-9.151060553871362e-08,-9.091434462252728e-08,-8.970797080530363e-08,-8.78878425463254e-08,-8.544718033565302e-08,-8.237440532774315e-08,-7.865084206560166e-08,-7.424759057613319e-08,-6.912136474508327e-08,-6.320914210044934e-08,-5.6421547649014596e-08,-4.863476345314587e-08,-3.967966697022016e-08,-2.9325183133058277e-08,-1.8824467744631296e-08,-9.486637250034705e-09,-1.0917687298991935e-09,6.517489687851921e-09,1.3453528604461947e-08,1.979585122888539e-08,2.5599872542381136e-08,3.0903649078115894e-08,3.5733000447565234e-08,4.010529959420689e-08,4.403220762939975e-08,4.7521611779424735e-08,5.0578981635037994e-08,5.3208309731465246e-08,5.5412758840013853e-08,5.7195103706193695e-08,5.85580290105558e-08,5.950432644660841e-08,6.003702025330513e-08,6.015944079946328e-08,5.987525868125468e-08,5.9188486352691876e-08,5.810344982677009e-08,5.662472886001428e-08,5.475705970343628e-08,5.2505189378144515e-08,4.9873663823627424e-08,4.686652330446539e-08,4.348686603488796e-08,3.973622369646063e-08,3.561366878331637e-08,3.111454208078086e-08,2.6228648854611933e-08,2.0937727855164865e-08,1.521195866101984e-08,9.005259136351958e-09,2.2491267094623898e-09,-5.1553776409181575e-09,-1.334857524354358e-08,-2.252806872834531e-08,-3.1615453657625664e-08,-3.9484249799147384e-08,-4.633024818139493e-08,-5.229714627156054e-08,-5.7490615093259e-08,-6.198748385117875e-08,-6.584256667925518e-08,-6.909422580343809e-08,-7.176885825125464e-08,-7.388437809024557e-08,-7.545282854524656e-08,-7.648229659370907e-08,-7.697829443146517e-08,-7.694474325628927e-08,-7.638466169949931e-08,-7.530063095544386e-08,-7.369508281773482e-08,-7.157043460298677e-08,-6.89290746410146e-08,-6.577318159650025e-08,-6.210433828793783e-08,-5.792287397286194e-08,-5.3226837114255356e-08,-4.801046436422415e-08,-4.226197599528926e-08,-3.5960502564832427e-08,-2.907191958756672e-08,-2.154321480858327e-08,-1.3294474173348428e-08,-4.206840094225877e-09,-4.482103823111999e-09,-1.4328477270349626e-08,-2.322887004037677e-08,-3.1316187476867457e-08,-3.867870879368941e-08,-4.537511918396175e-08,-5.1443366243554686e-08,-5.690717181792112e-08,-6.178093138644326e-08,-6.607320396780888e-08,-6.978908652994537e-08,-7.29317788731432e-08,-7.550358599614062e-08,-7.75065360037497e-08,-7.894273363780189e-08,-7.981452565079381e-08,-8.012452167755744e-08,-7.987548902034649e-08,-7.907011806828737e-08,-7.771063346365449e-08,-7.579820121547117e-08,-7.333205016612593e-08,-7.030818381128362e-08,-6.671750259110296e-08,-6.254308907499783e-08,-5.775634565181567e-08,-5.2311670894512194e-08,-4.613955110779272e-08,-3.913831228226421e-08,-3.116443791186015e-08,-2.2015849076988325e-08,-1.2748469076940987e-08,-4.469327003642035e-09,3.0152355608947345e-09,9.838703587524107e-09,1.6093270815829852e-08,2.1841333615114344e-08,2.712415161466313e-08,3.196850874120632e-08,3.639154582462262e-08,4.040412073383144e-08,4.4013089427702024e-08,4.7222833946895844e-08,5.003627802143319e-08,5.2455558489648195e-08,5.448246691567552e-08,5.611873809741189e-08,5.736623650185353e-08,5.8227074371703336e-08,5.8703683661048615e-08,5.879885606707402e-08,5.8515759993207844e-08,5.785793931002544e-08,5.68292956412893e-08,5.543405305603794e-08,5.3676701018456086e-08,5.156190772438474e-08,4.909439090346234e-08,4.6278725926244254e-08,4.31190603962946e-08,3.961868855982458e-08,3.57794153395259e-08,3.1600605303668904e-08,2.7077762723081507e-08,2.2200422893732692e-08,1.694905775163848e-08,1.1290639220244083e-08,5.172542234268682e-09,-1.4853614155495791e-09,-8.80110217984343e-09,-1.6947569274936306e-08,-2.5015515904390688e-08,-3.20530982146312e-08,-3.8231824045890675e-08,-4.367392339245055e-08,-4.8466518424762365e-08,-5.266982819054814e-08,-5.632410843538818e-08,-5.9455446215456696e-08,-6.208021486389746e-08,-6.42083005918022e-08,-6.584536693942053e-08,-6.699441835374652e-08,-6.765687068320678e-08,-6.783327937565477e-08,-6.752382930009719e-08,-6.672865464038465e-08,-6.544803079229623e-08,-6.368245946560083e-08,-6.143265031149022e-08,-5.8699384503397555e-08,-5.5483224967318415e-08,-5.1784011238819413e-08,-4.7600040921091264e-08,-4.292679200293976e-08,-3.775498316978123e-08,-3.206771927419021e-08,-2.5836475165462473e-08,-1.9015739214358578e-08,-1.1535712829899207e-08,-3.289974513660149e-09,-3.1045551216036816e-09,-1.1995185503880507e-08,-2.0060055337412183e-08,-2.739804153538157e-08,-3.4076840420611385e-08,-4.0140737837225385e-08,-4.5617227625198486e-08,-5.052297482318162e-08,-5.486809146674798e-08,-5.865892829008258e-08,-6.189982952423124e-08,-6.459421393462954e-08,-6.674522948784016e-08,-6.835613949691243e-08,-6.943053753294189e-08,-6.997244883626562e-08,-6.998634971913972e-08,-6.947711779102167e-08,-6.844991057284747e-08,-6.690995481416258e-08,-6.486221027449927e-08,-6.23108459272725e-08,-5.92584281644856e-08,-5.5704662321014105e-08,-5.1644441863777704e-08,-4.706483877373684e-08,-4.1940536281249914e-08,-3.6227194312162266e-08,-2.98529351019374e-08,-2.2710330792213143e-08,-1.465130276831553e-08,-6.506140049375412e-09,8.608515900343164e-10,7.59214819850495e-09,1.3786312607576684e-08,1.9508771978340338e-08,2.480075966993324e-08,2.968748589564186e-08,3.418403292152354e-08,3.829924760950333e-08,4.203822783004521e-08,4.540388965610395e-08,4.8397949721215925e-08,5.102153912174463e-08,5.3275585820902117e-08,5.516105159325362e-08,5.667907748314811e-08,5.783107166627866e-08,5.861876100046127e-08,5.904421959840975e-08,5.910988268019439e-08,5.881855063749756e-08,5.817338596002498e-08,5.717790394530101e-08,5.583595657712722e-08,5.4151707294411404e-08,5.212959223114292e-08,4.9774260432859277e-08,4.70904808770887e-08,4.408299681277623e-08,4.075629635318135e-08,3.711424980678352e-08,3.315953480615976e-08,2.8892723627122767e-08,2.4310834436295102e-08,1.9405040551729793e-08,1.4157093296122883e-08,8.533915799175212e-09,2.4801252546942176e-09,-4.090204729725858e-09,-1.1303147323418854e-08,-1.8449850334646434e-08,-2.4782662088605704e-08,-3.042766492434264e-08,-3.547675289177141e-08,-3.999210835232887e-08,-4.401292076568352e-08,-4.756251999916431e-08,-5.06539220893079e-08,-5.329364196581623e-08,-5.5484203064257426e-08,-5.722576213461242e-08,-5.851715589838848e-08,-5.935657490054353e-08,-5.974199713824178e-08,-5.967146538393291e-08,-5.91432600872716e-08,-5.815599825738033e-08,-5.670867332580348e-08,-5.480063836629116e-08,-5.243152251052883e-08,-4.96010551058932e-08,-4.6308750710522425e-08,-4.2553375684935545e-08,-3.833206756576892e-08,-3.3638904890016465e-08,-2.8462629378678267e-08,-2.2783150044679576e-08,-1.6566647080807693e-08,-9.76006950759211e-09,-2.2846057501622746e-09,-1.6112422476225063e-09,-9.682397202841638e-09,-1.706402144644211e-08,-2.3808821667331183e-08,-2.9957281911632036e-08,-3.553396493521198e-08,-4.055340829282215e-08,-4.5024514152587955e-08,-4.895319255805968e-08,-5.2343887232879085e-08,-5.5200447843604295e-08,-5.7526627737958245e-08,-5.9326367416258975e-08,-6.060395473180203e-08,-6.136411320810556e-08,-6.161204696038346e-08,-6.135345696983702e-08,-6.059453447993476e-08,-5.934193031591906e-08,-5.760269194174281e-08,-5.538415108258628e-08,-5.2693731191439053e-08,-4.953862194573301e-08,-4.592523062197815e-08,-4.185825609538932e-08,-3.733912099944782e-08,-3.236331399488693e-08,-2.6915923064281016e-08,-2.0964464110827353e-08,-1.4449907886096185e-08,-7.292402055608127e-09,-9.052200507661403e-11,6.560928542740065e-09,1.2734127044681957e-08,1.8483840090186824e-08,2.3842279718994546e-08,2.882731188870757e-08,3.34484950251265e-08,3.77107293035844e-08,4.1616379758584263e-08,4.516650220702386e-08,4.836155070550867e-08,5.120178541604159e-08,5.368750665004891e-08,5.5819187698621745e-08,5.7597548654517816e-08,5.902359592137175e-08,6.009864192749309e-08,6.082431360769166e-08,6.120255467526615e-08,6.123562463503667e-08,6.092609619428169e-08,6.027685193107661e-08,5.929108051369929e-08,5.797227228155873e-08,5.632421345747828e-08,5.435097750902377e-08,5.205691099964804e-08,4.944660933599809e-08,4.6524874574858624e-08,4.32966419626558e-08,3.9766852512376186e-08,3.594023281081748e-08,3.18209153028015e-08,2.741178347529299e-08,2.2713340933465604e-08,1.772175682205551e-08,1.2425510318819003e-08,6.799838767943676e-09,7.991661362255866e-10,-5.6391643119983924e-09,-1.2023503838108298e-08,-1.7823029695635333e-08,-2.3106138492889312e-08,-2.792423951028691e-08,-3.230662927596172e-08,-3.626797120426876e-08,-3.981427257394333e-08,-4.29466061890831e-08,-4.566332368632462e-08,-4.7961360302717655e-08,-4.9837004750477636e-08,-5.1286354672482334e-08,-5.2305586247152944e-08,-5.2891113076460764e-08,-5.303967837952435e-08,-5.274840611932311e-08,-5.2014825422842824e-08,-5.0836875203848964e-08,-4.9212890131997396e-08,-4.7141563377196526e-08,-4.4621874226747445e-08,-4.165295747695018e-08,-3.823387284216545e-08,-3.4363200330434606e-08,-3.003833098156409e-08,-2.5254225142147072e-08,-2.000125813682337e-08,-1.4261632333014634e-08,-8.004516393657117e-09,-1.1887191087651885e-09,0.0,-7.448169847257282e-09,-1.4344265661369097e-08,-2.069013430733037e-08,-2.6487903639851568e-08,-3.174001600985235e-08,-3.6449233192716906e-08,-4.0618634591460175e-08,-4.42516161036343e-08,-4.7351892023335445e-08,-4.9923500355826633e-08,-5.197081119506158e-08,-5.349853760494395e-08,-5.451174845171605e-08,-5.5015882726565615e-08,-5.5016765017673174e-08,-5.4520621915598237e-08,-5.353409925605255e-08,-5.2064280217097726e-08,-5.011870439308921e-08,-4.7705388063994564e-08,-4.483284596117328e-08,-4.151011488653436e-08,-3.7746779542474826e-08,-3.355300081433046e-08,-2.8939546388305298e-08,-2.391782271553153e-08,-1.8499905362082467e-08,-1.2698560302284184e-08,-6.527238744163339e-09,0.0,6.533856403838308e-09,1.2732468194315046e-08,1.8592783236293307e-08,2.411215189053892e-08,2.9288357475621022e-08,3.411960278989559e-08,3.860448371001541e-08,4.274196125978729e-08,4.6531336358744046e-08,4.9972228478325784e-08,5.3064558220407645e-08,5.580853337079094e-08,5.8204637847533945e-08,6.025362297285508e-08,6.195650056239911e-08,6.331453740790973e-08,6.432925081161524e-08,6.500240490606842e-08,6.533600755988967e-08,6.533230772823762e-08,6.499379315823271e-08,6.432318840574397e-08,6.332345316276842e-08,6.199778093595295e-08,6.03495981584713e-08,5.8382563861300433e-08,5.610057007771985e-08,5.3507743208237775e-08,5.060844663340015e-08,4.740728492938477e-08,4.390911011411998e-08,4.0119030423488693e-08,3.604242217193606e-08,3.168494525323271e-08,2.705256270606032e-08,2.2151564331600196e-08,1.6988593217514276e-08,1.1570671254568181e-08,5.90521312198724e-09,0.0,-5.852445516258835e-09,-1.1358460795789066e-08,-1.6508647033091154e-08,-2.1294109311360018e-08,-2.5706520028665407e-08,-2.973812277967423e-08,-3.338171436974947e-08,-3.66306193877319e-08,-3.9478663480029586e-08,-4.192014775659475e-08,-4.39498251308232e-08,-4.55628786776999e-08,-4.6754901801802336e-08,-4.7521879914761455e-08,-4.786017332526065e-08,-4.7766501093305156e-08,-4.7237925670605906e-08,-4.627183822998004e-08,-4.4865944674723524e-08,-4.3018252413013466e-08,-4.0727058082242674e-08,-3.799093651180708e-08,-3.480873131313396e-08,-3.117954756358535e-08,-2.7102747060735813e-08,-2.2577946459855436e-08,-1.7605018026400786e-08,-1.2184091130559562e-08,-6.315548560049171e-09,0.0
rx,-6.078282813723219e-07,-5.757221448510178e-07,-5.425849268367511e-07,-5.084299924121901e-07,-4.7327329326315634e-07,-4.3713111118135135e-07,-4.0001981831153356e-07,-3.619562273781998e-07,-3.229580899018608e-07,-2.8304457430542763e-07,-2.422366701162867e-07,-2.0055750823990462e-07,-1.5803260429296327e-07,-1.1469003780748382e-07,-7.056058139836798e-08,-2.5677793546672355e-08,1.992191228038176e-08,6.619921037818515e-08,1.131118063982424e-07,1.6061437146078858e-07,2.0865845737609155e-07,2.5719238530439136e-07,3.0616110393931757e-07,3.555060213958166e-07,4.051648321117288e-07,4.5507139594311935e-07,5.051558026486035e-07,5.5534491830885e-07,6.055640909520215e-07,6.557415181733873e-07,7.058197431922319e-07,6.721641254842757e-07,6.379342979725152e-07,6.031692214919572e-07,5.679145059744575e-07,5.32215113369993e-07,4.961139679638728e-07,4.596524670552588e-07,4.228715643229821e-07,3.858128828496599e-07,3.4851965348860446e-07,3.110374128465439e-07,2.734144545710331e-07,2.357020522461333e-07,1.9795448140823054e-07,1.6022887054117894e-07,1.2258491032277964e-07,8.508444868366129e-08,4.779099722799944e-08,1.0769172607329784e-08,-2.5915905329264925e-08,-6.219923832155563e-08,-9.801657842948537e-08,-1.3330504276783358e-07,-1.6800369709146872e-07,-2.0205409157612418e-07,-2.3540073230018883e-07,-2.6799147170213123e-07,-2.9977780061410605e-07,-3.307150233301344e-07,-3.60762295606871e-07,-3.8988250373558567e-07,-4.1804196144916555e-07,-4.4520990178850976e-07,-4.713577461503183e-07,-4.96458149186809e-07,-5.204838611736885e-07,-5.434065536666173e-07,-5.651960153126912e-07,-5.858207347152126e-07,-6.052530136495033e-07,-5.603865175669137e-07,-5.156785943719393e-07,-4.7117283630777595e-07,-4.2692374045046247e-07,-3.8298797391290466e-07,-3.394210500059498e-07,-2.9627603021002574e-07,-2.5360310824813374e-07,-2.1144956129999893e-07,-1.6985984271424946e-07,-1.2887571481999676e-07,-8.853637826018482e-08,-4.8878581567350205e-08,-9.93670774705377e-09,2.825715919523702e-08,6.567318197978737e-08,1.0228372489423986e-07,1.380633079132365e-07,1.7298855172283984e-07,2.0703810468708034e-07,2.4019254209553297e-07,2.724342273236078e-07,3.0374712422538986e-07,3.3411655108451913e-07,3.635288709604463e-07,3.919711263701962e-07,4.1943065990204864e-07,4.4589485028459534e-07,4.7135130315742574e-07,4.957896001198713e-07,-6.687646759813783e-07,-6.271583280537028e-07,-5.870248311982055e-07,-5.480418844774502e-07,-5.098948980674113e-07,-4.720184765724213e-07,-4.338993326496023e-07,-3.9516033636062227e-07,-3.555514852192791e-07,-3.1491972943108893e-07,-2.7318019003681514e-07,-2.3029394589803658e-07,-1.8625207072109403e-07,-1.4106435535883157e-07,-9.475115052006174e-08,-4.733703900522971e-08,1.1547070371648294e-09,5.070778787372626e-08,1.0131953790193634e-07,1.5300956262981407e-07,2.058315281740897e-07,2.598895579495102e-07,3.1536091621273383e-07,3.725264328873968e-07,4.3180827302248696e-07,4.938079975232933e-07,5.593176751829825e-07,6.292245054517371e-07,7.041025562840633e-07,7.832794140178013e-07,8.666739117165443e-07,8.047553999282369e-07,7.485093623022045e-07,6.976180057097469e-07,6.515524238964744e-07,6.088817345876792e-07,5.681957153488245e-07,5.284022364183157e-07,4.887421251432392e-07,4.487274090186344e-07,4.0807266925107356e-07,3.6663869356867466e-07,3.243905021441901e-07,2.8136721479082383e-07,2.3766062802746962e-07,1.933998892805656e-07,1.4874033967539417e-07,1.0385517919217068e-07,5.8929042464375296e-08,1.4152878216169426e-08,-3.028027002441169e-08,-7.417885372068454e-08,-1.1735597579019035e-07,-1.5963227672162165e-07,-2.008387157886917e-07,-2.408194491414859e-07,-2.794350800591369e-07,-3.1656667617680976e-07,-3.5212112942216855e-07,-3.8603869923204587e-07,-4.183039562136158e-07,-4.489618540979292e-07,-4.781412803948969e-07,-5.06088983508251e-07,-5.332165336472812e-07,-5.601597292241112e-07,-5.878369624771246e-07,-6.174540412775747e-07,-6.502957042899505e-07,-6.870347967480645e-07,-7.2827464953969e-07,-6.582008915516025e-07,-5.914700778251166e-07,-5.282165501732385e-07,-4.6897055060359603e-07,-4.133013453439582e-07,-3.6053634911811474e-07,-3.100738637177115e-07,-2.614564425945225e-07,-2.1436277106918694e-07,-1.6857887586671094e-07,-1.2396947803034676e-07,-8.045489344924968e-08,-3.79938001939025e-08,3.4292247646049513e-09,4.3812672814940673e-08,8.314467908537159e-08,1.214081008641638e-07,1.5858484153378668e-07,1.946600920925371e-07,2.296271813506885e-07,2.6349383544171765e-07,2.962908380646359e-07,3.2808429686554044e-07,3.5899272935286325e-07,3.892092467131182e-07,4.1902495116035076e-07,4.4883652118586287e-07,4.790834913230558e-07,5.100222251217735e-07,5.419475787950956e-07,-7.298095437357268e-07,-6.762952352070889e-07,-6.290652751134096e-07,-5.860864809088809e-07,-5.456016657939222e-07,-5.063278699607798e-07,-4.673076813874583e-07,-4.2786675674471e-07,-3.8755590416631495e-07,-3.460915746503721e-07,-3.033060561554962e-07,-2.591097515264848e-07,-2.1346385814194697e-07,-1.6636075481011856e-07,-1.1780955797750793e-07,-6.782473892863343e-08,-1.641606593484804e-08,3.642164884421257e-08,9.072047953259291e-08,1.4655460751937607e-07,2.0406073461290275e-07,2.6346596790665395e-07,3.251257433182411e-07,3.8957403664216457e-07,4.575859410845182e-07,5.30245995470299e-07,6.090004640817979e-07,6.956511338427999e-07,7.922887455012397e-07,9.01778292173668e-07,1.0279096833536022e-06,9.298468641393597e-07,8.511313800540335e-07,7.866212777658397e-07,7.318688741879915e-07,6.834802642478337e-07,6.38792654864884e-07,5.95845228200321e-07,5.53278027423873e-07,5.102015907638467e-07,4.6607734492879625e-07,4.2062216650792096e-07,3.737369520688656e-07,3.2545465085090714e-07,2.75902768450307e-07,2.2527617642874308e-07,1.7381710108739773e-07,1.2180006509860622e-07,6.952024402617647e-08,1.7284193166375538e-08,-3.45977625303017e-08,-8.581796464403926e-08,-1.3607704570086948e-07,-1.8508904873615317e-07,-2.325863548283068e-07,-2.7832479545264863e-07,-3.220894534445508e-07,-3.6370185945480976e-07,-4.03029592714442e-07,-4.39999727954718e-07,-4.746181722082996e-07,-5.06997732075817e-07,-5.373987057348113e-07,-5.662866594162951e-07,-5.944120285470573e-07,-6.229131970154807e-07,-6.534345116901394e-07,-6.882294697627604e-07,-7.302127443706268e-07,-7.832224637978404e-07,-8.515888251664623e-07,-7.489551161303939e-07,-6.591696959581644e-07,-5.793645830505022e-07,-5.073805141173721e-07,-4.416352795757917e-07,-3.8076163504628615e-07,-3.2366064535385393e-07,-2.695075087261113e-07,-2.1771228878604985e-07,-1.678681873127251e-07,-1.1970407416078144e-07,-7.304636286113613e-08,-2.7790197895915403e-08,1.612174348548539e-08,5.871478005452579e-08,9.99938168554583e-08,1.399524420591798e-07,1.785807585882998e-07,2.1587308052451654e-07,2.518366569191969e-07,2.86502751776614e-07,3.1994169870775644e-07,3.522838824663941e-07,3.8374872998163704e-07,4.14683040858619e-07,4.456069314918319e-07,4.772589814803433e-07,5.106305771526536e-07,5.470840989285891e-07,5.881884301986712e-07,-7.909960161067403e-07,-7.29617003702805e-07,-6.769998922025864e-07,-6.307289624941278e-07,-5.88260747510766e-07,-5.477045443837e-07,-5.077297571117216e-07,-4.6741660109338987e-07,-4.2614823028429975e-07,-3.835264022420981e-07,-3.3930636276549933e-07,-2.933480107602874e-07,-2.4557998297658605e-07,-1.9597323224983867e-07,-1.4452104187465942e-07,-9.122290114838463e-08,-3.6070065834323525e-08,2.096913681308831e-08,7.996614472301048e-08,1.4105314640572522e-07,2.0445048449168697e-07,2.705030698135823e-07,3.3972858638085544e-07,4.128799100419943e-07,4.91022579641412e-07,5.756248677862527e-07,6.68656018425815e-07,7.727038187448492e-07,8.912189627839178e-07,1.0287814564434004e-06,1.189741477252929e-06,1.0655693879782708e-06,9.683151589366328e-07,8.916969849039589e-07,8.289910252293783e-07,7.750528620437889e-07,7.261206105082071e-07,6.794909976200474e-07,6.332865531129676e-07,5.862630478816519e-07,5.376522670249944e-07,4.870388399852e-07,4.342668779230574e-07,3.7937048313032454e-07,3.2252230815044556e-07,2.639952875466182e-07,2.041337868599609e-07,1.433314176384054e-07,8.201356573554482e-08,2.0623272458098463e-08,-4.039047566178102e-08,-1.0058271875720484e-07,-1.595212671310965e-07,-2.1679465888526103e-07,-2.7201978729874835e-07,-3.248497432173515e-07,-3.749825883427397e-07,-4.221720403649688e-07,-4.6624143303466184e-07,-5.071028440220286e-07,-5.447839926258566e-07,-5.79466412337165e-07,-6.11539450714864e-07,-6.416756346355174e-07,-6.709333598289527e-07,-7.008918998284607e-07,-7.338214318709128e-07,-7.728919533151534e-07,-8.224533156944344e-07,-8.881784012467024e-07,-9.753585047433077e-07,-8.461686518566824e-07,-7.349946266959238e-07,-6.385334591106488e-07,-5.533076454126559e-07,-4.76698064853323e-07,-4.0673895317909746e-07,-3.419332592795477e-07,-2.8116398673393326e-07,-2.2361991737295157e-07,-1.6872735045481865e-07,-1.1609131683595247e-07,-6.544817880164415e-08,-1.6629001790052472e-08,3.0468131266167104e-08,7.589897008744148e-08,1.1968907961570166e-07,1.61846679836046e-07,2.0237387031511633e-07,2.4127767763269766e-07,2.785824075758455e-07,3.1434496716341384e-07,3.4867512950617575e-07,3.8176308759893274e-07,4.1391693163375913e-07,4.4561264417084516e-07,4.775589039857559e-07,5.107800470895451e-07,5.467308730978836e-07,5.873653991797579e-07,6.345376878295671e-07,-8.523467395145305e-07,-7.872424669565629e-07,-7.317513425038676e-07,-6.834073415632216e-07,-6.394834938368727e-07,-5.978119444095204e-07,-5.568261073326952e-07,-5.154314963609513e-07,-4.7288201633288833e-07,-4.286843098342407e-07,-3.8252482769780803e-07,-3.3421466295130985e-07,-2.8364801974800113e-07,-2.3077072716304655e-07,-1.7555566702426664e-07,-1.1798241501549976e-07,-5.8018737730188905e-08,4.3981988030961e-09,6.938298532134195e-08,1.3712763022939838e-07,2.0793401723304068e-07,2.82255602212111e-07,3.607507796890009e-07,4.443499612840222e-07,5.343375951821398e-07,6.32450148776997e-07,7.409952197131169e-07,8.630127949514351e-07,1.0024648616787326e-06,1.1641557788533625e-06,1.352338579071735e-06,1.212477983113879e-06,1.1029513141369069e-06,1.0171682790384364e-06,9.477189046654244e-07,8.885486360373144e-07,8.351346874593424e-07,7.842079471722572e-07,7.334743099929715e-07,6.813921370826973e-07,6.269956277401872e-07,5.697560975153433e-07,5.094745555072684e-07,4.461993734214395e-07,3.8016336986982293e-07,3.117354951147485e-07,2.4138328508952716e-07,1.6964317780235475e-07,9.709656051179903e-08,2.435001828817869e-08,-4.7981307559255826e-08,-1.1928804868212317e-07,-1.8897925225592156e-07,-2.564938954383023e-07,-3.213118557926577e-07,-3.8296503503639556e-07,-4.4104953681160564e-07,-4.952401022370491e-07,-5.453084259831632e-07,-5.911475301196964e-07,-6.328050781238632e-07,-6.705293614440992e-07,-7.048326317917306e-07,-7.365773534890892e-07,-7.670916296869442e-07,-7.983205450068639e-07,-8.330208823734697e-07,-8.750061199978662e-07,-9.293879094649165e-07,-1.002430401471276e-06,-1.0997104837329582e-06,-9.497530678876625e-07,-8.201850179811122e-07,-7.077727083644127e-07,-6.088632237923085e-07,-5.204445161771598e-07,-4.4020522094395747e-07,-3.663900315140859e-07,-2.9767731397981505e-07,-2.330887729184776e-07,-1.719151166944374e-07,-1.1365379540704374e-07,-5.795805164467498e-08,-4.596363578701158e-09,4.6579262890723834e-08,9.565799487250519e-08,1.4268972004654905e-07,1.8770118295673932e-07,2.30710338283904e-07,2.717405030691465e-07,3.108359441346728e-07,3.480807014428481e-07,3.8362271208110926e-07,4.1770562890632046e-07,4.5071107735527016e-07,4.832144983978818e-07,5.160583338737735e-07,5.504465234041925e-07,5.880424811872483e-07,6.309354606821498e-07,6.810127943373419e-07,-9.138722123224533e-07,-8.485671987164815e-07,-7.925483459170721e-07,-7.435144811886371e-07,-6.988358435332123e-07,-6.563212348679144e-07,-6.143222714042783e-07,-5.71654506642716e-07,-5.274912568095667e-07,-4.812718032566519e-07,-4.326286519460859e-07,-3.8133090035366037e-07,-3.2724026497739345e-07,-2.702766148950796e-07,-2.1039018404637325e-07,-1.47537926334625e-07,-8.166171680203131e-08,-1.2666266770082647e-08,5.96052968837183e-08,1.3540022143758804e-07,2.1509132248171582e-07,2.9922055770775274e-07,3.885527297239417e-07,4.841406289148638e-07,5.874025281879843e-07,7.002134273577958e-07,8.250136652429656e-07,9.649313142224213e-07,1.123857495880444e-06,1.306232909285229e-06,1.515816503865117e-06,1.369287756810989e-06,1.2535260608158086e-06,1.162166408615684e-06,1.0878168010824329e-06,1.0241598268797306e-06,9.663015257057573e-07,9.106229602609219e-07,8.545428817179158e-07,7.963030917265326e-07,7.347919440480721e-07,6.694020609550931e-07,5.999167985641018e-07,5.264202404949108e-07,4.49225948125434e-07,3.688202991925022e-07,2.8581696383895495e-07,2.0091979539119595e-07,1.1489206883181555e-07,2.8530538304483477e-08,-5.735680848702186e-08,-1.4197014360118921e-07,-2.2453502555919533e-07,-3.043180927491049e-07,-3.806419012108926e-07,-4.528997194487662e-07,-5.205713171448323e-07,-5.832411012505811e-07,-6.406203677719908e-07,-6.925759551049506e-07,-7.391682004658791e-07,-7.807017900423457e-07,-8.177938007843801e-07,-8.514638759172892e-07,-8.832519864290163e-07,-9.153694179400954e-07,-9.508868183463261e-07,-9.939455816978283e-07,-1.0498968303039163e-06,-1.1250181688666444e-06,-1.2247285149103753e-06,-1.0584366124855205e-06,-9.130930175263127e-07,-7.85838364557839e-07,-6.732939701053862e-07,-5.724994118284594e-07,-4.810745431315133e-07,-3.9716192330581037e-07,-3.193336659080845e-07,-2.465089338685831e-07,-1.778846562324748e-07,-1.128766758725909e-07,-5.107025746951467e-08,7.820734236132112e-09,6.398697762783425e-08,1.175504846562031e-07,1.6858653756001553e-07,2.1714231830739812e-07,2.6325377708587376e-07,3.0696230037382213e-07,3.483328032130499e-07,3.874749965587017e-07,4.245697625385526e-07,4.599027898543818e-07,4.939078631663076e-07,5.272224038274159e-07,5.607574395136851e-07,5.957782499157478e-07,6.339637118115652e-07,6.773254377943366e-07,7.276219119577617e-07,-9.75572706864503e-07,-9.129014152754646e-07,-8.583789884542869e-07,-8.099708652304685e-07,-7.652936283366931e-07,-7.222828808015723e-07,-6.79327954299591e-07,-6.35234885349798e-07,-5.891478621660083e-07,-5.40471400913126e-07,-4.88804108939527e-07,-4.338847333265349e-07,-3.7554866033177725e-07,-3.136925967187403e-07,-2.4824516606509316e-07,-1.791412514683059e-07,-1.0629803280934227e-07,-2.9590775164871153e-08,5.117348098385568e-08,1.3628608120863804e-07,2.261723840729395e-07,3.21434222818434e-07,4.2290016745634454e-07,5.316840108991139e-07,6.492513820421576e-07,7.774939563720937e-07,9.188081353591889e-07,1.0761613588747328e-06,1.253084087244133e-06,1.4534031345803847e-06,1.68024706116399e-06,1.5345336367515396e-06,1.4179736245138937e-06,1.324667179572107e-06,1.2476027031615248e-06,1.1805718586406845e-06,1.1186103654418778e-06,1.0579557184325325e-06,9.958772126757116e-07,9.304944329108927e-07,8.606160793330126e-07,7.856039496723303e-07,7.052601351234248e-07,6.197341674451458e-07,5.294467089986788e-07,4.350266012867673e-07,3.3725849624591467e-07,2.370387864426453e-07,1.3533804104538798e-07,3.3168584933358764e-08,-6.844380445838406e-08,-1.6848487709978235e-07,-2.65974237835226e-07,-3.599856694407176e-07,-4.496661699319765e-07,-5.342545790010907e-07,-6.131009043675097e-07,-6.8568776988188e-07,-7.516557882254117e-07,-8.108351020224243e-07,-8.632858171547042e-07,-9.093505322979321e-07,-9.49722588381325e-07,-9.855339334712816e-07,-1.018466432962557e-06,-1.0508892855460751e-06,-1.086019221987493e-06,-1.1280768321227885e-06,-1.1823397371663381e-06,-1.254785964957249e-06,-1.3504608905852863e-06,-1.1709865382226894e-06,-1.0119522447020516e-06,-8.709774637997924e-07,-7.451493512300794e-07,-6.317803433852001e-07,-5.286110549758917e-07,-4.3381624687506555e-07,-3.4595433595340943e-07,-2.639075795590205e-07,-1.8682569546207888e-07,-1.1407525423609413e-07,-4.519523129587301e-08,2.014121078578493e-08,8.215903011607901e-08,1.4100843488291093e-07,1.967878729159816e-07,2.495641068210901e-07,2.9939070720263935e-07,3.4632637024566737e-07,3.9045453777629156e-07,4.319058799268807e-07,4.708852870230498e-07,5.077050866009661e-07,5.428261914926664e-07,5.769085324777025e-07,6.108701602033717e-07,6.459466280570378e-07,6.837183495594354e-07,7.260068525306574e-07,7.743654107519306e-07,-1.0374404072228376e-06,-9.7962983444578e-07,-9.282856578570196e-07,-8.816770642873817e-07,-8.377336570363279e-07,-7.946032916983801e-07,-7.507936113670649e-07,-7.05165780459576e-07,-6.56882128213382e-07,-6.053455215719826e-07,-5.501432273509274e-07,-4.909985458819038e-07,-4.277301081151612e-07,-3.6021760797147763e-07,-2.883723810513837e-07,-2.121111343118405e-07,-1.3133112972012152e-07,-4.588517991005514e-08,4.444508634110506e-08,1.399790742681213e-07,2.411713293873858e-07,3.486506656126848e-07,4.632645456745962e-07,5.861282479049288e-07,7.186774587843414e-07,8.627212990685202e-07,1.0204882926013973e-06,1.1946450669000572e-06,1.3882350286854251e-06,1.6044105176571466e-06,1.8456685841491722e-06,1.706967373019456e-06,1.5944051858112596e-06,1.5026276131928323e-06,1.425157609989834e-06,1.3561030104315859e-06,1.2906299176027228e-06,1.2249982243742863e-06,1.156454730825488e-06,1.0830923237729123e-06,1.003712424412078e-06,9.177017378258243e-07,8.249252261203503e-07,7.256343031625318e-07,6.2038835701073e-07,5.099875153883694e-07,3.954146895419825e-07,2.7778520399247726e-07,1.583026455943549e-07,3.8219875456794873e-08,-8.119560323901211e-08,-1.9869256380759506e-07,-3.1306383206406317e-07,-4.2317151153730357e-07,-5.279703550464586e-07,-6.265301598924898e-07,-7.180583077705646e-07,-8.019238662039094e-07,-8.776850012303639e-07,-9.451218004396918e-07,-1.004276939443348e-06,-1.0555068951409128e-06,-1.0995465424876575e-06,-1.137589835753304e-06,-1.1713885266671577e-06,-1.2033683574668342e-06,-1.2367543438272882e-06,-1.2756742580859177e-06,-1.325147745388131e-06,-1.390704391400238e-06,-1.4769283232647706e-06,-1.286437346660318e-06,-1.1153000100726566e-06,-9.616156602423125e-07,-8.229837670120118e-07,-6.970861632506325e-07,-5.818910572525336e-07,-4.756997278078851e-07,-3.771323119167692e-07,-2.8509286979885985e-07,-1.9872909354473205e-07,-1.1739234054295327e-07,-4.060025552387734e-08,3.1996988037476954e-08,1.0064647242248983e-07,1.655185192148056e-07,2.2672945153891713e-07,2.843619998194168e-07,3.384844024553009e-07,3.8916937196573263e-07,4.3651417251765654e-07,4.806630948370061e-07,5.218336096466556e-07,5.603473929695384e-07,5.966671307011075e-07,6.314391393872726e-07,6.65539239255573e-07,7.00112089607002e-07,7.3657516205133e-07,7.765100665978178e-07,8.212375071536638e-07,-1.0994612640372888e-06,-1.0482343149442994e-06,-1.0014332385198952e-06,-9.576309036578284e-07,-9.150894081916712e-07,-8.722111405109301e-07,-8.276726440146416e-07,-7.804376576262862e-07,-7.297260153691575e-07,-6.749694114586466e-07,-6.157664275407241e-07,-5.518413283589995e-07,-4.830077676651742e-07,-4.0913710311185244e-07,-3.301303908321569e-07,-2.4589285613459033e-07,-1.5630953725673996e-07,-6.12208084455772e-08,3.9603413409214134e-08,1.464917827078064e-07,2.599026575658857e-07,3.8045849926542864e-07,5.089831662478993e-07,6.465408935671922e-07,7.944745312400648e-07,9.544384541102643e-07,1.128417023036202e-06,1.3187095803852041e-06,1.527842422630675e-06,1.7583267582164735e-06,2.0120940629657243e-06,1.8855970299200463e-06,1.7812577291412763e-06,1.6942590835654512e-06,1.6186987203524731e-06,1.549101129622653e-06,1.4808885454572408e-06,1.4104656742405627e-06,1.3351633112634276e-06,1.2531357190459416e-06,1.163248726450598e-06,1.0649724034444531e-06,9.58282925721673e-07,8.435745597397736e-07,7.215812532273056e-07,5.933067939622065e-07,4.5996239752680564e-07,3.229106888796393e-07,1.8361523452571706e-07,4.3594983902057576e-08,-9.56168609356372e-08,-2.3250993871829894e-07,-3.6563017053817536e-07,-4.936100111143299e-07,-6.151961216714755e-07,-7.292752870546467e-07,-8.348996544145502e-07,-9.313126512606637e-07,-1.0179772255592703e-06,-1.0946083127283333e-06,-1.1612116366785416e-06,-1.2181310406713433e-06,-1.2661064325680115e-06,-1.3063439485676748e-06,-1.340598671035552e-06,-1.3712670700774598e-06,-1.4014784413519084e-06,-1.4351547923601336e-06,-1.4769583920526103e-06,-1.531914227509737e-06,-1.6041303372170364e-06,-1.4040716251546751e-06,-1.2220085347318159e-06,-1.056470021094599e-06,-9.055424955059619e-07,-7.673001307708359e-07,-6.399893649582284e-07,-5.220960362268991e-07,-4.1235688244445104e-07,-3.0974555273648444e-07,-2.134476134827949e-07,-1.2283148576304165e-07,-3.7418800403381284e-08,4.314398520348814e-08,1.191117880326341e-07,1.90664632468399e-07,2.5792910146824156e-07,3.2099803329772296e-07,3.799492238792661e-07,4.34864039926948e-07,4.858469213039637e-07,5.33046755735573e-07,5.766810293334198e-07,6.170634414312273e-07,6.54635185381523e-07,6.899989882116054e-07,7.239524335333438e-07,7.575110944638511e-07,7.918978889781738e-07,8.284404588128924e-07,8.682276802301186e-07,-1.1616164937760224e-06,-1.1182869813230686e-06,-1.0771133309888668e-06,-1.0369538090941882e-06,-9.9639658177462e-07,-9.541138987803021e-07,-9.089798754759589e-07,-8.600934479367305e-07,-8.067626195118228e-07,-7.484740292842658e-07,-6.848585942217431e-07,-6.156579494401118e-07,-5.406934982427712e-07,-4.5983842740076944e-07,-3.7299230022157057e-07,-2.800574654573829e-07,-1.8091635494388263e-07,-7.540871750173507e-08,3.66920743705967e-08,1.5570430677434124e-07,2.820651297632635e-07,4.1635954439832936e-07,5.593503740021025e-07,7.120075180426296e-07,8.75533463463953e-07,1.0513798843324328e-06,1.2412464045447172e-06,1.4470459343318286e-06,1.6708093482337864e-06,1.9144814000309962e-06,2.1795171210698114e-06,2.069657073393215e-06,1.9772859708398766e-06,1.8980757959457397e-06,1.8266795685830513e-06,1.7580748321071252e-06,1.6880123066155485e-06,1.6131270278661538e-06,1.5309179201908952e-06,1.4396767950806237e-06,1.338400323239004e-06,1.2266991856698016e-06,1.1047102726307918e-06,9.730141020481614e-07,8.32557986903561e-07,6.845847945462696e-07,5.305669197821506e-07,3.721451019136453e-07,2.1107182205733647e-07,4.915913773315183e-08,-1.1176910650311891e-07,-2.699207408935084e-07,-4.2357452087058635e-07,-5.71115426689272e-07,-7.11066481242471e-07,-8.421178076825114e-07,-9.63153923387006e-07,-1.073280540377711e-06,-1.1718523892238447e-06,-1.258503774532746e-06,-1.3331836679808177e-06,-1.396197095684219e-06,-1.4482542911344397e-06,-1.490528386943297e-06,-1.5247209173615198e-06,-1.5531311888681345e-06,-1.57871846112924e-06,-1.6051293787026457e-06,-1.6366223011553988e-06,-1.6777118032495609e-06,-1.7320500826512179e-06,-1.52336725519545e-06,-1.3312316880007221e-06,-1.1545338740373097e-06,-9.917901506662533e-07,-8.414504389705098e-07,-7.020539362378055e-07,-5.723018800809162e-07,-4.510840573064262e-07,-3.3747982392742217e-07,-2.3074551999355643e-07,-1.302950786574356e-07,-3.5677765182530615e-08,5.3444650817913676e-08,1.3731999319726652e-07,2.161264374472225e-07,2.899918179790568e-07,3.590117344118816e-07,4.232669552682288e-07,4.828407699277006e-07,5.378370057047047e-07,5.883994051677176e-07,6.34732929529839e-07,6.77127264181518e-07,7.159822315583647e-07,7.518337037401497e-07,7.853763911249708e-07,8.174753111476656e-07,8.491476823481711e-07,8.814726878079987e-07,9.153218140119724e-07,-1.2238837635288373e-06,-1.1894359948192589e-06,-1.1547311594378413e-06,-1.1188877581654008e-06,-1.0808014021271804e-06,-1.0394139196166814e-06,-9.938108389313268e-07,-9.43247250982825e-07,-8.871419670224424e-07,-8.250577343816782e-07,-7.5667612574755e-07,-6.817713830437356e-07,-6.001852086168827e-07,-5.118032169209983e-07,-4.165330336426141e-07,-3.142836283177824e-07,-2.0494527245448672e-07,-8.836946850133836e-08,3.5651729930080825e-08,1.6740739437431912e-07,3.0729046538999264e-07,4.5582117466971146e-07,6.136701190666428e-07,7.81679083606539e-07,9.608764703732145e-07,1.1524823678736839e-06,1.3578955760879106e-06,1.5786509158546939e-06,1.8163294244949723e-06,2.072395249955838e-06,2.3479162597244044e-06,2.25856414321833e-06,2.1815166936113334e-06,2.1128742754328034e-06,2.0478006536865073e-06,1.981727342886382e-06,1.9107706493417593e-06,1.8318527491820776e-06,1.7427043233832764e-06,1.6418175970674961e-06,1.5283787038427973e-06,1.4021922952987775e-06,1.2636043118584413e-06,1.1134255827979839e-06,9.52857408667466e-07,7.834196232308537e-07,6.068814139808736e-07,4.2519517600017845e-07,2.4043375077350825e-07,5.4731475459445856e-08,-1.2977051293420093e-07,-3.1097433682803775e-07,-4.868705695488991e-07,-6.55578555286681e-07,-8.153821369224518e-07,-9.647613822994176e-07,-1.1024212095348602e-06,-1.2273180925299858e-06,-1.3386862519918595e-06,-1.4360648776844931e-06,-1.5193279518834715e-06,-1.5887181057876395e-06,-1.6448855611299899e-06,-1.6889324366937718e-06,-1.7224612183675572e-06,-1.7476233029328008e-06,-1.7671575618595744e-06,-1.784395439884355e-06,-1.8031756215709482e-06,-1.8275199458013676e-06,-1.860657871659099e-06,-1.6439469596889116e-06,-1.442344051712622e-06,-1.2550329514513524e-06,-1.08089432804809e-06,-9.187189923103507e-07,-7.673324550563149e-07,-6.256635363565177e-07,-4.927770115182847e-07,-3.678835739743763e-07,-2.503360209508581e-07,-1.3961752284224063e-07,-3.532576170914098e-08,6.284466502479008e-08,1.5512012398051393e-07,2.4166532354407636e-07,3.225998892553064e-07,3.980141858134262e-07,4.679846747304142e-07,5.325892413088995e-07,5.919229800419478e-07,6.461148896964883e-07,6.953457788873156e-07,7.398673747513001e-07,7.800220720395226e-07,8.162617857743029e-07,8.491626340374036e-07,8.794288947920222e-07,9.078727569152921e-07,9.353396112011701e-07,9.62503098757425e-07,-1.2862381208752043e-06,-1.2613908255556839e-06,-1.2337876324627423e-06,-1.202781786083472e-06,-1.1675539613755647e-06,-1.1273075448228549e-06,-1.08134413187814e-06,-1.0290874458388647e-06,-9.700829888644445e-07,-9.039859103730812e-07,-8.305435158945323e-07,-7.495758955391723e-07,-6.609564916389773e-07,-5.645934157905793e-07,-4.6041170483286025e-07,-3.483363391701159e-07,-2.2827565831944146e-07,-1.001047542241408e-07,3.635151820039688e-08,1.813361070362314e-07,3.351778190144364e-07,4.983093678058444e-07,6.712843503706314e-07,8.547913166250986e-07,1.0496620578349295e-06,1.2568698521988693e-06,1.4775116289947789e-06,1.712765912892203e-06,1.9638161866050884e-06,2.231727069150849e-06,2.5172578032058345e-06,2.451874608892713e-06,2.3931952446785203e-06,2.33769076679963e-06,2.2809858298206034e-06,2.2189505192834782e-06,2.1480824357073294e-06,2.065626862860744e-06,1.969592518735004e-06,1.8587218875477266e-06,1.7324402294336087e-06,1.590793992910688e-06,1.4343837115726257e-06,1.2642939095120062e-06,1.082021386002967e-06,8.894027989017727e-07,6.885423736274082e-07,4.817406337305637e-07,2.714251556792125e-07,6.008441400418044e-08,-1.4979424456942265e-07,-3.5578159801900964e-07,-5.555578629337268e-07,-7.469580022713864e-07,-9.280110850458975e-07,-1.096974148194215e-06,-1.252361375624602e-06,-1.3929697136782658e-06,-1.5179022593668806e-06,-1.626590866027049e-06,-1.71881938862104e-06,-1.7947488069396829e-06,-1.8549450637146928e-06,-1.900409725509706e-06,-1.9326122857810435e-06,-1.9535205592912876e-06,-1.9656208476782364e-06,-1.971908695468997e-06,-1.9758030744189875e-06,-1.9808580616121827e-06,-1.989913752278432e-06,-1.7655379595752769e-06,-1.5548873856215123e-06,-1.3573791008494139e-06,-1.1721961284269308e-06,-9.98430184395893e-07,-8.351763872095158e-07,-6.815918670013877e-07,-5.369279368139402e-07,-4.005437534818465e-07,-2.7190768704780043e-07,-1.5059100941615717e-07,-3.625715464090814e-08,7.135125533741563e-08,1.7242621830916436e-07,2.6710817792873183e-07,3.554994850988672e-07,4.376774227936368e-07,5.137069350056092e-07,5.836533260953953e-07,6.475952399836732e-07,7.056381853486029e-07,7.579287274753377e-07,8.046691870827882e-07,8.461322135239609e-07,8.826738335581578e-07,9.147423203160121e-07,9.428780005588987e-07,9.676945311149147e-07,9.898209428613427e-07,1.009752737300462e-06,-1.3486527249731053e-06,-1.3339087227437753e-06,-1.313860677840552e-06,-1.2880743955801451e-06,-1.2559945557388389e-06,-1.2170756020441336e-06,-1.170834915446712e-06,-1.1168716243423115e-06,-1.0548684700375685e-06,-9.845848583741952e-07,-9.058454699261912e-07,-8.185269477534725e-07,-7.225440842640719e-07,-6.178362169880426e-07,-5.043540778234698e-07,-3.8204705139512113e-07,-2.508506420936296e-07,-1.1067389927215625e-07,3.861340795203378e-08,1.971939441502475e-07,3.653161425300073e-07,5.433072431852181e-07,7.315850977575199e-07,9.306671911482686e-07,1.1411745404768081e-06,1.3638271652427932e-06,1.5994267570613763e-06,1.848821227833299e-06,2.112845397707e-06,2.3922329001937733e-06,2.687497899668131e-06,2.6492470111649287e-06,2.6117331003881246e-06,2.5717513015680816e-06,2.525343668912421e-06,2.4687993734332757e-06,2.3990015888936368e-06,2.3135403150329006e-06,2.2107345336650696e-06,2.089614832950624e-06,1.949885997912438e-06,1.7918776510707695e-06,1.616486615688014e-06,1.4251129014366425e-06,1.2195905674326527e-06,1.0021146086341883e-06,7.751651542040797e-07,5.414304918033067e-07,3.037306266045676e-07,6.494317224061226e-08,-1.7206668977691427e-07,-4.0451066628540356e-07,-6.297350711264823e-07,-8.452711172266544e-07,-1.0488776051261692e-06,-1.2385763340262781e-06,-1.4126810047529652e-06,-1.5698207290189245e-06,-1.7089594816113303e-06,-1.8294129195249141e-06,-1.9308639391658323e-06,-2.013378141725015e-06,-2.07742000368374e-06,-2.1238699404228248e-06,-2.154041449988475e-06,-2.1696957359384986e-06,-2.173047541916096e-06,-2.1667471561047127e-06,-2.1537997989147536e-06,-2.1373146524227953e-06,-2.1197693850372176e-06,-1.8879412743940287e-06,-1.6685269391323434e-06,-1.4611281173487428e-06,-1.2651777679741814e-06,-1.0800311140656487e-06,-9.050332163220675e-07,-7.395644023691989e-07,-5.830674040342146e-07,-4.3506062003628536e-07,-2.9514158081241555e-07,-1.6298395861628593e-07,-3.833064925997614e-08,7.901528658879725e-08,1.8920063771068326e-07,2.9233229397450837e-07,3.884873659351277e-07,4.777230545832171e-07,5.600863233506843e-07,6.356235226062074e-07,7.043901472772898e-07,7.664608684753128e-07,8.219398597988102e-07,8.709712183317358e-07,9.137489268878295e-07,9.505252652781755e-07,9.816157494115783e-07,1.0073972767862502e-06,1.028293310936288e-06,1.0447328867228304e-06,1.0570504996351918e-06,-1.4110994269625815e-06,-1.4067826296749315e-06,-1.3945871436962471e-06,-1.3742744195473865e-06,-1.3455363767695492e-06,-1.308068917415036e-06,-1.2616029980713322e-06,-1.2059164049562811e-06,-1.1408356195626426e-06,-1.0662322591264322e-06,-9.820165960883315e-07,-8.88129666945136e-07,-7.845348673998437e-07,-6.712095119826781e-07,-5.481365488650647e-07,-4.1529643386166195e-07,-2.72659061861704e-07,-1.2017561637827627e-07,4.222977771570924e-08,2.146686270515685e-07,3.9729674372100295e-07,5.9032266493404e-07,7.940151403121643e-07,1.008708580308799e-06,1.2348048221070306e-06,1.472768953604085e-06,1.7231163405765686e-06,1.9863876427087963e-06,2.263108888698056e-06,2.5537354247992806e-06,2.8585838524750965e-06,2.8504091159624873e-06,2.8366585027424675e-06,2.8144197156816766e-06,2.780121390503562e-06,2.7304555652756355e-06,2.6626903972906726e-06,2.5747725596868086e-06,2.4653521751560133e-06,2.333774879557535e-06,2.180056176077185e-06,2.0048433181545717e-06,1.8093666399432038e-06,1.5953812875989065e-06,1.3651002559094932e-06,1.121119968458806e-06,8.663401102049656e-07,6.038798802294114e-07,3.369931725932347e-07,6.898533996284635e-08,-1.9686589136059205e-07,-4.5738310525456635e-07,-7.09553742880234e-07,-9.505854203086325e-07,-1.1779516130758096e-06,-1.3894279576763887e-06,-1.5831199699614345e-06,-1.7574833813346594e-06,-1.9113385255279956e-06,-2.043880273903915e-06,-2.154684933051086e-06,-2.243715307043058e-06,-2.311324801677348e-06,-2.3582609930909855e-06,-2.385668405000327e-06,-2.3950890314075976e-06,-2.3884564657938075e-06,-2.368072470671644e-06,-2.336534581111149e-06,-2.29652274920342e-06,-2.2501694293741633e-06,-2.0110086860055403e-06,-1.7830165544843197e-06,-1.5659430922135092e-06,-1.3594308771647125e-06,-1.1630681354301765e-06,-9.764319924697904e-07,-7.991191438175849e-07,-6.307650047131079e-07,-4.710536322186043e-07,-3.197208962195882e-07,-1.7655308872837547e-07,-4.138270153735675e-08,8.591736942515923e-08,2.05440344983628e-07,3.1725228738258837e-07,4.2139875268981715e-07,5.17911269957033e-07,6.06813661801525e-07,6.881282853228257e-07,7.618822893475965e-07,8.281139539584016e-07,8.868790966490893e-07,9.382573869649649e-07,9.823581936838378e-07,1.019325272788833e-06,1.0493391425734118e-06,1.0726152419638992e-06,1.0893944637826396e-06,1.0999189084388645e-06,1.104375162544721e-06,-1.4735492402689116e-06,-1.4798303196153584e-06,-1.4756455549385902e-06,-1.4609414113721457e-06,-1.4356462482533564e-06,-1.3996907877918327e-06,-1.353017392807463e-06,-1.2955837814098336e-06,-1.2273636225138407e-06,-1.1483452855737438e-06,-1.0585295169938314e-06,-9.579265412051929e-07,-8.465528986889494e-07,-7.244281956052197e-07,-5.915718372251315e-07,-4.479997444312164e-07,-2.937210060697037e-07,-1.2873439880603603e-07,4.6975288652313157e-08,2.334411552039596e-07,4.3071826863995573e-07,6.388877717000921e-07,8.580606867152018e-07,1.0883808594169866e-06,1.3300261849924737e-06,1.5832069206251326e-06,1.8481595768196954e-06,2.12513474112212e-06,2.414377513605869e-06,2.716100670311705e-06,3.030454994171681e-06,3.055128331520257e-06,3.0675698841106844e-06,3.065145308445771e-06,3.044654746235016e-06,3.003184042546187e-06,2.9383845936461494e-06,2.8485648801285214e-06,2.7327174097424185e-06,2.5905196539999144e-06,2.4223199015338092e-06,2.229110307923955e-06,2.0124871171980994e-06,1.7745978768343159e-06,1.5180760650502378e-06,1.2459643967746487e-06,9.61628952247634e-07,6.68667039422603e-07,3.7081224633317614e-07,7.18403781693014e-08,-2.245201363778803e-07,-5.146702330410603e-07,-7.952121792925749e-07,-1.063009995723553e-06,-1.315237739001016e-06,-1.5494159110503461e-06,-1.7634369481320752e-06,-1.955581210960904e-06,-2.1245251308430905e-06,-2.269343190318403e-06,-2.38950527775352e-06,-2.4848707128942146e-06,-2.555679950425059e-06,-2.602544662782765e-06,-2.6264365435660243e-06,-2.628674523023162e-06,-2.6109083297956946e-06,-2.5750908990277563e-06,-2.523415129306137e-06,-2.4581378753210747e-06,-2.3810526014895387e-06,-2.1346253213088927e-06,-1.898170727327215e-06,-1.6715629105255898e-06,-1.4546267311825704e-06,-1.2471620978752924e-06,-1.0489650613179228e-06,-8.598429802627728e-07,-6.796238929112374e-07,-5.081611814801892e-07,-3.453348176060801e-07,-1.910503533107287e-07,-4.523657780631374e-08,9.215750062686228e-08,2.2116591631481742e-07,3.418089980274345e-07,4.5409648626508863e-07,5.580304778619107e-07,6.536082123598857e-07,7.408247398363326e-07,8.196755123460791e-07,8.901589235758526e-07,9.52278784775156e-07,1.0060466690365122e-06,1.0514839786837416e-06,1.0886234878779603e-06,1.1175099743265264e-06,1.138199346579019e-06,1.1507552830034277e-06,1.15524146073642e-06,1.1517048652452775e-06,-1.5359727356297483e-06,-1.5528844003305128e-06,-1.5567396058719745e-06,-1.5476659757521627e-06,-1.5258243255764956e-06,-1.4913776256490744e-06,-1.4444786233018105e-06,-1.3852651725386087e-06,-1.3138591408346951e-06,-1.2303671030555627e-06,-1.1348819126295707e-06,-1.0274846397180599e-06,-9.08246589537979e-07,-7.772312522758356e-07,-6.34496119032152e-07,-4.800943408352637e-07,-3.1407622144919583e-07,-1.3649052920724724e-07,5.2614403662978667e-08,2.53189847348331e-07,4.651861798644251e-07,6.885528172617694e-07,9.232386498013168e-07,1.1691930339638602e-06,1.426367322744877e-06,1.6947168097920437e-06,1.9742028288939588e-06,2.264794635913519e-06,2.566470730823901e-06,2.8792197851224373e-06,3.203043271340726e-06,3.263184090000836e-06,3.3040909870416023e-06,3.323410326154336e-06,3.31831535519499e-06,3.2862851302078846e-06,3.2253526951463238e-06,3.134187644173248e-06,3.0121270309876077e-06,2.859186934521571e-06,2.6760612355896922e-06,2.4641068373294517e-06,2.22531328150472e-06,1.962255378127682e-06,1.6780287317455141e-06,1.3761694579075523e-06,1.0605607397048998e-06,7.353300319649893e-07,4.0474154215305784e-07,7.308898765810638e-08,-2.5540651037956777e-07,-5.766891659928406e-07,-8.869486861124076e-07,-1.1826858726854819e-06,-1.4607629674881833e-06,-1.7184391697043283e-06,-1.95339262099993e-06,-2.163730688678739e-06,-2.3479905872096835e-06,-2.505132316413565e-06,-2.6345256490635666e-06,-2.7359325754467726e-06,-2.8094863106478553e-06,-2.855667773868595e-06,-2.8752803755625555e-06,-2.869423832699402e-06,-2.83946688530268e-06,-2.7870149778900755e-06,-2.7138553662435267e-06,-2.6218179717858146e-06,-2.5123525318680124e-06,-2.2586961147262835e-06,-2.013841727041591e-06,-1.7777748708108844e-06,-1.5504885470893684e-06,-1.3319833822533359e-06,-1.122267680706593e-06,-9.21356682395792e-07,-7.292711969211048e-07,-5.460359802572898e-07,-3.716781786025018e-07,-2.062260541924743e-07,-4.9708097446948904e-08,9.784745497538374e-08,2.3641272934128936e-07,3.65960008557697e-07,4.864612709479966e-07,5.978875245841983e-07,7.002079710906656e-07,7.933890150085737e-07,8.773931204331724e-07,9.521775107758788e-07,1.0176927163895262e-06,1.0738810061801704e-06,1.1206748022537611e-06,1.1579952825635465e-06,1.18575154719807e-06,1.2038410245679728e-06,1.2121524422398072e-06,1.2105743871830447e-06,1.199017407557305e-06,-1.5983403917764657e-06,-1.6257828126458413e-06,-1.6375821004545554e-06,-1.6340501226364238e-06,-1.6155832656401363e-06,-1.5825786015158283e-06,-1.5353997485779984e-06,-1.474364130039669e-06,-1.399740594783555e-06,-1.3117524017365025e-06,-1.2105829261291126e-06,-1.0963825706978671e-06,-9.692760206706057e-07,-8.293694011743336e-07,-6.767571603454275e-07,-5.115286524389486e-07,-3.3377446227380593e-07,-1.4359251732283923e-07,5.890600874728939e-08,2.7359107868971897e-07,5.003086534208109e-07,7.388763710794807e-07,9.890805502774742e-07,1.250675204647344e-06,1.5233839260441336e-06,1.806905618709161e-06,2.100925095087595e-06,2.4051294139149594e-06,2.7192304995159413e-06,3.0429940144050546e-06,3.3762736805985355e-06,3.474340906204659e-06,3.5458263993598473e-06,3.58867683901923e-06,3.6004560860799762e-06,3.5790434086642406e-06,3.522851230403089e-06,3.430902998033881e-06,3.302872743191316e-06,3.1391113479784543e-06,2.940661367411762e-06,2.7092565423311625e-06,2.4473019576928053e-06,2.157832279254783e-06,1.8444474243294295e-06,1.5112270217598605e-06,1.1626269283315481e-06,8.033627256419694e-07,4.382863233496363e-07,7.226235761999438e-08,-2.899491049588723e-07,-6.43797941873705e-07,-9.850332610755112e-07,-1.3097741797573522e-06,-1.6145614288505568e-06,-1.89639061830152e-06,-2.1527290769701104e-06,-2.381518770630527e-06,-2.5811679333792205e-06,-2.7505338241751965e-06,-2.8888985836870734e-06,-2.99593967403455e-06,-3.0716959896587556e-06,-3.1165305671156778e-06,-3.131090976961343e-06,-3.1162688779338113e-06,-3.0731603291092554e-06,-3.0030264749070706e-06,-2.9072445427044844e-06,-2.7872047833889845e-06,-2.6439985280480943e-06,-2.3831347234161168e-06,-2.1299000134048962e-06,-1.884390138667389e-06,-1.646765392278755e-06,-1.417227103505475e-06,-1.1959965224530378e-06,-9.832978548100123e-07,-7.793458502339078e-07,-5.843376661167981e-07,-3.9844838456725684e-07,-2.218294326225173e-07,-5.4609166954246794e-08,1.0310502444819157e-07,2.5122362293308864e-07,3.89671264577915e-07,5.183826639670851e-07,6.372983187084643e-07,7.463600480894011e-07,8.45506355816618e-07,9.346675726386216e-07,1.013760736355067e-06,1.0826842155985258e-06,1.1413121966688381e-06,1.1894893524242078e-06,1.2270263302935408e-06,1.2536971930130814e-06,1.2692407923692577e-06,1.273369815016976e-06,1.2657957158042909e-06,1.24629051410146e-06,-1.6606229305268625e-06,-1.6983594510771267e-06,-1.7178789827131688e-06,-1.719687568821805e-06,-1.7044271658933603e-06,-1.6727349036689942e-06,-1.6251869158114529e-06,-1.5622785565384955e-06,-1.484422000061117e-06,-1.3919525779825985e-06,-1.285139345454027e-06,-1.1641973658552768e-06,-1.029300352914449e-06,-8.805930212812046e-07,-7.182029304706569e-07,-5.422518484328207e-07,-3.528667664742275e-07,-1.5019070373555823e-07,6.560663240539043e-08,2.94318405093334e-07,5.356907106855931e-07,7.894137092682905e-07,1.055114734380055e-06,1.332354699396428e-06,1.6206295546487252e-06,1.919378956547461e-06,2.2280045806194896e-06,2.5459004819264135e-06,2.8724973663319543e-06,3.2073213047617765e-06,3.5500646808376676e-06,3.6883210397631933e-06,3.7923163617086905e-06,3.860332484378059e-06,3.890354757576337e-06,3.880674250158354e-06,3.830076950979731e-06,3.7379239756674413e-06,3.604207294365751e-06,3.429597006164414e-06,3.21547690114642e-06,2.9639614194454977e-06,2.677888131396757e-06,2.36078208167582e-06,2.016790839151295e-06,1.6505916818019864e-06,1.267274914752936e-06,8.722096457764606e-07,4.7090009815277e-07,6.884140093315864e-08,-3.286164315578236e-07,-7.163889103576367e-07,-1.0897565529669983e-06,-1.4444406132772567e-06,-1.7766546776663628e-06,-2.0831337422124814e-06,-2.3611437119451227e-06,-2.608474860606834e-06,-2.823422746827426e-06,-3.0047595790482657e-06,-3.1516982730794252e-06,-3.2638506701879627e-06,-3.34118078473059e-06,-3.3839537178823985e-06,-3.3926811664216676e-06,-3.3680653260893973e-06,-3.310944155700768e-06,-3.2222411693982783e-06,-3.1029180824020896e-06,-2.9539063607247222e-06,-2.7759163339205933e-06,-2.5078536929650347e-06,-2.246216326087823e-06,-1.9912206474437137e-06,-1.743206925990129e-06,-1.502588411281233e-06,-1.269807616053256e-06,-1.0453028568743986e-06,-8.294851225467423e-07,-6.227240134737833e-07,-4.2534097923251226e-07,-2.3760802394573182e-07,-5.975024237190576e-08,1.0804914487751119e-07,2.6564225760252214e-07,4.1290921540036804e-07,5.497504168720324e-07,6.760786520883417e-07,7.91811101005328e-07,8.968611613186272e-07,9.91129992483907e-07,1.0744976650985336e-06,1.1468138820543866e-06,1.2078884181905185e-06,1.2574817517089653e-06,1.2952968982394597e-06,1.320974326153413e-06,1.3340933363590279e-06,1.3341863862784564e-06,1.3207805593448678e-06,1.2935020863233814e-06,-1.722791664458956e-06,-1.7704345373656045e-06,-1.7973130788301096e-06,-1.8041438627738286e-06,-1.7918305051694548e-06,-1.761259168845152e-06,-1.7132201968938418e-06,-1.6483832499277083e-06,-1.5672971138608195e-06,-1.4704011688756842e-06,-1.3580419652329405e-06,-1.2304914702029136e-06,-1.0879652751502896e-06,-9.306400554213781e-07,-7.586701470140381e-07,-5.722034020314561e-07,-3.7139660533508716e-07,-1.5643073144819466e-07,7.247378191998208e-08,3.150417639933484e-07,5.709283612249077e-07,8.397051306289415e-07,1.120848424864825e-06,1.413731964307929e-06,1.7176262388389901e-06,2.031708168533658e-06,2.355085144287359e-06,2.6868379385725274e-06,3.0260867135851283e-06,3.372083115401611e-06,3.7243287020795353e-06,3.904775991789683e-06,4.042990092653286e-06,4.137634858006577e-06,4.187156547024256e-06,4.190268765855947e-06,4.1461167805509326e-06,4.0543704732134705e-06,3.915306651537834e-06,3.729885623258274e-06,3.499813431444867e-06,3.2275802189480842e-06,2.9164673877050252e-06,2.5705189383297674e-06,2.1944752399247423e-06,1.793670615646689e-06,1.3738995142214782e-06,9.412593282223084e-07,5.019805378472624e-07,6.225620984496966e-08,-3.7191740320645244e-07,-7.948793210761391e-07,-1.20141461649484e-06,-1.5868344155384104e-06,-1.947025444432199e-06,-2.2784721030675386e-06,-2.5782556271539567e-06,-2.844035400512006e-06,-3.074017097959637e-06,-3.26691138197784e-06,-3.4218856587715285e-06,-3.538510201141177e-06,-3.6166990083403114e-06,-3.656645326656873e-06,-3.658752040571012e-06,-3.6235583936335655e-06,-3.551666786389925e-06,-3.44367623773935e-06,-3.3001303579344072e-06,-3.121480566490368e-06,-2.908028969059063e-06,-2.6327547826019534e-06,-2.3626438951851954e-06,-2.0980560121346943e-06,-1.8395380343448318e-06,-1.5877375977253575e-06,-1.343334067882282e-06,-1.1069885200978743e-06,-8.79311004093001e-07,-6.608420700862035e-07,-4.520452043176679e-07,-2.533070590703605e-07,-6.494287357569647e-08,1.1279492412944805e-07,2.7970637655584196e-07,4.3563286727545047e-07,5.804457517543256e-07,7.140349876319271e-07,8.362977770257215e-07,9.471270822124261e-07,1.0463997957252282e-06,1.1339643402898575e-06,1.2096275617405492e-06,1.2731409998729108e-06,1.3241870507912603e-06,1.3623662899653483e-06,1.3871885251116055e-06,1.3980724948049049e-06,1.3943639697815992e-06,1.3753938426237276e-06,1.3406304636639273e-06,-1.7848188862900412e-06,-1.8418043683949677e-06,-1.875527185446248e-06,-1.8869362517948866e-06,-1.8772173823741346e-06,-1.8475157011782149e-06,-1.7988355117704936e-06,-1.7320136143743527e-06,-1.647724647842579e-06,-1.5465001371897471e-06,-1.4287525229318835e-06,-1.294800008576217e-06,-1.1448904290358364e-06,-9.79223594859645e-07,-7.979722090408844e-07,-6.013017542634805e-07,-3.8938985299331635e-07,-1.6244557867122202e-07,7.927093397168592e-08,3.3542847081474473e-07,6.056045691818099e-07,8.892659696291409e-07,1.185751152170351e-06,1.4942573118451933e-06,1.813835231532338e-06,2.1433968024576914e-06,2.481741329868984e-06,2.8276080395864736e-06,3.1797631052818552e-06,3.5371300042274203e-06,3.898972875192709e-06,4.123256497361283e-06,4.2971175738207605e-06,4.41965506626197e-06,4.4898160330627726e-06,4.506738089101773e-06,4.469896000063285e-06,4.379221898219386e-06,4.235227306500074e-06,4.0391186408088104e-06,3.7928926351673197e-06,3.4994004871407833e-06,3.1623725859536625e-06,2.78639833330841e-06,2.376858364425137e-06,1.9398100681851137e-06,1.4818317842290217e-06,1.0098358395378928e-06,5.308646291199437e-07,5.18861466379367e-08,-4.2039496674823924e-07,-8.796976639713259e-07,-1.3202875391795918e-06,-1.7370595776618443e-06,-2.1255823744809667e-06,-2.482109084623045e-06,-2.803562143562584e-06,-3.087498978844895e-06,-3.3320649422367893e-06,-3.535938037361863e-06,-3.6982681458022094e-06,-3.818611694712767e-06,-3.896861301363843e-06,-3.933169104191228e-06,-3.927862557007183e-06,-3.881352879550803e-06,-3.7940397216155863e-06,-3.6662215300623985e-06,-3.498030074034402e-06,-3.289419771610625e-06,-3.040257728959329e-06,-2.7577183490425522e-06,-2.4789991928151425e-06,-2.204638977788624e-06,-1.9354323700709827e-06,-1.6722946828349086e-06,-1.4161638710312746e-06,-1.1679344929768217e-06,-9.284176159975888e-07,-6.983205625677398e-07,-4.782409275617031e-07,-2.6867021704922297e-07,-7.000349708247705e-08,1.174475802684913e-07,2.934401675496114e-07,4.577851442124623e-07,6.103321586924073e-07,7.509549856369733e-07,8.795371147736052e-07,9.959573043372855e-07,1.1000747306981717e-06,1.191713344012066e-06,1.2706451144479014e-06,1.3365720760071369e-06,1.389107554318673e-06,1.4277579047429448e-06,1.4519078674070661e-06,1.4608160756840969e-06,1.4536344579260775e-06,1.4294825730351466e-06,1.3876547158723565e-06,-1.8466783316529693e-06,-1.9122300497881334e-06,-1.9521062007457146e-06,-1.967513365040882e-06,-1.9599415559604216e-06,-1.9308022958241895e-06,-1.8813085890088837e-06,-1.8124514616671649e-06,-1.725015338086899e-06,-1.6196076091257144e-06,-1.496691603975937e-06,-1.3566185112751787e-06,-1.1996567785854087e-06,-1.0260188921393855e-06,-8.358860339532839e-07,-6.294313451535661e-07,-4.06842580084948e-07,-1.6834488490706672e-07,8.577571234495975e-08,3.5514777304558077e-07,6.392889579600866e-07,9.375802432876337e-07,1.2492413339691943e-06,1.5733098805382239e-06,1.9086285828629368e-06,2.2538461820377492e-06,2.6074407651854843e-06,2.967776752063334e-06,3.3332104843601936e-06,3.7022643786340154e-06,4.0739001179584995e-06,4.343181382727482e-06,4.553760897330358e-06,4.705222230791184e-06,4.797040805766744e-06,4.828758355544776e-06,4.8001249179062106e-06,4.711265445538401e-06,4.562856534256379e-06,4.356290459405177e-06,4.0938097450655025e-06,3.7786013236261136e-06,3.4148423202634574e-06,3.007690938694855e-06,2.563217872318398e-06,2.088277552465198e-06,1.5903246156146656e-06,1.0771882033528817e-06,5.56823201780181e-07,3.706124413976382e-08,-4.7461607280009074e-07,-9.712637966399362e-07,-1.4466094194759936e-06,-1.8951353770883576e-06,-2.3121127200238887e-06,-2.6935949428004296e-06,-3.0363826998286666e-06,-3.3379695673864527e-06,-3.5964769728293076e-06,-3.8105837358283355e-06,-3.97945295284676e-06,-4.102656538171876e-06,-4.180095772749077e-06,-4.211914851617372e-06,-4.198403979870647e-06,-4.139889751524545e-06,-4.036614657409579e-06,-3.888616840735729e-06,-3.695639660908091e-06,-3.457137364610544e-06,-3.172523428652883e-06,-2.882590548768486e-06,-2.59503950482655e-06,-2.310637867652194e-06,-2.0304838623427358e-06,-1.7558032908111228e-06,-1.4878183101037695e-06,-1.2276672376139873e-06,-9.763609864362626e-07,-7.347650394044045e-07,-5.035983909949663e-07,-2.8344306475804547e-07,-7.475963928938273e-08,1.2209432863705095e-07,3.0684497068803035e-07,4.792830007408592e-07,6.39245345779158e-07,7.865975747167338e-07,9.212168778009845e-07,1.042975150604947e-06,1.1517216229754669e-06,1.2472644310692493e-06,1.3293505675104655e-06,1.3976438128663657e-06,1.4517006924820636e-06,1.4909455289822058e-06,1.5146478998965624e-06,1.5219105708432293e-06,1.5116863809498498e-06,1.4828673656057932e-06,1.4345549903509022e-06,-1.908345751303834e-06,-1.981424844680034e-06,-2.0265581614282187e-06,-2.045235113851189e-06,-2.0392681894934825e-06,-2.010334850699073e-06,-1.959842181601732e-06,-1.888913988966066e-06,-1.798421753156923e-06,-1.6890277296512834e-06,-1.5612279789069947e-06,-1.4153913755407105e-06,-1.2517940204352025e-06,-1.070649709858058e-06,-8.721374985154622e-07,-6.564274768353819e-07,-4.2370586610406325e-07,-1.742004620343428e-07,9.179268527575985e-08,3.738807143629556e-07,6.715432774186024e-07,9.841001171040732e-07,1.3106781588862213e-06,1.6501806577043434e-06,2.0012627440205932e-06,2.3623203090003707e-06,2.7315029541754933e-06,3.106767328099994e-06,3.485995640696577e-06,3.867218434545065e-06,4.249010730260665e-06,4.563806837496134e-06,4.811728225625265e-06,4.992872852522275e-06,5.1072402268895345e-06,5.154718499108574e-06,5.135244040106073e-06,5.04903789497258e-06,4.89685186814647e-06,4.6801881606036625e-06,4.401476694269438e-06,4.0642026871384764e-06,3.6729779236072437e-06,3.2335474146127583e-06,2.7527229519161774e-06,2.238238975034413e-06,1.6985346758923075e-06,1.1424776468603634e-06,5.79055196373296e-07,1.7065930905028108e-08,-5.351561736624303e-07,-1.0699602658258642e-06,-1.5805265070253664e-06,-2.060942766549425e-06,-2.506219527643701e-06,-2.9122579801172193e-06,-3.2757873753701408e-06,-3.5942855891952552e-06,-3.8658930739565275e-06,-4.089326293764933e-06,-4.263793049789552e-06,-4.388909047313287e-06,-4.464612578881154e-06,-4.491072222841617e-06,-4.468581186242635e-06,-4.3974322144479845e-06,-4.2777710360271825e-06,-4.109438520105441e-06,-3.891841211836552e-06,-3.623957394240638e-06,-3.3047479772368725e-06,-3.0071668362186753e-06,-2.710435346094647e-06,-2.415614445699015e-06,-2.1241754456133943e-06,-1.8377039775071632e-06,-1.5577318712615706e-06,-1.2856470795332045e-06,-1.0226528258258875e-06,-7.697574071509961e-07,-5.277823127910375e-07,-2.9738051048317955e-07,-7.905961414765756e-08,1.2679337968663944e-07,3.198877232285571e-07,5.000058815398472e-07,6.669821141906161e-07,8.206824951261779e-07,9.609858877371742e-07,1.0877652038589474e-06,1.2008681653314927e-06,1.300096728008241e-06,1.385184309729545e-06,1.4557700180453035e-06,1.5113693502214039e-06,1.5513417502324687e-06,1.5748579306988573e-06,1.5808760773745143e-06,1.5681506821800378e-06,1.535332949909487e-06,1.4813129416355347e-06,-1.9697996350867385e-06,-2.049039889447575e-06,-2.0982944515077164e-06,-2.1193538685695635e-06,-2.11435894557167e-06,-2.08523660719055e-06,-2.0335582615189466e-06,-1.960547398091246e-06,-1.867132034209437e-06,-1.7540036066067617e-06,-1.6216701719907672e-06,-1.4705017226942954e-06,-1.3007685636866294e-06,-1.1126743917277389e-06,-9.063856986770348e-07,-6.820590062871126e-07,-4.39867351794592e-07,-1.800273667106203e-07,9.717181885844148e-08,3.913368078269217e-07,7.019346028255704e-07,1.0282535635803065e-06,1.3693613799110406e-06,1.7240620962457855e-06,2.090856217090801e-06,2.467911074459497e-06,2.8530539619397623e-06,3.2438098233636676e-06,3.6375218984250296e-06,4.031624729695648e-06,4.42420467261895e-06,4.784199786951488e-06,5.069536773519537e-06,5.280812509109421e-06,5.418485726404592e-06,5.48267452388647e-06,5.473368024838112e-06,5.390758188134441e-06,5.235564950399023e-06,5.009311932632613e-06,4.714545286073735e-06,4.354996589063103e-06,3.935685805853507e-06,3.462952417973604e-06,2.9443984762118308e-06,2.388730683510047e-06,1.8055009053504759e-06,1.2047629743886376e-06,5.966823016135776e-07,-8.853618405869654e-09,-6.025760538222473e-07,-1.1760917930301483e-06,-1.7220399855076985e-06,-2.234153087799924e-06,-2.7072402272459983e-06,-3.1371174502430565e-06,-3.5205084038394436e-06,-3.854933834141214e-06,-4.138601843869329e-06,-4.3703049716062865e-06,-4.549325541139861e-06,-4.675347270296085e-06,-4.748368387344983e-06,-4.7686090292061365e-06,-4.7364033318628636e-06,-4.652065204870183e-06,-4.515719111103492e-06,-4.327100774046972e-06,-4.0853733731593444e-06,-3.7891098431294238e-06,-3.4368563785614795e-06,-3.1311697925955784e-06,-2.824735383415906e-06,-2.5189856039834094e-06,-2.2158446169912345e-06,-1.9173077457929006e-06,-1.625235183139578e-06,-1.341260227625376e-06,-1.0667602743079371e-06,-8.028616562237337e-07,-5.50461831448583e-07,-3.102594027559148e-07,-8.278649541650147e-08,1.3155958032697704e-07,3.3248693523384857e-07,5.197825302682095e-07,6.932883234822654e-07,8.528796074914077e-07,9.984447551006951e-07,1.129865444110347e-06,1.2469963479834905e-06,1.3496432182060791e-06,1.437538212077664e-06,1.5103112233471176e-06,1.5674559430251734e-06,1.6082898776515339e-06,1.6319098853915287e-06,1.6371522371696152e-06,1.622585925907538e-06,1.586617485039317e-06,1.5279122747784348e-06,-2.031022138167123e-06,-2.114648464178054e-06,-2.166610446700856e-06,-2.188999362530122e-06,-2.1842635938903286e-06,-2.1545352700384584e-06,-2.101498180789561e-06,-2.026427780125057e-06,-1.9302699034571472e-06,-1.8137154911051018e-06,-1.6772622962064675e-06,-1.52126460702069e-06,-1.3459739596567472e-06,-1.1515734413079168e-06,-9.38207678551196e-07,-7.06010319129699e-07,-4.551306933279813e-07,-1.8576128877808315e-07,1.0183237572317053e-07,4.0727798980468166e-07,7.300575281478579e-07,1.0694622979429018e-06,1.4245418107590206e-06,1.7940475076101436e-06,2.1763742458842343e-06,2.569505811498923e-06,2.970977246038077e-06,3.3778806133618704e-06,3.7869693944689285e-06,4.194976042119946e-06,4.599384723855288e-06,5.0032230639845455e-06,5.325397519128795e-06,5.5669040276157924e-06,5.7284948143778744e-06,5.810318196976972e-06,5.81223184635986e-06,5.734250527555361e-06,5.576947271295551e-06,5.341772881589222e-06,5.031307466396163e-06,4.6494585843677646e-06,4.201605356449487e-06,3.694669757435824e-06,3.1370846197001792e-06,2.5386293202758513e-06,1.910121647024038e-06,1.2629851972105923e-06,6.087446125928631e-07,-4.14776391840418e-08,-6.773894706995889e-07,-1.2898308746149903e-06,-1.8709314015705828e-06,-2.4141378969188445e-06,-2.9141467249498956e-06,-3.3667797928697157e-06,-3.7688376118533997e-06,-4.117952100011716e-06,-4.412451519908023e-06,-4.651242189115457e-06,-4.833706454297925e-06,-4.959613108528765e-06,-5.029033950671283e-06,-5.042257624145396e-06,-4.999688563074039e-06,-4.901714783163154e-06,-4.748526832835078e-06,-4.539880667424296e-06,-4.274847074890677e-06,-3.95173626663124e-06,-3.5687792618744057e-06,-3.2542187124933457e-06,-2.9373210909330304e-06,-2.6199773822953217e-06,-2.304646004850352e-06,-1.9937712846897227e-06,-1.6895432562397024e-06,-1.3938181726426576e-06,-1.1081137326817072e-06,-8.336373475591873e-07,-5.713272383056377e-07,-3.2189661957019374e-07,-8.587619071533528e-08,1.363472839095809e-07,3.444970893426851e-07,5.383772595850357e-07,7.178472083123079e-07,8.827993280526906e-07,1.0331384372214454e-06,1.1687618820878197e-06,1.2895390647013021e-06,1.3952891271600687e-06,1.4857554261237006e-06,1.5605752060039607e-06,1.6192424803491593e-06,1.661061815042023e-06,1.685092121755328e-06,1.6900870618020279e-06,1.67446391699024e-06,1.6364008448054186e-06,1.5743394404397105e-06,-2.0920002690759006e-06,-2.177730406098676e-06,-2.2306703948726786e-06,-2.2531732775798815e-06,-2.2479251123557586e-06,-2.2171752202831322e-06,-2.1626376675787698e-06,-2.085575786596226e-06,-1.986907200261254e-06,-1.8672903361762542e-06,-1.7271902409642188e-06,-1.5669296198212355e-06,-1.3867297705215694e-06,-1.1867445144100236e-06,-9.670894000175112e-07,-7.278681362318027e-07,-4.691981205127875e-07,-1.9123692568765033e-07,1.0578835872591689e-07,4.2154700501808087e-07,7.555638457549388e-07,1.1071700600740197e-06,1.4754442488449949e-06,1.8591433422385988e-06,2.2566243337123524e-06,2.6657604094560263e-06,3.0838619313029505e-06,3.5076302468639574e-06,3.933217737018707e-06,4.356570210339454e-06,4.774460725716696e-06,5.219548665729513e-06,5.577247433262484e-06,5.8487117040726014e-06,6.034665984311561e-06,6.1349828833901395e-06,6.149157023833541e-06,6.076872811140444e-06,5.918450989007501e-06,5.675180976667648e-06,5.3495857464039595e-06,4.945653523723965e-06,4.4690376606704475e-06,3.927194684817071e-06,3.329407117670749e-06,2.6866316671699915e-06,2.0111379918802353e-06,1.3159541896916584e-06,6.141964440113782e-07,-8.159922796419475e-08,-7.6002529940527e-07,-1.4111541227298474e-06,-2.0266771932964477e-06,-2.599869076760031e-06,-3.1254393369177197e-06,-3.5993334848457034e-06,-4.018527351398359e-06,-4.380839511855466e-06,-4.6847717028423095e-06,-4.92937810939874e-06,-5.114159756242445e-06,-5.238977961658844e-06,-5.3039793344586024e-06,-5.3095228921915575e-06,-5.256096358640902e-06,-5.144202532577128e-06,-4.974187370711936e-06,-4.745984529530401e-06,-4.458795330579892e-06,-4.110915364124031e-06,-3.700456050913503e-06,-3.3757876473050823e-06,-3.047347919051433e-06,-2.717570044916809e-06,-2.389511922801436e-06,-2.0660763657214228e-06,-1.7497518796800226e-06,-1.4425668059440594e-06,-1.1461240609236684e-06,-8.616608857447137e-07,-5.901123261091158e-07,-3.321704574819893e-07,-8.833662998383996e-08,1.410340199356453e-07,3.5569543932065757e-07,5.554799218307769e-07,7.402724520535331e-07,9.099886961605812e-07,1.064555188592909e-06,1.2038902901811168e-06,1.3278845202795086e-06,1.4363788652520059e-06,1.5291395947891448e-06,1.6058278714230044e-06,1.6659617980773044e-06,1.7088673340544212e-06,1.7336134861815327e-06,1.7389331698893248e-06,1.7231586429456642e-06,1.6842931070234471e-06,1.6205845260984826e-06,-2.1527274048711184e-06,-2.2376622187745953e-06,-2.289508144216282e-06,-2.310769356378313e-06,-2.3042173880470936e-06,-2.2720644956736333e-06,-2.215936347094037e-06,-2.1370042445363266e-06,-2.0361078847483406e-06,-1.913841560627857e-06,-1.7706169322456923e-06,-1.6067114727760758e-06,-1.42230729172316e-06,-1.2175230241667927e-06,-9.92440859358044e-07,-7.471306425075134e-07,-4.816729801865166e-07,-1.96183336354513e-07,1.0916078312948499e-07,4.340872944407979e-07,7.781891927503758e-07,1.1408738003058312e-06,1.5212990305003517e-06,1.91829445531258e-06,2.3302657477254646e-06,2.7550823802996414e-06,3.1899511745532337e-06,3.6312987536172197e-06,4.074746399215462e-06,4.515435048894722e-06,4.949355100975597e-06,5.431734295372943e-06,5.822889888567109e-06,6.123672364015349e-06,6.334240501068209e-06,6.453759412238815e-06,6.481110103575975e-06,6.4155221263237155e-06,6.256997671935492e-06,6.0065960830785145e-06,5.6666854394501875e-06,5.24120533637667e-06,4.735942266186198e-06,4.158776588807369e-06,3.519813182106927e-06,2.831285980397404e-06,2.10714708489366e-06,1.3623430712336383e-06,6.118935726608623e-07,-1.300276908713084e-07,-8.508092523912368e-07,-1.5398005231385938e-06,-2.1883902266849604e-06,-2.7898545851000406e-06,-3.339086839773397e-06,-3.83230041248914e-06,-4.266756708668169e-06,-4.640538402419308e-06,-4.952370233081608e-06,-5.201481453150227e-06,-5.387501648250271e-06,-5.510381473128878e-06,-5.5703301113213214e-06,-5.567760854169719e-06,-5.503233968561352e-06,-5.377379830861857e-06,-5.1907726430398075e-06,-4.943697323184375e-06,-4.635792453239312e-06,-4.265728926121762e-06,-3.831838868024779e-06,-3.495148140309742e-06,-3.1536694189733156e-06,-2.8104335166750474e-06,-2.469112883065912e-06,-2.133016682831765e-06,-1.8048445153339314e-06,-1.4867052669542598e-06,-1.1802061952660751e-06,-8.865488606940595e-07,-6.066143017538584e-07,-3.410354427480297e-07,-9.025683444795719e-08,1.4541716665424812e-07,3.657840856465774e-07,5.707129224044322e-07,7.601196778369823e-07,9.339469578025549e-07,1.092145950269147e-06,1.234659201313203e-06,1.361402703748849e-06,1.4722458587349537e-06,1.5669878715412358e-06,1.645329035117889e-06,1.7068348835852482e-06,1.7508896528734468e-06,1.7766321011004212e-06,1.782863475563157e-06,1.767947390581251e-06,1.7298274994755553e-06,1.6666423917984615e-06,-2.213205186238639e-06,-2.2937334370508036e-06,-2.342078281249939e-06,-2.3606711890876494e-06,-2.352073507273142e-06,-2.3182183376429505e-06,-2.2604814179399156e-06,-2.1798574953751663e-06,-2.0770617975559617e-06,-1.952596866703936e-06,-1.8068039954056758e-06,-1.6399052933374808e-06,-1.4520381736384696e-06,-1.2432835899182742e-06,-1.013689588011697e-06,-7.632919337902083e-07,-4.92133681800502e-07,-2.0028564595783016e-07,1.1213010325969081e-07,4.449113152963187e-07,7.977384175873519e-07,1.1701258962641412e-06,1.5613585182729048e-06,1.9704085375549812e-06,2.3958302799281904e-06,2.8356287388227297e-06,3.287097880798728e-06,3.7466202313992948e-06,4.209510505753343e-06,4.670229521772911e-06,5.124009709146618e-06,5.638459371038763e-06,6.060396613762959e-06,6.389609574525542e-06,6.624820309891148e-06,6.763969124994936e-06,6.80510324036543e-06,6.7469788808686945e-06,6.589283904051515e-06,6.332811387830246e-06,5.979671583380023e-06,5.5335815639492385e-06,5.000238116296131e-06,4.3877267252063785e-06,3.7068561005917127e-06,2.9712082915894635e-06,2.196717289461433e-06,1.400700139706743e-06,6.005306524061598e-07,-1.8768438670934705e-07,-9.500664751412047e-07,-1.675373659644398e-06,-2.354931192148705e-06,-2.9822709346794594e-06,-3.552688810292347e-06,-4.062830837657576e-06,-4.510357004639604e-06,-4.893685339924528e-06,-5.211803562599703e-06,-5.464133170256933e-06,-5.6504326654263984e-06,-5.770729331357361e-06,-5.825271342296846e-06,-5.814493591970505e-06,-5.738991017014752e-06,-5.599491294845749e-06,-5.396809416142137e-06,-5.131742501715541e-06,-4.8047324440478255e-06,-4.41542435773147e-06,-3.962897202449665e-06,-3.611293680775779e-06,-3.254742458743979e-06,-2.8968544367316167e-06,-2.5418234139408407e-06,-2.193195623789184e-06,-1.8537074078066676e-06,-1.525403825764932e-06,-1.209791000848606e-06,-9.07959082865366e-07,-6.206820598523772e-07,-3.4849770461708866e-07,-9.177027185853949e-08,1.4926127189597227e-07,3.744465331093613e-07,5.836956882617777e-07,7.769577216234063e-07,9.542027933742096e-07,1.1154069311480618e-06,1.260537451665713e-06,1.3895376491115793e-06,1.5023093657019235e-06,1.598692145235628e-06,1.6784378249552955e-06,1.741179598840031e-06,1.7863942345156542e-06,1.813352894373985e-06,1.821045947996714e-06,1.8080503236686957e-06,1.7724734606995682e-06,1.7125140888487761e-06,-2.2734457716582588e-06,-2.3452482458676273e-06,-2.3874968976861607e-06,-2.4020954577564586e-06,-2.390906161369762e-06,-2.3551863734304773e-06,-2.2959077733616403e-06,-2.213822266436452e-06,-2.1094862998571205e-06,-1.983290547002347e-06,-1.8354944592127293e-06,-1.666259253847365e-06,-1.4756761912135112e-06,-1.2637897290628191e-06,-1.030616508863887e-06,-7.761616545195657e-07,-5.004340364498387e-07,-2.034622563711226e-07,1.1468671375954533e-07,4.5388398166489744e-07,8.139075041007948e-07,1.194399717415443e-06,1.5948097977567045e-06,2.01431571687155e-06,2.4517212965159713e-06,2.9053244611836385e-06,3.3727522102028472e-06,3.850745189849895e-06,4.334802254239351e-06,4.819132982519761e-06,5.298393710721325e-06,5.839148078216539e-06,6.289327322846793e-06,6.6462344646406556e-06,6.906029862255014e-06,7.064763267132285e-06,7.119756980867626e-06,7.069448412649478e-06,6.913303773005635e-06,6.6518486894336854e-06,6.286828648745427e-06,5.821514128681531e-06,5.261173098395792e-06,4.613709332200801e-06,3.8903154091622984e-06,3.10591206658426e-06,2.2788220296978635e-06,1.4294824946748014e-06,5.783710317426481e-07,-2.560662564734618e-07,-1.0586953009838445e-06,-1.8180080014591714e-06,-2.525664290531233e-06,-3.1758125198284642e-06,-3.7644139387758316e-06,-4.288718492944856e-06,-4.746887377625059e-06,-5.137729669777452e-06,-5.460521141364609e-06,-5.714880811490582e-06,-5.900687933395498e-06,-6.018027665848541e-06,-6.067157844713636e-06,-6.048492628928857e-06,-5.962602122411025e-06,-5.810231386208952e-06,-5.592348948073162e-06,-5.310234750591844e-06,-4.965595149236894e-06,-4.5598078036636516e-06,-4.0936231466048535e-06,-3.7228546348289415e-06,-3.3485208682484416e-06,-2.97467584616341e-06,-2.6057109717732424e-06,-2.2450386138848977e-06,-1.8951272300477785e-06,-1.5577716353094743e-06,-1.2342574794538142e-06,-9.2548707960097e-07,-6.320796172148168e-07,-3.5444925545553024e-07,-9.286418052258502e-08,1.5250972650866403e-07,3.8157688898214767e-07,5.942884843504071e-07,7.906247222125321e-07,9.705808576233404e-07,1.1341552394674364e-06,1.2813379461029396e-06,1.4120987002166244e-06,1.526372839894979e-06,1.6240442640668462e-06,1.7049246781338714e-06,1.7687295072082633e-06,1.8150529191648089e-06,1.8433468920549981e-06,1.8529048018180577e-06,1.8428143180108789e-06,1.811714597379579e-06,1.7582085433225702e-06,-2.3334740946741455e-06,-2.392040752699158e-06,-2.4259095090586757e-06,-2.435885323288847e-06,-2.4219133137655636e-06,-2.3843285522838e-06,-2.3236471355212095e-06,-2.240356141256389e-06,-2.1348366202651185e-06,-2.0073563042373216e-06,-1.8580873964939691e-06,-1.6871293322506453e-06,-1.4945294193086503e-06,-1.2802997576263136e-06,-1.0444308880472383e-06,-7.869032823717216e-07,-5.076979617662633e-07,-2.0680761670704245e-07,1.1575025836591867e-07,4.599163950780721e-07,8.25566633220754e-07,1.212479629093934e-06,1.6202915004394098e-06,2.0484327788996966e-06,2.496043229770857e-06,2.9618630067955196e-06,3.4441062664706008e-06,3.940329768469945e-06,4.447244674998067e-06,4.9597912650722954e-06,5.472510705641382e-06,6.036174430176129e-06,6.514290046890151e-06,6.900224399198322e-06,7.184554780721244e-06,7.3622902240163485e-06,7.430616618257026e-06,7.387996513251449e-06,7.233833688809009e-06,6.9684079600169704e-06,6.59298958818962e-06,6.1101322387247125e-06,5.5241972168585454e-06,4.842200828738544e-06,4.075057141624433e-06,3.238611524602306e-06,2.3542477911527354e-06,1.4470589440225807e-06,5.421630267189949e-07,-3.3897926758901625e-07,-1.180388386173014e-06,-1.9709490125835493e-06,-2.7033613387933518e-06,-3.372875788768011e-06,-3.976412607205752e-06,-4.5119885162746255e-06,-4.97834827281192e-06,-5.374727452150028e-06,-5.7006990975161225e-06,-5.956074634859203e-06,-6.140840664884486e-06,-6.255120401215701e-06,-6.2991534137874315e-06,-6.273291374327553e-06,-6.178012326097255e-06,-6.013964523062307e-06,-5.782070683377562e-06,-5.483771771911421e-06,-5.121607183739768e-06,-4.700577351182827e-06,-4.224036167382995e-06,-3.8280546523077085e-06,-3.4324469384575737e-06,-3.041359702706039e-06,-2.6586403607351248e-06,-2.286788555234188e-06,-1.927657129597407e-06,-1.5825976869003403e-06,-1.2525621302707138e-06,-9.381994081837046e-07,-6.399383912803156e-07,-3.5805253302113854e-07,-9.270763270757363e-08,1.56003858053989e-07,3.8803844543357774e-07,6.033841597989312e-07,8.020477846771031e-07,9.840450003742717e-07,1.149392072865405e-06,1.2980979521994643e-06,1.4301557605197819e-06,1.5455327199612933e-06,1.644157713957637e-06,1.7259061857123718e-06,1.7905836424394625e-06,1.8379131866833754e-06,1.8675423372183196e-06,1.8791029668744454e-06,1.8723727620138212e-06,1.8474408425846624e-06,1.8037442313878892e-06,-2.3933287576941554e-06,-2.436155091207526e-06,-2.462810700207242e-06,-2.4686664528796658e-06,-2.4520232706412627e-06,-2.4126347429322254e-06,-2.35067522620765e-06,-2.266385406078051e-06,-2.159964091928785e-06,-2.031547946484516e-06,-1.8812179078025863e-06,-1.7090115533681006e-06,-1.5149348401410577e-06,-1.298971720148375e-06,-1.0610917959451154e-06,-8.012566661201884e-07,-5.194257293011007e-07,-2.1556225717986137e-07,1.1035936139775103e-07,4.583441109907058e-07,8.283631486137931e-07,1.2203349967812364e-06,1.6340986024092448e-06,2.0693752173866386e-06,2.525716431772221e-06,3.0024392019412726e-06,3.4985622357610123e-06,4.012791949360441e-06,4.543695952893916e-06,5.0899621666169286e-06,5.646399741223889e-06,6.240512331650063e-06,6.760636699348615e-06,7.1798918137056135e-06,7.489598327262954e-06,7.68604668390163e-06,7.76726316249609e-06,7.732170460827623e-06,7.580288905929797e-06,7.311674593155548e-06,6.926999726701396e-06,6.427783364744944e-06,5.816846212516038e-06,5.099160257484131e-06,4.283479696458068e-06,3.3855872860279886e-06,2.4299629992264714e-06,1.451057837886782e-06,4.833336752266314e-07,-4.486958292418554e-07,-1.3291880753198767e-06,-2.149296851000931e-06,-2.903916523966203e-06,-3.5900368721058015e-06,-4.205872113860053e-06,-4.750373536325166e-06,-5.22294698795e-06,-5.623284419516013e-06,-5.951261674618985e-06,-6.206876097442722e-06,-6.3902089752093496e-06,-6.501404316020461e-06,-6.540659520168471e-06,-6.508226676975461e-06,-6.404426971160475e-06,-6.229687879295593e-06,-5.9846294366654866e-06,-5.670281354193299e-06,-5.288644936141242e-06,-4.844722592890054e-06,-4.3541840884423406e-06,-3.9251918201449465e-06,-3.504118924104308e-06,-3.0949202064131556e-06,-2.6986118819772686e-06,-2.3162883536792744e-06,-1.9489320176165033e-06,-1.5972858224668365e-06,-1.261865785149796e-06,-9.430099811470458e-07,-6.40928067443425e-07,-3.557407388040142e-07,-8.75086057409515e-08,1.6374742908870834e-07,3.9803196695792265e-07,6.153651590519235e-07,8.15775550708572e-07,9.992946463714978e-07,1.1659523718513817e-06,1.315772758331423e-06,1.4487692451896368e-06,1.5649390370293223e-06,1.6642560437826887e-06,1.7466623104667596e-06,1.8120591080692565e-06,1.8603026851086876e-06,1.8912203618916117e-06,1.9046931671948596e-06,1.9009242644669381e-06,1.8812215431547154e-06,1.8491498091262964e-06,-2.453052160205439e-06,-2.4989683350774406e-06,-2.5230508090091854e-06,-2.5252926824861424e-06,-2.505677697393085e-06,-2.4641850013019983e-06,-2.4007910820403277e-06,-2.3154701145028516e-06,-2.2081937292626246e-06,-2.078930584794008e-06,-1.9276459108703643e-06,-1.7543010884105232e-06,-1.5588532858068206e-06,-1.3412551508961047e-06,-1.1014545483375543e-06,-8.393943279686254e-07,-5.550121078584501e-07,-2.482400548045717e-07,8.099535570188011e-08,4.3277361861180827e-07,8.071805363376789e-07,1.2043086314208677e-06,1.6242576484142139e-06,2.0671351472697226e-06,2.5330571637639772e-06,3.0221488526944218e-06,3.5345448962249495e-06,4.070389166488955e-06,4.629832401341452e-06,5.213025197257142e-06,5.820096253892004e-06,6.528660546506121e-06,7.114940840147172e-06,7.578955605352292e-06,7.920670961578158e-06,8.140011515917995e-06,8.236868239448311e-06,8.211103861056243e-06,8.062562034924963e-06,7.79108753958428e-06,7.396570262958202e-06,6.879038526557748e-06,6.2388571365407425e-06,5.477163229865108e-06,4.596907220300201e-06,3.605693054523033e-06,2.5324786689822783e-06,1.4355153350133436e-06,3.730485557003396e-07,-6.259809567760121e-07,-1.5539976915464085e-06,-2.4080904650655327e-06,-3.1871715627662545e-06,-3.890934992494684e-06,-4.519419633004054e-06,-5.072809985210254e-06,-5.551341513849208e-06,-5.955255336360749e-06,-6.284777023292497e-06,-6.540107428520087e-06,-6.721419560880717e-06,-6.828858480642734e-06,-6.862542695632668e-06,-6.822566292381449e-06,-6.709001419706146e-06,-6.521900911343363e-06,-6.26130085705824e-06,-5.927222788857936e-06,-5.51967480041795e-06,-5.038649582774619e-06,-4.484119277853389e-06,-4.016744811517246e-06,-3.5677226055253073e-06,-3.1369546735427207e-06,-2.724326465096874e-06,-2.3297233806150535e-06,-1.9530360783919636e-06,-1.5941622264991465e-06,-1.2530067483670836e-06,-9.29481504527399e-07,-6.235047981462242e-07,-3.350008692153656e-07,-6.389944103630561e-08,1.8986466273681517e-07,4.263518324820503e-07,6.45617928930025e-07,8.477144950582118e-07,1.0326889379323375e-06,1.2005846946802246e-06,1.3514413962854926e-06,1.4852950423118475e-06,1.6021781989111103e-06,1.7021202309793112e-06,1.7851475761529105e-06,1.851284061059404e-06,1.9005512443280932e-06,1.9329687363629532e-06,1.9485543679694085e-06,1.9473239171707604e-06,1.929289625594758e-06,1.8944565740606724e-06,-2.403083068088513e-06,-2.4386748328750183e-06,-2.4595162219607677e-06,-2.460875657916218e-06,-2.4410008625988552e-06,-2.399352511631275e-06,-2.3357917410515955e-06,-2.250305973298212e-06,-2.142910258684704e-06,-2.013615565947037e-06,-1.8624205469098368e-06,-1.6893113932498665e-06,-1.494264135784363e-06,-1.2772474874718948e-06,-1.0382257304573788e-06,-7.771616910646085e-07,-4.940200828532675e-07,-1.8877165031217631e-07,1.3860128670178105e-07,4.880970493329926e-07,8.596833876287015e-07,1.2532811570015959e-06,1.6687405758417563e-06,2.1058071606355826e-06,2.5640745044015516e-06,3.042923634201948e-06,3.5414595477773812e-06,4.058483109051102e-06,4.5926122463554655e-06,5.142446142473961e-06,5.70297384881905e-06,6.401478920170917e-06,7.022065785625324e-06,7.541991649534708e-06,7.954876549435004e-06,8.265389840486067e-06,8.485361158824302e-06,8.633825366673473e-06,8.739752167366064e-06,8.84760082189419e-06,9.026990717547191e-06,9.389331361496594e-06,1.011727733286257e-05,1.1514385145731504e-05,1.4053783553681803e-05,1.809838325609498e-05,2.5052189017944305e-06,-1.311140296036582e-05,-9.137201116045488e-06,-6.715219854737474e-06,-5.482690046282583e-06,-4.96670286812363e-06,-4.864023305572788e-06,-4.992450848449047e-06,-5.241199761704955e-06,-5.54148005627803e-06,-5.849880381124178e-06,-6.138629823444742e-06,-6.389752938360222e-06,-6.591478271544221e-06,-6.73599136926374e-06,-6.818005207225083e-06,-6.833835071363425e-06,-6.780789736725781e-06,-6.6567696841959645e-06,-6.460024431298968e-06,-6.189094250642382e-06,-5.843105531016897e-06,-5.422893015374672e-06,-4.934256882250208e-06,-4.392627565949332e-06,-3.961053331288779e-06,-3.5377160804192224e-06,-3.12643756472028e-06,-2.728296263120814e-06,-2.3443588430372854e-06,-1.9755508764202133e-06,-1.6225635459052607e-06,-1.2858752907271759e-06,-9.658006692949664e-07,-6.625370587529199e-07,-3.7620103721496277e-07,-1.0685464612272316e-07,1.4547629208095446e-07,3.8078956785588426e-07,5.990979147055876e-07,8.004229791886031e-07,9.847910110944425e-07,1.1522296250425617e-06,1.3027651660719678e-06,1.4364203399267518e-06,1.5532118834555091e-06,1.6531482338042367e-06,1.7362275742280834e-06,1.8024377269087202e-06,1.8517622924507096e-06,1.8842050502450864e-06,1.899866554420093e-06,1.8991576384429512e-06,1.8834297974356617e-06,1.8563211688042125e-06,-2.3530001585046136e-06,-2.395168201012903e-06,-2.4172334219234962e-06,-2.4188503978380834e-06,-2.3989925880188245e-06,-2.3572606403496156e-06,-2.2935802727582202e-06,-2.2079916998258566e-06,-2.1005556861091303e-06,-1.971319953722387e-06,-1.820311320712168e-06,-1.6475374439913785e-06,-1.4529915818922058e-06,-1.2366579856473688e-06,-9.9851731197542e-07,-7.385522001750652e-07,-4.567535129678348e-07,-1.5312798430189217e-07,1.722917134740409e-07,5.194330970208283e-07,8.881642737982108e-07,1.2782659696563135e-06,1.6893916392357745e-06,2.1210112632210773e-06,2.5723342554008615e-06,3.04220886738731e-06,3.5290012483882323e-06,4.030461844576543e-06,4.5435313498587354e-06,5.063501974857562e-06,5.5853962979864295e-06,6.369800854585131e-06,7.046692905884814e-06,7.619033919917693e-06,8.089813945078128e-06,8.470514952988586e-06,8.781331573595736e-06,9.052427492565646e-06,9.327502292237585e-06,9.669772288053292e-06,1.0170023930886845e-05,1.0953887822012046e-05,1.217299608408758e-05,1.3908513930340582e-05,1.562721847651367e-05,1.288062630203663e-05,2.501587405871355e-06,-7.900658024830892e-06,-1.0716912006753677e-05,-9.114456325515594e-06,-7.5420116343738766e-06,-6.533171004530265e-06,-6.007312664363957e-06,-5.813574667624768e-06,-5.827387301038333e-06,-5.959379275750186e-06,-6.148136527543022e-06,-6.3520782009272015e-06,-6.5431441598260865e-06,-6.702342701096246e-06,-6.816712363247497e-06,-6.877269454195082e-06,-6.87761900915368e-06,-6.813007401516863e-06,-6.6796755222753515e-06,-6.474441315513817e-06,-6.19451771320581e-06,-5.837671774189543e-06,-5.402894815678939e-06,-4.891112375837582e-06,-4.300789054937939e-06,-3.898961122180205e-06,-3.498605320845099e-06,-3.103538599800525e-06,-2.717377049138411e-06,-2.3424770128374437e-06,-1.9805732046643253e-06,-1.6329264068679224e-06,-1.300425920798208e-06,-9.836825974790682e-07,-6.831063084958116e-07,-3.989653620148588e-07,-1.3142984777718977e-07,1.193975751253319e-07,3.534600714187121e-07,5.707314721308411e-07,7.712055254680424e-07,9.548880746125483e-07,1.121791086288264e-06,1.2719277411523672e-06,1.405308006164417e-06,1.5219342905068009e-06,1.6217970609760098e-06,1.7048708790882089e-06,1.7711127061432138e-06,1.8204676011786395e-06,1.85289437494542e-06,1.868438119620096e-06,1.8673929127415198e-06,1.8505316301381128e-06,1.8180989753821273e-06,-2.302786112407805e-06,-2.351271006259582e-06,-2.3765855542554827e-06,-2.3792465633651636e-06,-2.359639368370371e-06,-2.317892053558502e-06,-2.254143608412325e-06,-2.1685362814471003e-06,-2.061190946813115e-06,-1.932196119125362e-06,-1.7816086185427793e-06,-1.6094596403002053e-06,-1.4157625513084958e-06,-1.200520892401536e-06,-9.637362945260436e-07,-7.054166489388013e-07,-4.25585226329264e-07,-1.2429171584287612e-07,1.9837353300020376e-07,5.422603640331912e-07,9.071324939666473e-07,1.2926310193628692e-06,1.6982239235290976e-06,2.123137023823868e-06,2.5662615482099597e-06,3.0260340521445858e-06,3.5002835787292222e-06,3.986030928123898e-06,4.47916680017009e-06,4.974438159634947e-06,5.4670405759382345e-06,6.337805774581048e-06,7.0824781641941285e-06,7.710952890687514e-06,8.237547457751732e-06,8.680917613197315e-06,9.06669635246663e-06,9.429409558847078e-06,9.814761743274089e-06,1.0281372649925204e-05,1.0898142283401391e-05,1.1725448059351262e-05,1.2744658311677872e-05,1.363275080062098e-05,1.3142457613155508e-05,9.569977032865594e-06,2.499402699750665e-06,-4.594095273184584e-06,-8.235407311522048e-06,-8.840628479273569e-06,-8.11389902480517e-06,-7.303012521615833e-06,-6.731758191891186e-06,-6.419847421566119e-06,-6.308380924032097e-06,-6.330424208809328e-06,-6.429875312504936e-06,-6.564084257950708e-06,-6.701927487999106e-06,-6.8210794291687565e-06,-6.9055817677799725e-06,-6.943937096290317e-06,-6.927685296845306e-06,-6.8503596357071386e-06,-6.706727587365244e-06,-6.492251781289874e-06,-6.202739661822374e-06,-5.834148187286174e-06,-5.382360827031711e-06,-4.842137886147347e-06,-4.208392524410531e-06,-3.8291500438387065e-06,-3.447822288152115e-06,-3.0681026365610167e-06,-2.694033670240213e-06,-2.3287814199934486e-06,-1.974643866385581e-06,-1.6332966839955524e-06,-1.3059472010645984e-06,-9.934519933961276e-07,-6.964094254344416e-07,-4.152309409503621e-07,-1.501943642312264e-07,9.85170981028972e-08,3.307866463305105e-07,5.465435190810579e-07,7.457481515467858e-07,9.283811059035616e-07,1.094434454331981e-06,1.2439046161473158e-06,1.3767858885819298e-06,1.4930641224445452e-06,1.5927102680194722e-06,1.675674007318028e-06,1.7418786506600566e-06,1.791220162063066e-06,1.8235751777953555e-06,1.8388195339125189e-06,1.8368331369524717e-06,1.81729271478525e-06,1.7797759573533866e-06,-2.2524217525142552e-06,-2.305031861043433e-06,-2.3326844256690263e-06,-2.3363724813467946e-06,-2.317043179716795e-06,-2.275309029220641e-06,-2.2115524196512413e-06,-2.126039210186013e-06,-2.0189592715371284e-06,-1.890445384276645e-06,-1.740586555248175e-06,-1.5694400589928865e-06,-1.3770427517654904e-06,-1.1634217585297127e-06,-9.286048626994405e-07,-6.726312154610005e-07,-3.9556322796739393e-07,-9.750075312475472e-08,2.2140104583626492e-07,5.609083695674335e-07,9.206777616437368e-07,1.3002146207843999e-06,1.6988179679367306e-06,2.1155078832432067e-06,2.548932105648855e-06,2.9972484762882237e-06,3.4579795952924804e-06,3.927834354811278e-06,4.402577289092163e-06,4.8772395973303005e-06,5.347591180064708e-06,6.293261255707716e-06,7.099448161876749e-06,7.780892932306338e-06,8.357519980424444e-06,8.852472808048502e-06,9.292999385552182e-06,9.711458042160074e-06,1.0144855748971254e-05,1.0630620032110246e-05,1.119269439007377e-05,1.1804517525955452e-05,1.2303139658202487e-05,1.2231643860271389e-05,1.0845403427913452e-05,7.4582079429204845e-06,2.491441860931915e-06,-2.497926471839051e-06,-5.953008827954106e-06,-7.452669718438579e-06,-7.683563591933426e-06,-7.3910010863760004e-06,-7.032887607754352e-06,-6.7735507508181314e-06,-6.641421570472189e-06,-6.6150308073946985e-06,-6.660135203906919e-06,-6.74369433370081e-06,-6.838118186174955e-06,-6.9217341909595535e-06,-6.977962903947944e-06,-6.994193174898568e-06,-6.960717601280238e-06,-6.869832825107153e-06,-6.715111965517323e-06,-6.490823462919031e-06,-6.1914516158422195e-06,-5.811232849013126e-06,-5.343538613955577e-06,-4.780562612001884e-06,-4.115251134659984e-06,-3.7531931633876334e-06,-3.3877538308763217e-06,-3.022196229447828e-06,-2.660352683491158e-06,-2.305491680872738e-06,-1.960154356351127e-06,-1.6262543823974235e-06,-1.3052150962798086e-06,-9.980815032623928e-07,-7.056110096982228e-07,-4.2834557439823697e-07,-1.6666779563808537e-07,7.915637399140287e-08,3.089455216429408e-07,5.22578745630925e-07,7.19977560927709e-07,9.01092004973132e-07,1.065889569553542e-06,1.2143458707811576e-06,1.3464361924069222e-06,1.4621272248960423e-06,1.5613685147673448e-06,1.6440833651091658e-06,1.7101591149069955e-06,1.7594363900785734e-06,1.7916940131121661e-06,1.8066171299894137e-06,1.8037091272481654e-06,1.7822120715793056e-06,1.74133674577873e-06,-2.2018947379336814e-06,-2.2562904656010994e-06,-2.284994486657269e-06,-2.2891415844731262e-06,-2.2699151065896357e-06,-2.2281675237173583e-06,-2.1644639950582565e-06,-2.079179974077001e-06,-1.972571652179505e-06,-1.8448155543272501e-06,-1.696033299943588e-06,-1.5263096233126578e-06,-1.3357072144589977e-06,-1.124279975821588e-06,-8.920856960964012e-07,-6.391990461495255e-07,-3.657258823945715e-07,-7.182000032770286e-08,2.422963070039893e-07,5.763062729632879e-07,9.297653729236397e-07,1.3020586048154066e-06,1.692346128124982e-06,2.09949529004964e-06,2.521997747347774e-06,2.9578717514156046e-06,3.4045527401627054e-06,3.858795002446216e-06,4.316661314382632e-06,4.773830009602381e-06,5.226787811422155e-06,6.231679242788651e-06,7.0875093569332355e-06,7.811564552698053e-06,8.426375717912767e-06,8.956015339265393e-06,9.425618652308114e-06,9.860596705056562e-06,1.0283458433655286e-05,1.0705428174656148e-05,1.1108066589709193e-05,1.14082967191835e-05,1.1406096699691015e-05,1.076233375104905e-05,9.07746604406412e-06,6.197108585413049e-06,2.4753886902645427e-06,-1.2685812273772475e-06,-4.215788135287409e-06,-6.0124124963807665e-06,-6.813384716425104e-06,-7.0190794196527e-06,-6.969820925035381e-06,-6.867274986454139e-06,-6.7967298890561e-06,-6.7795373113523585e-06,-6.808233904068783e-06,-6.865081973745826e-06,-6.9306449327735555e-06,-6.987232294798429e-06,-7.0199127895091964e-06,-7.01646389715076e-06,-6.966912269379065e-06,-6.8629601339654984e-06,-6.697417403481224e-06,-6.463672290295046e-06,-6.1551832565403615e-06,-5.764943625165733e-06,-5.284975976810423e-06,-4.706309107689909e-06,-4.021230403544902e-06,-3.6726168250196805e-06,-3.320662762165808e-06,-2.96809217589914e-06,-2.6182489889809963e-06,-2.2741783759300534e-06,-1.9383904313664113e-06,-1.6128683645823191e-06,-1.299144561289024e-06,-9.983852290550749e-07,-7.114660446430619e-07,-4.3903633324600513e-07,-1.8157171442191222e-07,6.058378665766183e-08,2.871846336936182e-07,4.980579676129785e-07,6.930834380567523e-07,8.721772094074594e-07,1.0352788869669105e-06,1.1823403080857036e-06,1.3133153066418185e-06,1.4281496821486106e-06,1.5267706699347573e-06,1.6090751401901305e-06,1.6749153033410296e-06,1.7240791897555504e-06,1.7562596770954087e-06,1.7709997913998938e-06,1.7676174705988759e-06,1.745173611823569e-06,1.702771349245325e-06,-2.1511997451306977e-06,-2.205384825388085e-06,-2.2338955905611756e-06,-2.237840270547932e-06,-2.2184271485444813e-06,-2.176594018147017e-06,-2.1129984986250152e-06,-2.0280903287644254e-06,-1.922178309300448e-06,-1.795477252864309e-06,-1.6481392549776057e-06,-1.480276095976542e-06,-1.291976975025575e-06,-1.0833239405978196e-06,-8.544064695705759e-07,-6.053363043664773e-07,-3.3626358380985603e-07,-4.739535168817027e-08,2.609823720983017e-07,5.884776646563382e-07,9.345595625231903e-07,1.2985174249262509e-06,1.6794118233380648e-06,2.0760166954173384e-06,2.4867538411870827e-06,2.909623349311828e-06,3.342140129434893e-06,3.781302685471404e-06,4.223660231081903e-06,4.665631871600751e-06,5.104428247175431e-06,6.1506664739234566e-06,7.040910734933296e-06,7.793281472536361e-06,8.430514047811893e-06,8.97508636873566e-06,9.44755264991536e-06,9.864425072882537e-06,1.0233537420333272e-05,1.0544926113856765e-05,1.0755397714963439e-05,1.0767689600820114e-05,1.041664359147364e-05,9.487531084565803e-06,7.806245688980472e-06,5.372261964498614e-06,2.450560370570102e-06,-4.930154394181733e-07,-2.992738509100985e-06,-4.783988609283686e-06,-5.867925656874911e-06,-6.419616871029281e-06,-6.655152676014013e-06,-6.741552475769876e-06,-6.778562946769355e-06,-6.8126348723907465e-06,-6.857945387202615e-06,-6.9120596449606235e-06,-6.9653493006242274e-06,-7.005992420448199e-06,-7.0223348134427065e-06,-7.003808838851543e-06,-6.941114002188043e-06,-6.826044232730861e-06,-6.651158113828817e-06,-6.409380331776898e-06,-6.093562778360707e-06,-5.696027562630521e-06,-5.208206480406583e-06,-4.620849988466825e-06,-3.926241944580326e-06,-3.58856125754155e-06,-3.24830498596536e-06,-2.9076515660517156e-06,-2.5693837092560826e-06,-2.236178063903258e-06,-1.9103604183994173e-06,-1.593855090831366e-06,-1.2882098810795889e-06,-9.946456894347788e-07,-7.141106980540241e-07,-4.473313009883509e-07,-1.9485703893696983e-07,4.2901270584444675e-08,2.656399858529598e-07,4.731369074644821e-07,6.652303502736078e-07,8.418019626448742e-07,1.0027622844288246e-06,1.148038119485714e-06,1.2775608786606675e-06,1.3912550886634725e-06,1.4890262097870483e-06,1.570746647088761e-06,1.6362381433776364e-06,1.6852473345276138e-06,1.7174092575578066e-06,1.7321956004406376e-06,1.7288593283523036e-06,1.7064439906893487e-06,1.6640752686645428e-06,-2.100337368512275e-06,-2.1527220836072857e-06,-2.179974306595788e-06,-2.183085107461929e-06,-2.1631728977943646e-06,-2.1211559963865983e-06,-2.05771353151142e-06,-1.9733289306542948e-06,-1.8683436980010606e-06,-1.7430012193448252e-06,-1.5974792029309626e-06,-1.4319139868315656e-06,-1.246420008337097e-06,-1.0411067279247199e-06,-8.160945585612132e-07,-5.715309574185001e-07,-3.0760767378011085e-07,-2.4580098369973368e-08,2.7721035297725467e-07,5.973099264729134e-07,9.351215238463085e-07,1.2898685452518234e-06,1.6605537201335564e-06,2.0459140978113737e-06,2.4443750921229618e-06,2.854009594321295e-06,3.272514127371427e-06,3.6972262421135317e-06,4.125231723931326e-06,4.553659610440117e-06,4.9803676757053755e-06,6.0488037828220065e-06,6.9566060283426814e-06,7.721363859369334e-06,8.364340222751076e-06,8.904927945779207e-06,9.358286011261445e-06,9.732667444451959e-06,1.0024863973286706e-05,1.0213004312770946e-05,1.024727802292997e-05,1.0042637029970142e-05,9.482503255099106e-06,8.447241139856947e-06,6.869472657592953e-06,4.7967655203465845e-06,2.41685331170084e-06,1.5462409898160694e-08,-2.1218116468478887e-06,-3.807637986937102e-06,-4.9951543283289295e-06,-5.752799141084902e-06,-6.2016984927623494e-06,-6.460450786639517e-06,-6.616781790477334e-06,-6.723998036022989e-06,-6.808490519935101e-06,-6.8792780029618025e-06,-6.935554230582755e-06,-6.971639058883477e-06,-6.97986901702682e-06,-6.952112602915236e-06,-6.880446440374425e-06,-6.757347571028591e-06,-6.575616092027692e-06,-6.328147776860293e-06,-6.007623776768802e-06,-5.606180025563841e-06,-5.115202994016737e-06,-4.5256734958352116e-06,-3.830234328012317e-06,-3.5018478828429595e-06,-3.171984200233014e-06,-2.8423324511949293e-06,-2.5151356128275405e-06,-2.1926617209740005e-06,-1.8769782988089923e-06,-1.5698714990544367e-06,-1.272834061720861e-06,-9.870847023578433e-07,-7.136003745849563e-07,-4.5315225219122427e-07,-2.0634084759177997e-07,2.637192622273235e-08,2.446346242168622e-07,4.4818215209002796e-07,6.368152927315417e-07,8.103832720185936e-07,9.687686620723734e-07,1.1118738932347598e-06,1.2396086393445758e-06,1.351877307048205e-06,1.4485657386118496e-06,1.5295259400904405e-06,1.5945570821505354e-06,1.6433802590548162e-06,1.6756045669893266e-06,1.6906856955760896e-06,1.6878929568292813e-06,1.6663412613587484e-06,1.6252486284508836e-06,-2.049312824115012e-06,-2.0986819778501344e-06,-2.1238110104321416e-06,-2.1255356195947636e-06,-2.1048266339226418e-06,-2.0625204213348978e-06,-1.999266157511762e-06,-1.9155460496719116e-06,-1.811713076205546e-06,-1.688026990050209e-06,-1.544683939846164e-06,-1.38184029365524e-06,-1.1996324754314973e-06,-9.981945202300131e-07,-7.776746766322392e-07,-5.382520916472219e-07,-2.8015443583336064e-07,-3.6772161899356954e-09,2.907945782172408e-07,6.027620069679809e-07,9.315846639322539e-07,1.2764503570931395e-06,1.6363429669340968e-06,2.0100106230027756e-06,2.395938125373433e-06,2.792330361569399e-06,3.197118149865903e-06,3.6080058360684424e-06,4.022593603212384e-06,4.4386320446950345e-06,4.85451757815511e-06,5.925791816994365e-06,6.834136926454165e-06,7.595636005401708e-06,8.229051088266293e-06,8.750144266928894e-06,9.169116595774837e-06,9.488092457825954e-06,9.697630155021719e-06,9.77234974409297e-06,9.667170570948285e-06,9.317595552921871e-06,8.649323996535843e-06,7.600710365787346e-06,6.154950186274388e-06,4.368039167949537e-06,2.3744106839142954e-06,3.5971800718663335e-07,-1.4905266707013258e-06,-3.0423231051997553e-06,-4.240430676740852e-06,-5.1027816728630945e-06,-5.692595264094388e-06,-6.086289545088194e-06,-6.3511498471629125e-06,-6.535879550562252e-06,-6.670528068117062e-06,-6.770530164150007e-06,-6.841428428557632e-06,-6.8827439010402765e-06,-6.89066913125004e-06,-6.8597460211783145e-06,-6.783805167914491e-06,-6.656412690197856e-06,-6.471004297185899e-06,-6.220826842531756e-06,-5.898770636364277e-06,-5.497175356682427e-06,-5.007758743763927e-06,-4.422033675380311e-06,-3.7331851808560917e-06,-3.4130617120046362e-06,-3.092659988295369e-06,-2.773259383403199e-06,-2.4566278568091233e-06,-2.144639629990165e-06,-1.8390811020150032e-06,-1.5415587090102993e-06,-1.253463885291365e-06,-9.759697590097086e-07,-7.100448026333979e-07,-4.5647472621774517e-07,-2.1588748036712052e-07,1.1221608618251165e-08,2.2446618523987166e-07,4.2354742540637044e-07,6.082349755215039e-07,7.783500839964061e-07,9.33750535052011e-07,1.0743168792776836e-06,1.1999393797373618e-06,1.3105050113999805e-06,1.405883719485479e-06,1.4859129219143306e-06,1.5503789573720027e-06,1.5989941118874408e-06,1.6313688258517726e-06,1.6469827738910312e-06,1.645169913736603e-06,1.6251608641826623e-06,1.58629516233565e-06,-1.998134791721994e-06,-2.043590873207994e-06,-2.0659230013850124e-06,-2.06580353156773e-06,-2.0440345335418326e-06,-2.00133775194233e-06,-1.938299315984197e-06,-1.855373380939263e-06,-1.752905299760377e-06,-1.6311583619385402e-06,-1.4903385160211886e-06,-1.330615946523844e-06,-1.1521440372998093e-06,-9.550766731789719e-07,-7.395848044014638e-07,-5.058730606796306e-07,-2.541970638956522e-07,1.511804390970043e-08,3.016574983683486e-07,6.048951047250382e-07,9.241699401583236e-07,1.2586623103981751e-06,1.6073704805081545e-06,1.969090812303085e-06,2.342405515158914e-06,2.725684450652496e-06,3.1171106026660257e-06,3.514743316863397e-06,3.9166398086579924e-06,4.321065488338711e-06,4.726843661185241e-06,5.782502600121617e-06,6.675456481899254e-06,7.419673078166048e-06,8.030929207909838e-06,8.52146125750941e-06,8.897588180627348e-06,9.157751984670522e-06,9.29036750374106e-06,9.271908055546176e-06,9.066583546442332e-06,8.629803273821328e-06,7.917530226639915e-06,6.901754562492854e-06,5.588319140780097e-06,4.029547036456106e-06,2.323520804580433e-06,5.968653304409959e-07,-1.0239416087298409e-06,-2.441268084589294e-06,-3.603573333031584e-06,-4.506176344056882e-06,-5.178697472801121e-06,-5.6673260416776965e-06,-6.01946861814744e-06,-6.274552527366106e-06,-6.460767737279028e-06,-6.595652339463086e-06,-6.688330890691687e-06,-6.741999884090422e-06,-6.756009233716344e-06,-6.727367847123117e-06,-6.6517213785745344e-06,-6.523919122441295e-06,-6.338287449856225e-06,-6.088706450632931e-06,-5.7685694252596136e-06,-5.370709358479761e-06,-4.887430031086179e-06,-4.3109526932313324e-06,-3.635095187186309e-06,-3.3226199848618135e-06,-3.0110350525247527e-06,-2.7012915515394577e-06,-2.3947608593452277e-06,-2.0929648964368897e-06,-1.7974162312314353e-06,-1.5095266257404754e-06,-1.2305600050689038e-06,-9.616140755083356e-07,-7.03619834963193e-07,-4.573516697258606e-07,-2.2344314851177797e-07,-2.4053239658459856e-09,2.0535445009926402e-07,3.995143301885812e-07,5.798209767818739e-07,7.460738820815748e-07,8.981109196713278e-07,1.035794832437686e-06,1.159000257105126e-06,1.2676007855811918e-06,1.3614554614313449e-06,1.4403940087916854e-06,1.5042000766444913e-06,1.5525921154516071e-06,1.5852028044001313e-06,1.601561427974936e-06,1.6010917178169897e-06,1.5831560553042463e-06,1.5472213111474603e-06,-1.946814457384329e-06,-1.9877197937098205e-06,-2.0067508890433334e-06,-2.004425418834785e-06,-1.981377201761497e-06,-1.9382011304858894e-06,-1.8754018893674324e-06,-1.793387148748308e-06,-1.6924791578609543e-06,-1.5729327555233265e-06,-1.4349545225820914e-06,-1.278721132605826e-06,-1.1043965313996413e-06,-9.121482253346999e-07,-7.021631567082036e-07,-4.7466364785657185e-07,-2.2992381840634258e-07,3.171324425958193e-08,3.09817459485861e-07,6.038530287970304e-07,9.131595403133902e-07,1.2369339552424738e-06,1.574215249687145e-06,1.9238744442645643e-06,2.284613998370666e-06,2.6549821106258846e-06,3.03340934378173e-06,3.418277065895151e-06,3.80802925708835e-06,4.201341254274214e-06,4.597362079068604e-06,5.6208283478085235e-06,6.484424535584763e-06,7.199706806391715e-06,7.779371574545712e-06,8.232569365077555e-06,8.562920075755181e-06,8.767203864873809e-06,8.834353745534359e-06,8.74516749932614e-06,8.473663583525358e-06,7.99117233226511e-06,7.273767969794713e-06,6.312248201472088e-06,5.121953349016804e-06,3.748323700165216e-06,2.2645862246802216e-06,7.606777746227983e-07,-6.736136951270951e-07,-1.965516418751463e-06,-3.0703773970928974e-06,-3.974019503486776e-06,-4.687247501233277e-06,-5.236114392048972e-06,-5.652053576828904e-06,-5.964591095276943e-06,-6.197439319736483e-06,-6.367373804299642e-06,-6.484797348684035e-06,-6.555015422804124e-06,-6.579602531675459e-06,-6.557560130558949e-06,-6.486174209185422e-06,-6.361585381548202e-06,-6.179124664993626e-06,-5.933477255451197e-06,-5.618737365760333e-06,-5.228427511474678e-06,-4.755600809543436e-06,-4.193288154402727e-06,-3.5359836620531224e-06,-3.2308227064719024e-06,-2.9276224124792463e-06,-2.627079460676598e-06,-2.330245815271409e-06,-2.0383425646184487e-06,-1.752632009975819e-06,-1.4743335209873478e-06,-1.204572366810739e-06,-9.443526507705859e-07,-6.945471319491754e-07,-4.558983069587976e-07,-2.2902654928730003e-07,-1.4442290065790812e-08,1.8743983096634628e-07,3.7628618595905916e-07,5.518295443966504e-07,7.138550173157011e-07,8.621866714754819e-07,9.966747294811431e-07,1.117183137900649e-06,1.2235771931359166e-06,1.3157108590140922e-06,1.3934134171291792e-06,1.4564752492963474e-06,1.5046330606142012e-06,1.5375560814065158e-06,1.5548373930540258e-06,1.555999790321596e-06,1.5405367425446034e-06,1.5080354787431178e-06,-1.8953647491937508e-06,-1.9312892628202284e-06,-1.9466599812414962e-06,-1.941856732433925e-06,-1.917357628663683e-06,-1.8736315400831352e-06,-1.8110941964745445e-06,-1.7300956974284946e-06,-1.6309237714812698e-06,-1.5138145206347775e-06,-1.37896627014397e-06,-1.2265543721655284e-06,-1.0567460797415328e-06,-8.697152740495423e-07,-6.656571316338888e-07,-4.4480291545256467e-07,-2.0743505280509844e-07,4.609743684701697e-08,3.153632732576104e-07,5.998333693602738e-07,8.988661258423712e-07,1.2116947593671336e-06,1.5374184698898099e-06,1.8750000104479632e-06,2.2232731143497967e-06,2.5809642050410997e-06,2.9467337219831947e-06,3.319242955321146e-06,3.697252000331363e-06,4.079752524627974e-06,4.466133813155386e-06,5.443387971527264e-06,6.2661312357492895e-06,6.943450570811581e-06,7.485105907722039e-06,7.8976941659438e-06,8.18311844310911e-06,8.33783608547012e-06,8.352630193306126e-06,8.213191638258779e-06,7.902025136432957e-06,7.402119548195117e-06,6.702353399470037e-06,5.803773655536537e-06,4.7249831139972895e-06,3.504452998492606e-06,2.1981118100033352e-06,8.720848777006946e-07,-4.0764907690407173e-07,-1.585608935134534e-06,-2.6240945098368587e-06,-3.5056365436992257e-06,-4.2307401720639735e-06,-4.8125728465036766e-06,-5.270783274643952e-06,-5.626220333581185e-06,-5.897418787085308e-06,-6.098883244871998e-06,-6.240720655630699e-06,-6.3290579338321335e-06,-6.366783751340859e-06,-6.35432221395353e-06,-6.2902920503538915e-06,-6.172001771822304e-06,-5.995784522450991e-06,-5.757201644974252e-06,-5.451156764521644e-06,-5.071977285652389e-06,-4.613560140806344e-06,-4.069799657353949e-06,-3.435885248342949e-06,-3.1378888787042462e-06,-2.842796093940221e-06,-2.551111496576192e-06,-2.2636366951915057e-06,-1.9813440529949115e-06,-1.705276374285139e-06,-1.4364731094982897e-06,-1.1759201479298145e-06,-9.245189314407246e-07,-6.83070428819723e-07,-4.522699311172402e-07,-2.3270931152235313e-07,-2.488412666834869e-08,1.7079638759544218e-07,3.5399779670044513e-07,5.244483286370076e-07,6.819266588099023e-07,8.262498915152489e-07,9.572618182359246e-07,1.0748214032906228e-06,1.1787913732457535e-06,1.2690267736077712e-06,1.3453634346188232e-06,1.4076065263641844e-06,1.4555199035939653e-06,1.4888179308280347e-06,1.5071632281455238e-06,1.5101768616081233e-06,1.4974734735005214e-06,1.4687474393007274e-06,-1.8437997401614275e-06,-1.8744758971181991e-06,-1.8859467908489546e-06,-1.8784744237584367e-06,-1.8523996144919376e-06,-1.8080737492365363e-06,-1.745823536200587e-06,-1.6659362178245914e-06,-1.5686573720510668e-06,-1.454196136073123e-06,-1.3227345249007284e-06,-1.1744388365967826e-06,-1.0094720444843375e-06,-8.280066499924443e-07,-6.302377898905391e-07,-4.163965340009582e-07,-1.8676332917090588e-07,5.8318525991400626e-08,3.1842964083465556e-07,5.930620198263743e-07,8.816080810049439e-07,1.1833524079813876e-06,1.497467921553031e-06,1.8230187094149123e-06,2.1589723294851876e-06,2.5042249116040094e-06,2.8576426510097568e-06,3.218123015655058e-06,3.584677665818472e-06,3.956535691925973e-06,4.3332576015576004e-06,5.253190195836807e-06,6.026222859197184e-06,6.659079873485543e-06,7.158852008153309e-06,7.530070565982384e-06,7.773602255994446e-06,7.88629428161397e-06,7.861184028836686e-06,7.688426664798164e-06,7.3571756569785715e-06,6.858521906632692e-06,6.189262463297626e-06,5.3558050445002286e-06,4.3771149925129015e-06,3.2855313695692607e-06,2.1246956034423003e-06,9.446902325942164e-07,-2.0454271159544282e-07,-1.2797898015750381e-06,-2.2494470451444436e-06,-3.0956243595758956e-06,-3.8133769631998826e-06,-4.407821571752553e-06,-4.890312518246245e-06,-5.274773307792351e-06,-5.574878937918316e-06,-5.802316183456723e-06,-5.966003113541345e-06,-6.071986864211355e-06,-6.123725714333502e-06,-6.1225264397650504e-06,-6.067991703706349e-06,-5.958402961121732e-06,-5.791012976133635e-06,-5.562251636606069e-06,-5.267867084333952e-06,-4.903041807213504e-06,-4.462559127253377e-06,-3.941198016613418e-06,-3.334847350161951e-06,-3.0439820557529227e-06,-2.756829028048767e-06,-2.473751578984797e-06,-2.195359546975995e-06,-1.9224245391205724e-06,-1.6558022439232145e-06,-1.3963698164169537e-06,-1.1449796409234289e-06,-9.024280410769479e-07,-6.69436444825663e-07,-4.4664228350199286e-07,-2.3459709874853064e-07,-3.3769714333604765e-08,1.5544723228903032e-07,3.327286833695168e-07,4.978073951021891e-07,6.504636248306737e-07,7.905146465222893e-07,9.178042967633353e-07,1.0321926404956486e-06,1.1335457931009575e-06,1.22172595296422e-06,1.2965818108287907e-06,1.3579397519499731e-06,1.4055967136684343e-06,1.4393162715404902e-06,1.4588305725609995e-06,1.4638522370762515e-06,1.454102698670495e-06,1.4293678749180539e-06,-1.792134190199463e-06,-1.8174189686183084e-06,-1.8248471493719266e-06,-1.8145832703948745e-06,-1.7868513257456072e-06,-1.7418977440024338e-06,-1.679964798107675e-06,-1.6012757699885689e-06,-1.506029604651188e-06,-1.3944022860577797e-06,-1.266552593785888e-06,-1.1226305374879301e-06,-9.62787350421315e-07,-7.871863638612303e-07,-5.960143696994375e-07,-3.8949322933630436e-07,-1.678915294296729e-07,6.846396001019858e-08,3.191773898516449e-07,5.837740521477814e-07,8.616925243687458e-07,1.1522798580884077e-06,1.4547912892333083e-06,1.7683963172827444e-06,2.0921933289135255e-06,2.425235132024085e-06,2.766567665252258e-06,3.1152835151431842e-06,3.470590299107041e-06,3.8318905679631365e-06,4.198862075117216e-06,5.053327741441133e-06,5.770344255270036e-06,6.354480606751861e-06,6.810474665879157e-06,7.141185826881784e-06,7.34684856936751e-06,7.424962393776642e-06,7.37069117205449e-06,7.177832817549694e-06,6.840433470058788e-06,6.355005158384226e-06,5.72309196006419e-06,4.953683836858391e-06,4.064810689337717e-06,3.083680951709365e-06,2.0450178620794124e-06,9.87736046329743e-07,-4.938080339407179e-08,-1.0320075560037512e-06,-1.9336170365414175e-06,-2.7371705979998777e-06,-3.4350175581595464e-06,-4.027350807146524e-06,-4.5198546920288365e-06,-4.92121265541351e-06,-5.240974051304071e-06,-5.4880298642455546e-06,-5.669723316094319e-06,-5.791481160780974e-06,-5.856799200451548e-06,-5.867424957769495e-06,-5.823618946418785e-06,-5.724419606065359e-06,-5.567873535255046e-06,-5.35121913614176e-06,-5.071030593093677e-06,-4.723346812753538e-06,-4.303841373788687e-06,-3.8081747621656593e-06,-3.232928021579571e-06,-2.949228182553585e-06,-2.6699211189064915e-06,-2.39526911602564e-06,-2.125738245783114e-06,-1.861941103655664e-06,-1.6045770155008296e-06,-1.3543802056876455e-06,-1.1120790845820862e-06,-8.783667908532027e-07,-6.538817935335653e-07,-4.3919683673659343e-07,-2.348144214828382e-07,-4.116716120779195e-08,1.4137840253508695e-07,3.1251565471226234e-07,4.7199028962859545e-07,6.195918407008276e-07,7.55144781901631e-07,8.784994815589299e-07,9.89523198230616e-07,1.088091275229177e-06,1.1740787246619402e-06,1.247352509642219e-06,1.3077650552498698e-06,1.3551498616733307e-06,1.3893205518709725e-06,1.4100752042224238e-06,1.4172082329890335e-06,1.410531954265583e-06,1.389908021315594e-06,-1.7403832020919638e-06,-1.7602263851177916e-06,-1.7635445054351245e-06,-1.7504237633721244e-06,-1.7209915583213567e-06,-1.6754033780849812e-06,-1.6138241803023318e-06,-1.536414919889034e-06,-1.4433258056862412e-06,-1.3346952725289629e-06,-1.210653153447047e-06,-1.0713266997432066e-06,-9.168484244513696e-07,-7.473650543934181e-07,-5.6304710583861e-07,-3.640987360807546e-07,-1.5076757434228676e-07,7.66457889151026e-08,3.1777906496134287e-07,5.722008394846755e-07,8.394052072344359e-07,1.118809450997037e-06,1.409755991830197e-06,1.7115200619831605e-06,2.023324702134721e-06,2.3443646798770546e-06,2.6738406535839794e-06,3.011004208809606e-06,3.3552130291868735e-06,3.7059928938358874e-06,4.0630977855528305e-06,4.846742264535021e-06,5.503743566702904e-06,6.036775909657137e-06,6.448548271199765e-06,6.740548588351205e-06,6.912582603077073e-06,6.962794358744951e-06,6.888101954977783e-06,6.685060209840666e-06,6.351144287675679e-06,5.886361974698961e-06,5.294973929061163e-06,4.586976251314388e-06,3.778939112329305e-06,2.893853049254781e-06,1.959827476869415e-06,1.0077721287872619e-06,6.8478457583495e-08,-8.303030428787007e-07,-1.6661936062559064e-06,-2.423507942442593e-06,-3.093436065023405e-06,-3.6732402470360313e-06,-4.164814631736543e-06,-4.573011941733937e-06,-4.904079181332828e-06,-5.164415355362798e-06,-5.3597279394194926e-06,-5.494561544545458e-06,-5.572116228327236e-06,-5.594258161191454e-06,-5.56163676933746e-06,-5.47384516593291e-06,-5.329584545252191e-06,-5.126813491868957e-06,-4.86287942003897e-06,-4.534645213628925e-06,-4.13865048176046e-06,-3.6714149350667913e-06,-3.1301941267297513e-06,-2.853727923940072e-06,-2.582219864362969e-06,-2.3158624780181085e-06,-2.0550163887256607e-06,-1.800170110555941e-06,-1.5518940253929716e-06,-1.310798350358472e-06,-1.0774985704142437e-06,-8.525891665061816e-07,-6.366252223367406e-07,-4.301109030601351e-07,-2.3349357701219035e-07,-4.7162346403364217e-08,1.2855013098110145e-07,2.9336347380803965e-07,4.4704381940809777e-07,5.893970557832795e-07,7.202614736073089e-07,8.395001561614186e-07,9.469933568542547e-07,1.0426310961066486e-06,1.1263062495780426e-06,1.1979085063235593e-06,1.2573197535529672e-06,1.304411685707299e-06,1.3390466957230573e-06,1.3610832572889277e-06,1.3703867024720177e-06,1.3668445564475434e-06,1.3503794018776946e-06,-1.6885619701911746e-06,-1.7029799719375108e-06,-1.7021778391635696e-06,-1.68618049844008e-06,-1.655037402264419e-06,-1.6088269728886896e-06,-1.547644965114291e-06,-1.4715931882644378e-06,-1.3807726402497138e-06,-1.2752812479770984e-06,-1.1552153403445587e-06,-1.0206738355422863e-06,-8.717642673374214e-07,-7.086099753289619e-07,-5.3135795602536e-07,-3.401869857446177e-07,-1.353156769633346e-07,8.298987955542294e-08,3.1440929674289364e-07,5.585624137078423e-07,8.150058150418604e-07,1.0832321614736942e-06,1.3626733006515426e-06,1.652708244656798e-06,1.9526771369401206e-06,2.261902227138028e-06,2.579716560152736e-06,2.9055005009215986e-06,3.238725310948567e-06,3.579001727652585e-06,3.9261296956267945e-06,4.636070505179184e-06,5.231036033581335e-06,5.7120859913180274e-06,6.080212135063314e-06,6.335759685810073e-06,6.478186670624504e-06,6.5061416606348234e-06,6.4178555401857205e-06,6.2118413965522225e-06,5.887864163951262e-06,5.448080668501251e-06,4.898176469919609e-06,4.24826545417857e-06,3.513303604081583e-06,2.7128238645382554e-06,1.869926247850115e-06,1.009628353811145e-06,1.5684479019825638e-07,-6.656362433139451e-07,-1.4388108403219338e-06,-2.148482918268783e-06,-2.7855475650128058e-06,-3.3455989165135667e-06,-3.82805371991378e-06,-4.2350359156641976e-06,-4.5702508727445e-06,-4.838013902561139e-06,-5.0425176311949486e-06,-5.187352525284452e-06,-5.275247942147677e-06,-5.307979256736515e-06,-5.286384241393402e-06,-5.2104409293606055e-06,-5.079372780614709e-06,-4.8917607666256275e-06,-4.645654492062501e-06,-4.338687344435821e-06,-3.96822129101288e-06,-3.5315978116125298e-06,-3.02671966393936e-06,-2.7575651003224766e-06,-2.493835414826483e-06,-2.2356771905625058e-06,-1.9833754740679745e-06,-1.7373229923641082e-06,-1.4979845053682053e-06,-1.2658633939317956e-06,-1.0414733058481328e-06,-8.253158093487908e-07,-6.178640382073695e-07,-4.1955178902311955e-07,-2.3076727557299252e-07,-5.185066442278685e-08,1.1690545348439746e-07,2.752534075112046e-07,4.229862401953102e-07,5.599324575376829e-07,6.859501378299019e-07,8.009207180768075e-07,9.047427292957325e-07,9.97325745021663e-07,1.078584846535583e-06,1.1484359964256567e-06,1.206792844875479e-06,1.2535656491254494e-06,1.288663103634335e-06,1.3119977916255428e-06,1.3234952261462745e-06,1.3231037289006087e-06,1.3107936333725601e-06,-1.636685604136675e-06,-1.6457400983731385e-06,-1.6408489931198282e-06,-1.6219905369799765e-06,-1.5891525410046499e-06,-1.5423490520526587e-06,-1.4816146400314578e-06,-1.4069957719678292e-06,-1.3185447286252732e-06,-1.2163170270294612e-06,-1.1003719446580162e-06,-9.707754172053688e-07,-8.276046029869626e-07,-6.709535251609894e-07,-5.009393245104791e-07,-3.177087448572091e-07,-1.214445186832817e-07,8.762867853721598e-08,3.092390759383477e-07,5.43063898973597e-07,7.887272406293277e-07,1.045800347691241e-06,1.3138050445144195e-06,1.592221063469874e-06,1.8804980244271459e-06,2.1780726698115704e-06,2.484391693247532e-06,2.798940122960774e-06,3.121274900516594e-06,3.4510635771436278e-06,3.788130523152799e-06,4.4235637227568474e-06,4.956098192460279e-06,5.3854569613107726e-06,5.711204889132523e-06,5.932725221348573e-06,6.049147487406483e-06,6.059441799086797e-06,5.962734017701211e-06,5.758837356263538e-06,5.448955191457056e-06,5.036466679703002e-06,4.527664663671882e-06,3.932288260860794e-06,3.263696572510593e-06,2.538575290649073e-06,1.7761518943760547e-06,9.969995772486537e-07,2.2160597796580364e-07,-5.310597137559197e-07,-1.2447475312033549e-06,-1.9067187612963119e-06,-2.5080480579077166e-06,-3.043458239518904e-06,-3.5107932922229693e-06,-3.91027896014223e-06,-4.243722194109322e-06,-4.513770654596611e-06,-4.723307779704863e-06,-4.875013269262627e-06,-4.971083538136169e-06,-5.013085620629455e-06,-5.001909991532308e-06,-4.9377890573537286e-06,-4.820354517248531e-06,-4.648715189110638e-06,-4.421545596797488e-06,-4.137185092205459e-06,-3.793761885749026e-06,-3.3893902105736365e-06,-2.922584201330779e-06,-2.660812396999794e-06,-2.404851538123268e-06,-2.1548199519448663e-06,-1.9109497766412356e-06,-1.6735601289470342e-06,-1.4430291562123938e-06,-1.2197680960350505e-06,-1.0041989148927038e-06,-7.967362267331637e-07,-5.977736156432384e-07,-4.0767410415351123e-07,-2.2676428179463482e-07,-5.5331503284054946e-08,1.0637645109310308e-07,2.581498207397939e-07,3.9981391382269757e-07,5.312251793812103e-07,6.522666487191667e-07,7.628430364937568e-07,8.62875761284492e-07,9.522981457723521e-07,1.0310510913526434e-06,1.0990795904550683e-06,1.1563305333782821e-06,1.2027523587175213e-06,1.2382971192293142e-06,1.2629253092088502e-06,1.2766128238544659e-06,1.2793562055093057e-06,1.2711622895330464e-06,-1.5847690128557996e-06,-1.5885497437213881e-06,-1.5796293921612717e-06,-1.5579514833333992e-06,-1.5234557364851617e-06,-1.4761026724145291e-06,-1.4158728490295785e-06,-1.3427611209638605e-06,-1.2567719709659478e-06,-1.157917305868199e-06,-1.04621663766121e-06,-9.21699161675e-07,-7.844071935038222e-07,-6.344004881023225e-07,-4.7176104684067e-07,-2.96598085434018e-07,-1.0905287436075781e-07,9.069682909627477e-08,3.024330589506424e-07,5.258949735471338e-07,7.607776441952616e-07,1.006732756247363e-06,1.2633717197333584e-06,1.5302716912720355e-06,1.8069849570064978e-06,2.0930520037444534e-06,2.3880184282372266e-06,2.691455712084892e-06,3.0029862047326172e-06,3.3223145867259565e-06,3.6492751503437978e-06,4.2110640856192635e-06,4.682056040381995e-06,5.060898603050623e-06,5.345994569436335e-06,5.535915999625059e-06,5.629460693424714e-06,5.625744418535105e-06,5.524434616294357e-06,5.326131976725064e-06,5.032860024171989e-06,4.648590822790747e-06,4.179711011269668e-06,3.6353218696089597e-06,3.0272773651812085e-06,2.3698988497592235e-06,1.6793607670144189e-06,9.728068873314543e-07,2.67314486083263e-07,-4.2114196024780837e-07,-1.0785757627266737e-06,-1.693603573828023e-06,-2.257730697808024e-06,-2.7653097234098897e-06,-3.213230652233128e-06,-3.600433933564619e-06,-3.9273461073578775e-06,-4.19532501523619e-06,-4.4061761854404035e-06,-4.561773247999967e-06,-4.663790226961535e-06,-4.713536073122415e-06,-4.711872498739986e-06,-4.65919365197912e-06,-4.5554481882553715e-06,-4.400188738558995e-06,-4.192639219565288e-06,-3.931776596735014e-06,-3.616432341136758e-06,-3.245436330658924e-06,-2.8178714068511017e-06,-2.5635351875565662e-06,-2.3153336168135028e-06,-2.0733694386511445e-06,-1.8378384526016407e-06,-1.6090028415771627e-06,-1.3871689093244174e-06,-1.172667612548343e-06,-9.658378542432704e-07,-7.670127659482309e-07,-5.765090707520798e-07,-3.9461941553824996e-07,-2.2160739876545814e-07,-5.77049237490097e-08,9.688852865752976e-08,2.420051062785842e-07,3.775066345664929e-07,5.032818263201583e-07,6.192429253641904e-07,7.253220229318339e-07,8.214672684009798e-07,9.076392009848774e-07,9.838074579985276e-07,1.0499481662752073e-06,1.1060423862991213e-06,1.1520760271819818e-06,1.1880416178962049e-06,1.2139420282320791e-06,1.2297951736388998e-06,1.2356353870636844e-06,1.2314968110257197e-06,-1.532826836448168e-06,-1.5314381081603137e-06,-1.5185662050963984e-06,-1.4941291865120598e-06,-1.4580292574071855e-06,-1.4101820127194014e-06,-1.3505198151461805e-06,-1.2789890553871762e-06,-1.1955473363741887e-06,-1.1001621515034837e-06,-9.928111894857654e-07,-8.734839727393306e-07,-7.421844519100251e-07,-5.989342058257145e-07,-4.4377595021778556e-07,-2.7677710750046625e-07,-9.803322165005065e-08,9.232898633861584e-08,2.9414913404457453e-07,5.072314967066774e-07,7.313443895663627e-07,9.66220897665951e-07,1.2115612475354924e-06,1.4670370990943126e-06,1.7322979844693264e-06,2.0069800382810945e-06,2.2907171024042807e-06,2.5831544368340483e-06,2.8839662269360713e-06,3.192881670172603e-06,3.5097361601771518e-06,4.0000201728741775e-06,4.411333351744719e-06,4.741483947463477e-06,4.98794979062916e-06,5.148623505888847e-06,5.221967056100764e-06,5.207096336214858e-06,5.103942636067712e-06,4.913511245634327e-06,4.638207491363547e-06,4.282174955005759e-06,3.851576598524365e-06,3.35474677563011e-06,2.8021532301208682e-06,2.2061339661578015e-06,1.5804111700116575e-06,9.394258388824146e-07,2.975726071456231e-07,-3.315648687888557e-07,-9.358773545779376e-07,-1.505212033948348e-06,-2.031627977385833e-06,-2.5094206676773064e-06,-2.9349473958742385e-06,-3.3063097548457836e-06,-3.622958955186599e-06,-3.885285513583245e-06,-4.094241275006868e-06,-4.2510240615839e-06,-4.356838178529744e-06,-4.412730588532383e-06,-4.419493991208918e-06,-4.37762406999252e-06,-4.287317734551661e-06,-4.148500996386268e-06,-3.960878027977498e-06,-3.723996166152517e-06,-3.4373246377305198e-06,-3.100347091770086e-06,-2.712667675788354e-06,-2.4657940834798543e-06,-2.225334537697848e-06,-1.991384709316921e-06,-1.7641154307043948e-06,-1.5437437126687767e-06,-1.330514742967729e-06,-1.1246880991553642e-06,-9.265263486197781e-07,-7.362856624008776e-07,-5.542083958503766e-07,-3.805175815048137e-07,-2.1541320102278808e-07,-5.9070035883934963e-08,8.836313992332974e-08,2.2676327010301917e-07,3.5603186238812333e-07,4.7609318250326836e-07,5.868919839627959e-07,6.883909441527014e-07,7.805679702821269e-07,8.634135464034698e-07,9.36928316042801e-07,1.0011211316758988e-06,1.0560078432071103e-06,1.1016111189403189e-06,1.1379615332352501e-06,1.1650998486739462e-06,1.1830793841035914e-06,1.1919641370798634e-06,1.1918084521860825e-06,-1.480873415362364e-06,-1.4744238696178408e-06,-1.4576880384212522e-06,-1.4305650691162514e-06,-1.3929271446941827e-06,-1.3446510289600608e-06,-1.2856250045174112e-06,-1.2157492026055958e-06,-1.1349349432150942e-06,-1.043104656878175e-06,-9.401926525215988e-07,-8.26146598767873e-07,-7.009294937964821e-07,-5.645219061108616e-07,-4.1692430280293254e-07,-2.581593163411924e-07,-8.827382592020083e-08,9.265925731424875e-08,2.845396089294248e-07,4.872386254544874e-07,7.005991917669778e-07,9.244362010952495e-07,1.1585379389716438e-06,1.4026684195533108e-06,1.6565707265937426e-06,1.919971383743471e-06,2.1925858424308874e-06,2.4741255949470362e-06,2.7643090065884785e-06,3.062883176240623e-06,3.369680453851204e-06,3.7915259814096003e-06,4.145733289785511e-06,4.4294776037914e-06,4.6395197532243555e-06,4.773190762270367e-06,4.828620980574764e-06,4.804818174732636e-06,4.701771583485154e-06,4.5206155620054e-06,4.263834147955688e-06,3.9354659798057445e-06,3.5412600669850304e-06,3.088733400683282e-06,2.5870913015416076e-06,2.046990237197024e-06,1.480148065912737e-06,8.988335641135022e-07,3.1528979024038985e-07,-2.588410768415439e-07,-8.130235293193254e-07,-1.33820979865855e-06,-1.827062911744252e-06,-2.2740145722262413e-06,-2.675174957947668e-06,-3.0281291927815047e-06,-3.3316639360823844e-06,-3.585467371599534e-06,-3.789838964283305e-06,-3.9454347336901125e-06,-4.053062453499145e-06,-4.113531356762066e-06,-4.127553803083921e-06,-4.09569220011721e-06,-4.018342862144784e-06,-3.895748677923108e-06,-3.7280335235489674e-06,-3.515252069535479e-06,-3.257446589868133e-06,-2.954690972264422e-06,-2.6070608675582854e-06,-2.3676466460027592e-06,-2.1348991253634883e-06,-1.9089118761814e-06,-1.6898376201550248e-06,-1.4778555335068876e-06,-1.2731566034144813e-06,-1.0759349611599764e-06,-8.863814936142386e-07,-7.046786980896401e-07,-5.309965371214991e-07,-3.654892415025025e-07,-2.0829302311548956e-07,-5.9524631709569595e-08,8.071933593727668e-08,2.12362479771808e-07,3.3534810101676314e-07,4.49638270837495e-07,5.552125594532308e-07,6.520665170001294e-07,7.402099980453135e-07,8.196654304356522e-07,8.904661471094015e-07,9.526549248298861e-07,1.0062828993483232e-06,1.0514090326427038e-06,1.0881002420164088e-06,1.116432015062522e-06,1.1364883935065276e-06,1.1483572973153591e-06,1.1521082563188137e-06,-1.4289227876253097e-06,-1.4175181801146523e-06,-1.397010269573863e-06,-1.3672831432256434e-06,-1.32818329964123e-06,-1.2795520928498824e-06,-1.221235905560031e-06,-1.1530896189613454e-06,-1.0749783176431217e-06,-9.867786947696226e-07,-8.883805047356425e-07,-7.796880702662779e-07,-6.606217666955905e-07,-5.311194035408647e-07,-3.9113744324477583e-07,-2.406520189596115e-07,-7.965973128922524e-08,9.182178282945744e-08,2.7375350599198795e-07,4.6607490881357155e-07,6.687040081385715e-07,8.815375771995837e-07,1.1044514499286674e-06,1.337300838797562e-06,1.5799205713578264e-06,1.8321251819510702e-06,2.093708983275907e-06,2.36444692241223e-06,2.6440992093180463e-06,2.9324294656679127e-06,3.229266836627342e-06,3.5863714898025166e-06,3.886534161463413e-06,4.126471654246164e-06,4.302405863502243e-06,4.411211542096664e-06,4.450701708278632e-06,4.419703067787966e-06,4.318118332144752e-06,4.147020149450008e-06,3.908768079009703e-06,3.6071201905442207e-06,3.247304413592522e-06,2.836016243675223e-06,2.3813174700265155e-06,1.8924242103798452e-06,1.379389750985275e-06,8.527054302148774e-07,3.2285747343070885e-07,-2.001139179656161e-07,-7.070066773894761e-07,-1.1897615244074487e-06,-1.6416545899739522e-06,-2.0573705042229214e-06,-2.4329648310322e-06,-2.765737438636985e-06,-3.054045650365873e-06,-3.2970875518612745e-06,-3.494682622949495e-06,-3.6470706303724723e-06,-3.7547423296890413e-06,-3.818308537832924e-06,-3.838408553289454e-06,-3.815655129894391e-06,-3.750611176862447e-06,-3.643792624863477e-06,-3.4956916655189326e-06,-3.3068132494348264e-06,-3.077711277123314e-06,-2.8089874850141716e-06,-2.5011391645024915e-06,-2.2691485945629304e-06,-2.0440676284317445e-06,-1.8259895939515265e-06,-1.615051917491914e-06,-1.4113992172821496e-06,-1.2151715868558354e-06,-1.0265007245401484e-06,-8.455083465047462e-07,-6.723051761207287e-07,-5.069900494520491e-07,-3.496490643431457e-07,-2.0035480653640628e-07,-5.916570174616474e-08,7.387446735617361e-08,1.9873685473299252e-07,3.1540764263955134e-07,4.238879272703966e-07,5.241934000572606e-07,6.163538310915192e-07,7.004123669852964e-07,7.764246641220569e-07,8.44457890714793e-07,9.045896467601181e-07,9.569068653025997e-07,1.0015047568176754e-06,1.038485798336757e-06,1.0679585250531225e-06,1.0900350809358792e-06,1.1048239967410325e-06,1.1124070524251463e-06,-1.3769887058578198e-06,-1.3607274883979834e-06,-1.3365401355547958e-06,-1.3042968081690212e-06,-1.263819441036594e-06,-1.2149146061354645e-06,-1.1573868750030875e-06,-1.091045529186476e-06,-1.0157087692881178e-06,-9.312067373924103e-07,-8.373837647611368e-07,-7.340999856743721e-07,-6.212323889743174e-07,-4.986753700804669e-07,-3.663408530271373e-07,-2.2415806154080076e-07,-7.207302804081732e-08,8.99520592231323e-08,2.6193955605864433e-07,4.4389697491820535e-07,6.358173508493801e-07,8.37679171877431e-07,1.0494456544347861e-06,1.271063122121708e-06,1.5024582525949748e-06,1.7435340438945496e-06,1.9941646564217996e-06,2.2541902102001223e-06,2.5234153569602093e-06,2.8016236419276985e-06,3.088644425666351e-06,3.385096542920625e-06,3.6345868759461217e-06,3.8335166799357764e-06,3.97771698720468e-06,4.0636986041899685e-06,4.088979421168598e-06,4.052161468494208e-06,3.95296558945906e-06,3.7922767047359152e-06,3.5721995373567082e-06,3.2961060850529332e-06,2.9686507785115905e-06,2.595730699513699e-06,2.18437442280926e-06,1.7425528074626349e-06,1.278916886914482e-06,8.024798643457866e-07,3.222698648342848e-07,-1.5301441483339118e-07,-6.15312806262257e-07,-1.0574502172825301e-06,-1.4733024846358222e-06,-1.8578746901175118e-06,-2.2072962939745195e-06,-2.518746562519519e-06,-2.7903295578844004e-06,-3.0209200373842496e-06,-3.2100003978308794e-06,-3.3575052493268115e-06,-3.463685465333434e-06,-3.528998686868416e-06,-3.554029028518297e-06,-3.5394355554025756e-06,-3.485927038870405e-06,-3.3942592838345448e-06,-3.26525019968204e-06,-3.099804839510513e-06,-2.898932439187407e-06,-2.6637037776954272e-06,-2.3949900615946487e-06,-2.170354752359189e-06,-1.952878652826377e-06,-1.7426538250510671e-06,-1.5398014464662658e-06,-1.3444310197617335e-06,-1.1566315933297076e-06,-9.76472596098763e-07,-8.040069392223724e-07,-6.392740359887302e-07,-4.82302074812177e-07,-3.331094549302567e-07,-1.9170548804455918e-07,-5.809052543038485e-08,6.774432539543185e-08,1.8581774515790907e-07,2.9615887963078706e-07,3.988080398758928e-07,4.938173337701115e-07,5.812511495185739e-07,6.611864212563576e-07,7.337126139408048e-07,7.989313708883951e-07,8.569557733293678e-07,9.079091656857575e-07,9.519234937992046e-07,9.89137054052366e-07,1.0196913587044777e-06,1.0437261804981606e-06,1.061369821940035e-06,1.0727154669847399e-06,-1.3250846664556822e-06,-1.3040562717848203e-06,-1.2762816983918532e-06,-1.2416155479442963e-06,-1.199853017748874e-06,-1.1507636351027662e-06,-1.0941080569116665e-06,-1.029648165594923e-06,-9.571538613157825e-07,-8.764077336776447e-07,-7.872081026292005e-07,-6.89370714221424e-07,-5.827293203836714e-07,-4.6713535454458265e-07,-3.424569061376441e-07,-2.085771913304634e-07,-6.539271652951578e-08,8.718866159368758e-08,2.4924955824546943e-07,4.208645146305178e-07,6.021007946877854e-07,7.930181894047621e-07,9.936674494727228e-07,1.204086939463979e-06,1.4242971254340336e-06,1.6542926380769607e-06,1.8940320597224254e-06,2.1434267262152805e-06,2.4023330796557938e-06,2.6705625980578955e-06,2.9479517234059857e-06,3.1880429478295293e-06,3.3904068326603807e-06,3.5512414653936606e-06,3.666105664706953e-06,3.7312244628109027e-06,3.743847108808372e-06,3.702329460144732e-06,3.606152522029484e-06,3.455935632757461e-06,3.25345082323612e-06,3.0016272300817748e-06,2.704529529533852e-06,2.3672953270703963e-06,1.9960209731479718e-06,1.5975921944309058e-06,1.1794640720260139e-06,7.494028962010903e-07,3.152088481480115e-07,-1.1555790259190007e-07,-5.358249289906918e-07,-9.392096438467528e-07,-1.3201623538825162e-06,-1.674044456717341e-06,-1.9971436882709578e-06,-2.28663488830296e-06,-2.540499259114435e-06,-2.757417181552899e-06,-2.9366494663667204e-06,-3.07791997515093e-06,-3.181309545401674e-06,-3.247167799654041e-06,-3.276046273416321e-06,-3.2686537130581144e-06,-3.2258324799322617e-06,-3.1485535522818636e-06,-3.0379258851623e-06,-2.89521165470518e-06,-2.721825603471068e-06,-2.5192543860646368e-06,-2.288699489549303e-06,-2.071319929154033e-06,-1.8613718736290168e-06,-1.6589422765205087e-06,-1.4641314244130295e-06,-1.2770094017915914e-06,-1.0976106881307161e-06,-9.259398310854195e-07,-7.619792152583696e-07,-6.05696009371975e-07,-4.5704746511303765e-07,-3.159844879829931e-07,-1.824536713880613e-07,-5.639807384711038e-08,6.22429679284552e-08,1.7353471689694672e-07,2.775483627718001e-07,3.7436258914927944e-07,4.6406519924550165e-07,5.46754638928693e-07,6.225412674256724e-07,6.915482300350159e-07,7.539117851853813e-07,8.097809326061553e-07,8.593161817827041e-07,9.026872867269552e-07,9.400697330916813e-07,9.716396202960377e-07,9.975660930984173e-07,1.0179989134313638e-06,1.0330439449292653e-06,-1.2732239436663495e-06,-1.2475097598204086e-06,-1.2162408150453766e-06,-1.1792516623135494e-06,-1.136305189279275e-06,-1.0871286417327406e-06,-1.0314344138356287e-06,-9.689337180639286e-07,-8.993459734011961e-07,-8.224050483195888e-07,-7.378629729175762e-07,-6.454915793015957e-07,-5.450824740106587e-07,-4.364457115212119e-07,-3.194075065614397e-07,-1.938072968354387e-07,-5.9494452486529506e-08,8.367507086255623e-08,2.3584181947863302e-07,3.9714531494281546e-07,5.677255040726764e-07,7.477227096811972e-07,9.372755409441081e-07,1.1365161776671337e-06,1.3455624576006884e-06,1.564506349441471e-06,1.7933988763890272e-06,2.0322328823375586e-06,2.2809287151431906e-06,2.539338505207058e-06,2.8073162048672115e-06,2.995402030180943e-06,3.1542566248303394e-06,3.2799587781155896e-06,3.3678854803868406e-06,3.4140389477360485e-06,3.4154268058996287e-06,3.3701525229802745e-06,3.277426524626831e-06,3.1375597237969453e-06,2.9519510579593077e-06,2.7230637893052657e-06,2.454380543252419e-06,2.15032743584484e-06,1.8161607949718326e-06,1.4578148000818274e-06,1.0817139514410167e-06,6.945596916141928e-07,3.0310480395557414e-07,-8.606836167467617e-08,-4.667496702085566e-07,-8.332690161322478e-07,-1.1806202626059828e-06,-1.5045365708971606e-06,-1.8015177648530895e-06,-2.068815106858596e-06,-2.3043823187907687e-06,-2.5068035529486647e-06,-2.675209316668349e-06,-2.8091903513909895e-06,-2.9087175840422615e-06,-2.974073963562896e-06,-3.005801667737111e-06,-3.004666090752274e-06,-2.9716362994810267e-06,-2.9078800964060455e-06,-2.8147696590536158e-06,-2.6938884636666907e-06,-2.547014318119523e-06,-2.376003891650807e-06,-2.1823510664115087e-06,-1.9720999072068864e-06,-1.7695908159651233e-06,-1.574898866977172e-06,-1.388095021504488e-06,-1.2092018556899546e-06,-1.0381924106593007e-06,-8.750010459696766e-07,-7.195359227051918e-07,-5.716897534297749e-07,-4.3134791001735337e-07,-2.983938759620815e-07,-1.7271236011480645e-07,-5.4190494693763443e-08,5.7282450372831757e-08,1.618164378256056e-07,2.595227674731195e-07,3.505166123671892e-07,4.349197247201145e-07,5.128630770173315e-07,5.844892167990438e-07,6.499541124968255e-07,7.094282547026525e-07,7.630967561044025e-07,8.111581685334884e-07,8.538217089986126e-07,8.913025469054798e-07,9.238146965180681e-07,9.51560694573828e-07,9.74716051818952e-07,9.934027742255784e-07,-1.2214196213590158e-06,-1.191096736261922e-06,-1.1564302479977849e-06,-1.117227178592942e-06,-1.0732090023533032e-06,-1.0240524035255322e-06,-9.69414922112925e-07,-9.089524139939076e-07,-8.423309585232838e-07,-7.692344631484519e-07,-6.893687883212449e-07,-6.024630729316754e-07,-5.08268863572281e-07,-4.065575827041704e-07,-2.971168055918547e-07,-1.797457615619457e-07,-5.425044043036036e-08,7.956132405391321e-08,2.2188440212558942e-07,3.729201070044665e-07,5.328786102297749e-07,7.019794254950556e-07,8.804492550640383e-07,1.06851641432532e-06,1.2664010368258065e-06,1.4743004072218205e-06,1.6923692883066268e-06,1.920696566881215e-06,2.1592835682468325e-06,2.4080408664416293e-06,2.6668542800719038e-06,2.807256540162482e-06,2.9262183706723887e-06,3.019756968172432e-06,3.0831312134317003e-06,3.11216763551307e-06,3.1036566458260547e-06,3.0554526757682332e-06,2.966483923423769e-06,2.8367349932847577e-06,2.66721781204731e-06,2.4599301234682407e-06,2.217796084025533e-06,1.944583267256365e-06,1.6447924150921729e-06,1.3235195336256576e-06,9.862937132503467e-07,6.388976957248654e-07,2.8718108792585e-07,-6.312226768571293e-08,-4.065611947606041e-07,-7.381082782505528e-07,-1.0532678488353466e-06,-1.348147125014196e-06,-1.6194905649157364e-06,-1.8646809068358262e-06,-2.081713006273834e-06,-2.2691481579516505e-06,-2.4260570806661356e-06,-2.5519592734419156e-06,-2.646765271436196e-06,-2.7107267327569367e-06,-2.7443975470037575e-06,-2.7486074745600345e-06,-2.724448272529515e-06,-2.6732706489284287e-06,-2.596687873310822e-06,-2.4965757580413715e-06,-2.3750406961500565e-06,-2.2342721022610117e-06,-2.076025465199705e-06,-1.8727526902643213e-06,-1.6775859863324217e-06,-1.490578570151076e-06,-1.3117595664697574e-06,-1.14109200548529e-06,-9.784772608564008e-07,-8.237716080281006e-07,-6.768034940511861e-07,-5.373879012312328e-07,-4.0533693690264575e-07,-2.8046678820636287e-07,-1.6260154111088886e-07,-5.157446268562699e-08,5.2772667027134636e-08,1.5059164671427233e-07,2.4203091567820296e-07,3.272392018584684e-07,4.063694270863956e-07,4.795825762102388e-07,5.470512503420032e-07,6.089626162356046e-07,6.655204360342476e-07,7.169458190192547e-07,7.634762863368323e-07,8.053626874180399e-07,8.428634499828901e-07,8.762355444326004e-07,9.057212451610385e-07,9.315288003817788e-07,9.538021085483112e-07,-1.1696846150624297e-06,-1.1348325148818603e-06,-1.0968750654802915e-06,-1.055581102709299e-06,-1.0106178983427862e-06,-9.616002138925301e-07,-9.081219760597878e-07,-8.497777338643334e-07,-7.861768762380309e-07,-7.16952220277272e-07,-6.417641294285163e-07,-5.603011300658843e-07,-4.722778599617259e-07,-3.7743105651675355e-07,-2.7551417798075364e-07,-1.6629115882102174e-07,-4.952974072776783e-08,7.500520053950342e-08,2.0755789265092353e-07,3.4838696855976397e-07,4.977692352176577e-07,6.560011840317895e-07,8.233973740098434e-07,1.000284684352778e-06,1.1869913593722792e-06,1.383829859564413e-06,1.5910730268994908e-06,1.8089245786954174e-06,2.0374891705436646e-06,2.276759287770865e-06,2.526671508458646e-06,2.623616859760638e-06,2.7062559929850035e-06,2.77057847871127e-06,2.811764023410523e-06,2.8254947364772894e-06,2.808363416278689e-06,2.7579840915801355e-06,2.67300407782913e-06,2.5530813635706563e-06,2.398845594915775e-06,2.211845526504269e-06,1.9944809513671233e-06,1.7499163605190641e-06,1.4819747035207063e-06,1.1950117080985166e-06,8.937737061032703e-07,5.832443235601308e-07,2.684872926336996e-07,-4.5506306087658846e-08,-3.5395805329927464e-07,-6.524221775326394e-07,-9.368801687190866e-07,-1.203807167234458e-06,-1.4502099639637292e-06,-1.673638940785179e-06,-1.8721782702742733e-06,-2.044419983362135e-06,-2.189428040875956e-06,-2.3066983646795575e-06,-2.3961200368888824e-06,-2.457941743617947e-06,-2.4927462035436222e-06,-2.501433917508245e-06,-2.4852161355364943e-06,-2.4456152469876616e-06,-2.384467965866402e-06,-2.3039198087144134e-06,-2.2063794718399246e-06,-2.0943413472380003e-06,-1.969799878016823e-06,-1.7733401874230765e-06,-1.5854186530690596e-06,-1.4060529939129133e-06,-1.2352134529865657e-06,-1.0727872780422535e-06,-9.185905694730651e-07,-7.723912026534641e-07,-6.3393091084748e-07,-5.029429390364651e-07,-3.791646253973058e-07,-2.6234532014889344e-07,-1.5225039729938373e-07,-4.866217390242094e-08,4.862150752636183e-08,1.3979037997249008e-07,2.2502599146649944e-07,3.0450663435112976e-07,3.7841258836168034e-07,4.4693134614801377e-07,5.102625035285637e-07,5.686219792781379e-07,6.222451825252817e-07,6.713886744586362e-07,7.163297826573666e-07,7.573635301251944e-07,7.947961392784968e-07,8.289342311160986e-07,8.600685146652992e-07,8.884497773661357e-07,9.14251982359692e-07,-1.1180316762999437e-06,-1.078742199955857e-06,-1.0376184984005369e-06,-9.943771787239184e-07,-9.486146835775952e-07,-8.998694376989059e-07,-8.476610162696229e-07,-7.915157305927415e-07,-7.309827443744195e-07,-6.656430463369138e-07,-5.951129497406126e-07,-5.190434600469613e-07,-4.371166060286469e-07,-3.4903961467295114e-07,-2.545376276562333e-07,-1.5334551729678343e-07,-4.5199270260459356e-08,7.017262849667278e-08,1.930573601154731e-07,3.2376496038215445e-07,4.6263388452770805e-07,6.100341312860627e-07,7.663669061455515e-07,9.320595900745918e-07,1.1075546056067227e-06,1.2932907468076998e-06,1.4896759180832316e-06,1.6970516476228064e-06,1.9156539477837342e-06,2.1455871768526444e-06,2.386862957368962e-06,2.4444521055287606e-06,2.4942686385809786e-06,2.5322870567705966e-06,2.5536241005893276e-06,2.5538334557740656e-06,2.529323967107333e-06,2.4774803796563752e-06,2.3966792629131373e-06,2.2862641120952593e-06,2.146500243840861e-06,1.978515230105329e-06,1.7842256047882094e-06,1.5662493044718143e-06,1.3278036809552128e-06,1.0725901196098573e-06,8.04667848145274e-07,5.28321061566551e-07,2.4792471039018043e-07,-3.218503883385514e-08,-3.0782969656045484e-07,-5.750914707559944e-07,-8.303965464884235e-07,-1.0705765246405953e-06,-1.2929078457424148e-06,-1.4951308494130673e-06,-1.6754516226656107e-06,-1.8325308212641573e-06,-1.9654641409792794e-06,-2.0737590825159154e-06,-2.1573121679846227e-06,-2.216389934545575e-06,-2.2516159623948184e-06,-2.2639649686731543e-06,-2.254763605749126e-06,-2.225695790065415e-06,-2.1788072028520367e-06,-2.1164959681920153e-06,-2.0414548689486456e-06,-1.9564655255183228e-06,-1.8637475502672372e-06,-1.6739305361490562e-06,-1.4931656213407358e-06,-1.3214170889997398e-06,-1.1585741115465645e-06,-1.004427424393106e-06,-8.586909151298667e-07,-7.210316201691426e-07,-5.910964857969444e-07,-4.6853275647362866e-07,-3.5300182300616475e-07,-2.4418736648625413e-07,-1.417988949037182e-07,-4.557174116665679e-08,4.4735543974277176e-08,1.293456333475655e-07,2.084680822526282e-07,2.823057157053544e-07,3.510613481247531e-07,4.149444939121714e-07,4.741777407454476e-07,5.290024290165321e-07,5.796832113412964e-07,6.265109582547319e-07,6.698033359227216e-07,7.099022170804279e-07,7.471668991066871e-07,7.819618547335609e-07,8.146372512477689e-07,8.454991427865213e-07,8.747623123059803e-07,-1.0664733703267667e-06,-1.0228643659199972e-06,-9.78728445651721e-07,-9.337123346761129e-07,-8.873210792451493e-07,-8.389994577079287e-07,-7.881803412929566e-07,-7.343143564027071e-07,-6.768871859395479e-07,-6.154280370429608e-07,-5.49511683419555e-07,-4.787558911780574e-07,-4.028156083968113e-07,-3.213749560294104e-07,-2.341377885106034e-07,-1.408173967474562e-07,-4.112580365939714e-08,6.523694875807865e-08,1.7859310378435113e-07,2.9929658308139063e-07,4.277408144779997e-07,5.643641256559898e-07,7.096515627285448e-07,8.641316778723864e-07,1.0283665122494114e-06,1.2029327807156296e-06,1.3883923969012673e-06,1.5852516039785278e-06,1.7939118120498578e-06,2.0146266725704305e-06,2.2475136090932153e-06,2.269717081537907e-06,2.2901368804755254e-06,2.304725744186761e-06,2.3085331333598423e-06,2.2969862936236644e-06,2.2663178198380436e-06,2.2136954443260675e-06,2.13724142780537e-06,2.036006030395076e-06,1.9099178339040483e-06,1.7597190692448451e-06,1.586888824518337e-06,1.3935552398062829e-06,1.182397553650513e-06,9.565393823784151e-07,7.194354809627842e-07,4.7475516089048676e-07,2.2626629017878366e-07,-2.2275805328447892e-08,-2.672302871493597e-07,-5.051598927617168e-07,-7.329044353207172e-07,-9.476372475001261e-07,-1.146904494816223e-06,-1.3286486265198282e-06,-1.4912183685388196e-06,-1.6333684780361358e-06,-1.754252910378793e-06,-1.8534150857724526e-06,-1.930778614615333e-06,-1.9866412016265245e-06,-2.0216735546143683e-06,-2.036924001957957e-06,-2.0338281149546964e-06,-2.0142206348684263e-06,-1.9803433890031057e-06,-1.9348343806390104e-06,-1.880659733780781e-06,-1.8208806357895664e-06,-1.757937351942815e-06,-1.5746013330564594e-06,-1.400925424721187e-06,-1.2367974386299888e-06,-1.0819974256505404e-06,-9.361941358012061e-07,-7.989791796828537e-07,-6.699047080815747e-07,-5.485143908443701e-07,-4.3436561606540187e-07,-3.2704356136140137e-07,-2.2616858189367819e-07,-1.313984381391246e-07,-4.242671188941579e-08,4.1021484873065746e-08,1.1919564315465193e-07,1.9232717371424213e-07,2.606374116644844e-07,3.243459277595123e-07,3.836788297021416e-07,4.388767497891546e-07,4.902021752667459e-07,5.379456832660721e-07,5.824304917658202e-07,6.240145314711068e-07,6.630889811281741e-07,7.000718811403987e-07,7.353949831412595e-07,7.694811402715392e-07,8.027074023852374e-07,8.353428781412497e-07,-1.0150220169756768e-06,-9.67255324934574e-07,-9.203048509844696e-07,-8.737259957235275e-07,-8.269079328228387e-07,-7.791819795577322e-07,-7.298809729892259e-07,-6.783726051172808e-07,-6.240767566913794e-07,-5.664722014096972e-07,-5.050960978151579e-07,-4.3953863411625914e-07,-3.6943448976129884e-07,-2.9445226764823485e-07,-2.1428268120264106e-07,-1.2862602669691893e-07,-3.7179316945280557e-08,6.037661286760052e-08,1.6438969915437e-07,2.75248518177738e-07,3.933928255253494e-07,5.19321904267809e-07,6.535995151459788e-07,7.968538131843894e-07,9.497700964497969e-07,1.1130737519532553e-06,1.2875004756110069e-06,1.4737513603623545e-06,1.6724333515849582e-06,1.8839952433149026e-06,2.1086987291040573e-06,2.099376223981678e-06,2.0937635345399007e-06,2.0877677602715466e-06,2.076348708874803e-06,2.0547972131754436e-06,2.019172549181337e-06,1.966438949518684e-06,1.8944861282152606e-06,1.8020997170451109e-06,1.6889066231531489e-06,1.555305545187607e-06,1.4023871763709792e-06,1.2318463570263714e-06,1.0458876861831603e-06,8.471261064456752e-07,6.384843560681117e-07,4.2308968306071053e-07,2.0417264554626126e-07,-1.5028961111272193e-08,-2.3135809254621384e-07,-4.4181580849941016e-07,-6.436261401033397e-07,-8.342875329725858e-07,-1.0116109419187584e-06,-1.1737456480662427e-06,-1.3191947327299837e-06,-1.4468227864250036e-06,-1.5558587996794747e-06,-1.6458972514363646e-06,-1.7169001835182168e-06,-1.7692025426314534e-06,-1.8035222972413862e-06,-1.8209757746619677e-06,-1.8230971989745455e-06,-1.811859167763746e-06,-1.789686642377248e-06,-1.7594474486326269e-06,-1.724376556542898e-06,-1.6878166337134595e-06,-1.652433345857293e-06,-1.475444127941062e-06,-1.3088264700890735e-06,-1.1523626537121261e-06,-1.005688976300109e-06,-8.683219372961537e-07,-7.3970821547538e-07,-6.192702901225332e-07,-5.064406102941991e-07,-4.0068415044033143e-07,-3.0151125529286964e-07,-2.0848302009171974e-07,-1.2121121592207972e-07,-3.935438386683068e-08,3.7388658670104694e-08,1.0928698212340987e-07,1.7658672338752326e-07,2.395208199697803e-07,2.9831897564834896e-07,3.532176075370739e-07,4.0446953722180467e-07,4.5235313810504135e-07,4.971805324827543e-07,5.393042369583078e-07,5.791213713356973e-07,6.170741555604853e-07,6.536448824505336e-07,6.893427482601868e-07,7.246784234252868e-07,7.601186573450333e-07,7.960032753288817e-07,-9.63689582300486e-07,-9.119941985273143e-07,-8.624882114397068e-07,-8.14610435274074e-07,-7.676061068275296e-07,-7.206715533891368e-07,-6.730263149014042e-07,-6.239491461988561e-07,-5.727936206278921e-07,-5.189913666847615e-07,-4.620476556817947e-07,-4.0153231214847386e-07,-3.370678447983985e-07,-2.6831598878815094e-07,-1.9496337935834393e-07,-1.1670677268153561e-07,-3.323805100149704e-08,5.577082655503334e-08,1.5068274932746287e-07,2.519099721207256e-07,3.599277412197518e-07,4.752862502202407e-07,5.986197390440656e-07,7.306510107347476e-07,8.721889448639438e-07,1.0241157293357832e-06,1.1873596178645329e-06,1.3628484785538348e-06,1.5514404961588926e-06,1.7538345796905218e-06,1.970484110800191e-06,1.933425769356506e-06,1.9051109493896714e-06,1.8813622427312293e-06,1.8570124002645045e-06,1.8271970494014858e-06,1.7878028437889975e-06,1.7356067666368378e-06,1.6682934231431439e-06,1.5844191739131437e-06,1.4833506125084619e-06,1.3651894026893306e-06,1.2306891640372868e-06,1.0811673432575551e-06,9.184138532437081e-07,7.445979067076027e-07,5.621745243859743e-07,3.737924209471313e-07,1.8220519775466084e-07,-9.812117934957862e-09,-1.9953922683979314e-07,-3.8437774169695297e-07,-5.619082413500423e-07,-7.299366939335513e-07,-8.865304911229371e-07,-1.0300450788164507e-06,-1.1591428327638405e-06,-1.2728063426307495e-06,-1.3703485855752116e-06,-1.4514225609588363e-06,-1.5160328068826816e-06,-1.5645508177915133e-06,-1.5977357093828017e-06,-1.616760466964463e-06,-1.6232425853685713e-06,-1.6192753826229192e-06,-1.6074514272656157e-06,-1.5908585358270802e-06,-1.5730001595573418e-06,-1.5575105853658878e-06,-1.547294304425723e-06,-1.3765706805150426e-06,-1.2170378223525022e-06,-1.0683364787894413e-06,-9.299174734721385e-07,-8.011104166097396e-07,-6.811929154451216e-07,-5.694436449351002e-07,-4.6517779500947754e-07,-3.6776781702294807e-07,-2.7665312160866546e-07,-1.9134193165867768e-07,-1.114077871504061e-07,-3.648254430633548e-08,3.375281719694843e-08,9.957867426261332e-08,1.6124793250805535e-07,2.1899752109855837e-07,2.730599920166602e-07,3.236750867983668e-07,3.71101146613956e-07,4.156261834988652e-07,4.575782933261068e-07,4.973348575384622e-07,5.353296196215481e-07,5.720561804142723e-07,6.080656338862028e-07,6.439547264076244e-07,6.80338376180023e-07,7.177944643333487e-07,7.56752829939758e-07,-9.124875058603518e-07,-8.571890716548307e-07,-8.0546951326987e-07,-7.566222955011372e-07,-7.097179431321895e-07,-6.637960016403523e-07,-6.179511587585653e-07,-5.71369954813047e-07,-5.233420956410342e-07,-4.7325803080752425e-07,-4.205990655817223e-07,-3.649235425334628e-07,-3.058510965637711e-07,-2.4304608197817956e-07,-1.7620072163400104e-07,-1.0501819554629668e-07,-2.919569748093663e-08,5.1592591359442735e-08,1.3771264616146195e-07,2.2958778462004888e-07,3.2771561171866996e-07,4.326841213708116e-07,5.451859046673765e-07,6.660287951383877e-07,7.961404134534088e-07,9.365628333406767e-07,1.0884318544081271e-06,1.2529331830681843e-06,1.431225787877135e-06,1.6243226624124035e-06,1.832926108181714e-06,1.7719154200352473e-06,1.724236543459141e-06,1.6855765141615094e-06,1.6505927901859316e-06,1.6142429062424502e-06,1.5722435176826153e-06,1.5212062485731022e-06,1.4586451804794114e-06,1.3829297758275843e-06,1.2932134630412943e-06,1.1893512338623156e-06,1.0718125057486213e-06,9.415923341923586e-07,8.001226445958795e-07,6.491845918891405e-07,4.908230258926058e-07,3.272641087193296e-07,1.608372480617064e-07,-6.097425327861277e-09,-1.7121486187297634e-07,-3.322832089481912e-07,-4.872136204276726e-07,-6.341016149473498e-07,-7.712603834493052e-07,-8.972470078213925e-07,-1.0108830709349142e-06,-1.111271561703708e-06,-1.1978122645470831e-06,-1.2702179390571803e-06,-1.3285335183088893e-06,-1.3731602576246211e-06,-1.4048862051843933e-06,-1.4249234388148218e-06,-1.4349509683398242e-06,-1.4371594185768658e-06,-1.4342879917974054e-06,-1.429631410086582e-06,-1.4269619358697118e-06,-1.4302212034029673e-06,-1.4425731161135364e-06,-1.2781216610286693e-06,-1.1257835041679954e-06,-9.850142790906653e-07,-8.550306428761215e-07,-7.349376350773096e-07,-6.238201966276905e-07,-5.208018472197343e-07,-4.250782300825552e-07,-3.3593302137066275e-07,-2.527420863272006e-07,-1.7497008088643804e-07,-1.0216237254290844e-07,-3.3934212200983904e-08,3.004156910643135e-08,9.004753448803543e-08,1.4633482336510835e-07,1.9913632132931504e-07,2.486797572576962e-07,2.9520075197726783e-07,3.3895585589375884e-07,3.8023555253986167e-07,4.193770602217756e-07,4.567765084453049e-07,4.928996444817648e-07,5.282895309798053e-07,5.635685213324358e-07,5.994297046556161e-07,6.366088688334594e-07,6.758185176739914e-07,7.17600464303625e-07,-8.614264445156226e-07,-8.029845817323933e-07,-7.495019095389679e-07,-7.000953105475413e-07,-6.536289991367923e-07,-6.08966188246066e-07,-5.650693400431444e-07,-5.210342214776763e-07,-4.760934161752631e-07,-4.2960561672510867e-07,-3.8103860050065373e-07,-3.2994977849391804e-07,-2.7596619107789633e-07,-2.1876477641967372e-07,-1.5805316656717346e-07,-9.355094301978644e-08,-2.4971105607827236e-08,4.799856585176597e-08,1.257145623822554e-07,2.0859730954004513e-07,2.9715144114620945e-07,3.9198636345663424e-07,4.938363357555007e-07,6.035786506545703e-07,7.22247541082617e-07,8.510398933992038e-07,9.91306195990805e-07,1.144515693165106e-06,1.312177665126565e-06,1.4956902178995868e-06,1.6960713559730716e-06,1.614970789587401e-06,1.5513281607020996e-06,1.5006360509457152e-06,1.457323975139384e-06,1.4161515185023377e-06,1.3726760532078806e-06,1.3233756639635049e-06,1.26563796197316e-06,1.1976956574938937e-06,1.11854171675237e-06,1.027838008121791e-06,9.258234718441375e-07,8.132244531184655e-07,6.911683609775441e-07,5.611012112862954e-07,4.2470942978668057e-07,2.8384630956476445e-07,1.4046360580444172e-07,-3.45117958519492e-09,-1.4593127876361065e-07,-2.85080476276827e-07,-4.191160686688989e-07,-5.464051003426757e-07,-6.654944106080366e-07,-7.751354561205021e-07,-8.743052893032382e-07,-9.622254367334795e-07,-1.038380696283195e-06,-1.1025400270726427e-06,-1.154781713035764e-06,-1.1955248052286617e-06,-1.2255684339479028e-06,-1.2461398048672885e-06,-1.2589502432268707e-06,-1.2662557411176123e-06,-1.2709121030349968e-06,-1.2763997848190053e-06,-1.28675552520776e-06,-1.30624493968662e-06,-1.3383160086922891e-06,-1.1802787268688697e-06,-1.0353613941477247e-06,-9.027835845797981e-07,-7.814736224130234e-07,-6.702742055833533e-07,-5.680579956427606e-07,-4.737878815805693e-07,-3.865437958667589e-07,-3.0552986276304046e-07,-2.300702658664302e-07,-1.595988243234453e-07,-9.364525646021924e-08,-3.181993919324064e-08,2.620175132866426e-08,8.069491971260622e-08,1.3190020016432513e-07,1.8003836531482927e-07,2.253246430867196e-07,2.6798297159066363e-07,3.082604352183231e-07,3.464420691246745e-07,3.828660831173139e-07,4.17939307434598e-07,4.521522236224064e-07,4.860921379585979e-07,5.204515083766025e-07,5.560253585259048e-07,5.936852502750062e-07,6.343024219036456e-07,6.785544988507148e-07,-8.105159081122329e-07,-7.495713652157548e-07,-6.949144133958964e-07,-6.454540497431198e-07,-5.998194060393265e-07,-5.566841745668747e-07,-5.148789814329506e-07,-4.7341752472304594e-07,-4.3148782690466905e-07,-3.884304064989547e-07,-3.4371262866725476e-07,-2.969030098907724e-07,-2.476468679238738e-07,-1.9564365265417483e-07,-1.406257921942477e-07,-8.233862395476921e-08,-2.0520837814669522e-08,4.5115200557072236e-08,1.1490386495833425e-07,1.8924795286364063e-07,2.6864199201754224e-07,3.5369723710896775e-07,4.451680061015471e-07,5.439784157009861e-07,6.512476810287897e-07,7.683105204420987e-07,8.967258269081026e-07,1.0382595593830834e-06,1.1948134066986293e-06,1.368243171777395e-06,1.5599560549450433e-06,1.462817849366629e-06,1.3867404093208516e-06,1.326962523168544e-06,1.277639053045952e-06,1.2333255091267375e-06,1.1894473834604272e-06,1.142396510915783e-06,1.0894903198000853e-06,1.0288834791589657e-06,9.59466398868966e-07,8.807637172317134e-07,7.928375999593359e-07,6.961974182275372e-07,5.917160904238316e-07,4.805528899667054e-07,3.6408240215884286e-07,2.4382937065782265e-07,1.2140930023146946e-07,-1.5251994565717464e-09,-1.2333228662108883e-07,-2.424229664950794e-07,-3.572974973776325e-07,-4.6657646509000765e-07,-5.690271581806119e-07,-6.635862095894483e-07,-7.493798163398454e-07,-8.257431774093301e-07,-8.922410729469704e-07,-9.486917179205829e-07,-9.95196130865122e-07,-1.0321752278292134e-06,-1.0604166272390851e-06,-1.0811326136214193e-06,-1.0960295272864486e-06,-1.1073860942532717e-06,-1.1181314020901482e-06,-1.1318958776547462e-06,-1.1529636196302093e-06,-1.1859338141140701e-06,-1.2345614973123332e-06,-1.083281210156782e-06,-9.461679872002907e-07,-8.221492247365576e-07,-7.098094871376731e-07,-6.076969315938501e-07,-5.144617671023598e-07,-4.289109041573973e-07,-3.5002138021519294e-07,-2.7693415456700164e-07,-2.0893891813369018e-07,-1.4545509708610305e-07,-8.601167641396637e-08,-3.022724699827794e-08,2.2208994523415786e-08,7.155501188294736e-08,1.1803250039416698e-07,1.6184252322337026e-07,2.0318061097373514e-07,2.422517933232835e-07,2.7928604402749194e-07,3.1455457712262247e-07,3.4838732355888434e-07,3.8119171376706574e-07,4.134725042082166e-07,4.458515716247233e-07,4.790847655095085e-07,5.140687022152973e-07,5.51820763347851e-07,5.93392876510497e-07,6.396223714038193e-07,-7.597637549521603e-07,-6.971977963102361e-07,-6.421276776135435e-07,-5.932280342990549e-07,-5.488735694603146e-07,-5.075481490408446e-07,-4.6796366382473403e-07,-4.2907074912982747e-07,-3.900327164804983e-07,-3.5019010579447873e-07,-3.0902552593131106e-07,-2.661316752799629e-07,-2.211830100417206e-07,-1.7391070143305277e-07,-1.240802013243373e-07,-7.147057553080979e-08,-1.585468024750932e-08,4.3020775355545166e-08,1.0545622693432328e-07,1.7182220170395342e-07,2.425849783032025e-07,3.183355048606608e-07,3.998217808292845e-07,4.879844362503426e-07,5.839945882093634e-07,6.892917939685562e-07,8.056164169998572e-07,9.350210552699627e-07,1.0798213939311954e-06,1.2423930933037075e-06,1.4246046662973518e-06,1.315810323485236e-06,1.2310322770780442e-06,1.1652088334465548e-06,1.1121963728432222e-06,1.066369797475745e-06,1.023078189843741e-06,9.786963198044667e-07,9.305425460275466e-07,8.767610222136628e-07,8.162017942399005e-07,7.483092022112423e-07,6.730210833934759e-07,5.906787216328783e-07,5.019466730511858e-07,4.0774136711876636e-07,3.091674161802759e-07,2.0746073536700934e-07,1.0393779205196861e-07,-4.9496544941486936e-11,-1.0315356245491327e-07,-2.040659785490761e-07,-3.015475839111506e-07,-3.9445441836464273e-07,-4.817601495958382e-07,-5.625759392405533e-07,-6.361689914789662e-07,-7.0198133878046e-07,-7.596507244831628e-07,-8.090357195799572e-07,-8.502474357663706e-07,-8.836903347907326e-07,-9.101146374691558e-07,-9.306826136985696e-07,-9.470503242162134e-07,-9.614642333183177e-07,-9.768655394762391e-07,-9.96975916521833e-07,-1.026284979593941e-06,-1.0697149573401818e-06,-1.1313389393066932e-06,-9.874489351555314e-07,-8.58730286566802e-07,-7.437631034006338e-07,-6.407406505369859e-07,-5.478998883483032e-07,-4.6367601192382365e-07,-3.867402322222911e-07,-3.159916158106481e-07,-2.505329990042105e-07,-1.896425704758023e-07,-1.327454099587173e-07,-7.938664022409403e-08,-2.920690924029568e-08,1.807957223283454e-08,6.270457302975799e-08,1.0486336243983363e-07,1.4473078023413647e-07,1.8247652624815606e-07,2.1828038841462678e-07,2.523481395942125e-07,2.849288113696667e-07,3.1633399034535174e-07,3.4695965909635964e-07,3.773108531604949e-07,4.080287622950931e-07,4.3991803285176415e-07,4.7396682105796687e-07,5.11338547450388e-07,5.532806047010389e-07,6.008102494923022e-07,-7.091755051268129e-07,-6.461842239849123e-07,-5.916712890493483e-07,-5.440644916642412e-07,-5.014856029352503e-07,-4.622511265885383e-07,-4.2498657643951535e-07,-3.8861210162513756e-07,-3.52294536466609e-07,-3.153971548364913e-07,-2.774353918909808e-07,-2.3803944276303274e-07,-1.969229057628909e-07,-1.5385632908086936e-07,-1.086444390558487e-07,-6.110579629448037e-08,-1.1053619686111145e-08,4.172347532479915e-08,9.748206925061677e-08,1.5654709246347072e-07,2.1933872783046924e-07,2.8640413689222495e-07,3.584548616600531e-07,4.36410424324549e-07,5.214482994521489e-07,6.150600589112221e-07,7.19111388414735e-07,8.358928377610276e-07,9.681136033157927e-07,1.1186976387554874e-06,1.2900278110104582e-06,1.174460024114563e-06,1.085004285521729e-06,1.0162870705450674e-06,9.618928452371134e-07,9.160918611500384e-07,8.74254703163793e-07,8.328366603765525e-07,7.892444471614958e-07,7.41686968728627e-07,6.890383947548471e-07,6.307186737874996e-07,5.665907646725011e-07,4.968726792060135e-07,4.220622035346818e-07,3.428722428476563e-07,2.601749784556673e-07,1.7495335864306754e-07,8.825878915966248e-08,1.174188122761781e-09,-8.521821175276677e-08,-1.6986480893290767e-07,-2.517647983606688e-07,-3.299910944456665e-07,-4.03708694926206e-07,-4.7219137846195643e-07,-5.34837890195925e-07,-5.911890712728368e-07,-6.409477200695552e-07,-6.840033227171508e-07,-7.204641403618001e-07,-7.506994616457413e-07,-7.753950789049732e-07,-7.95625168022565e-07,-8.129436077000166e-07,-8.294967508375499e-07,-8.481546340359805e-07,-8.726382403333717e-07,-9.075591598172533e-07,-9.581110687094152e-07,-1.028666543140262e-06,-8.932126969507054e-07,-7.737455272803704e-07,-6.684572639644673e-07,-5.751279856666852e-07,-4.916987666467198e-07,-4.164265287608854e-07,-3.478892098639311e-07,-2.8494785452353234e-07,-2.2670166059484183e-07,-1.7244584489223848e-07,-1.2163403820180763e-07,-7.384537331087996e-08,-2.8756165778419036e-08,1.3884175972801724e-08,5.427363201673254e-08,9.257524219695025e-08,1.2893285896165746e-07,1.6348591266538854e-07,1.963841364528124e-07,2.2780320877540088e-07,2.579622800870147e-07,2.871443482576237e-07,3.157204238079741e-07,3.441783605227864e-07,3.7315697792112443e-07,4.034847380451416e-07,4.362165737026294e-07,4.7264480056728197e-07,5.142111876353331e-07,5.621225037850152e-07,-6.587534180234245e-07,-5.969389276521141e-07,-5.441999357790923e-07,-4.987350992992465e-07,-4.5845426652176795e-07,-4.2156670397950714e-07,-3.86671199355152e-07,-3.527065056925366e-07,-3.188795437775259e-07,-2.846024566609577e-07,-2.494417294418542e-07,-2.1307737983284826e-07,-1.7527021054042333e-07,-1.358353167927998e-07,-9.462015432740816e-08,-5.148556084865488e-08,-6.2882066759747926e-09,4.113699374805197e-08,9.099596779016259e-08,1.4355756302429613e-07,1.9918017272426855e-07,2.5834449347882213e-07,3.2169392849772384e-07,3.900839348346744e-07,4.646414059586722e-07,5.46835537708095e-07,6.385630061140723e-07,7.422446758151624e-07,8.608856379253209e-07,9.979115976382137e-07,1.1562191093658712e-06,1.0394671727386202e-06,9.49727827414998e-07,8.813776726871575e-07,8.278492935449416e-07,7.834698081980545e-07,7.43788532545323e-07,7.054724160100386e-07,6.661188443870453e-07,6.240809803012559e-07,5.783203248638174e-07,5.282842564634318e-07,4.738049997039459e-07,4.150165467299264e-07,3.522862567660749e-07,2.861582057950951e-07,2.1730583537631356e-07,1.4649196885146796e-07,7.453474419472208e-08,2.2784071436949966e-09,-6.943180463361565e-08,-1.3977127835632e-07,-2.0795466161423145e-07,-2.7325205156859105e-07,-3.3500337022442616e-07,-3.926317253457129e-07,-4.456567869454054e-07,-4.937094998381375e-07,-5.365498035448233e-07,-5.74089441932945e-07,-6.064224103809811e-07,-6.338660870513749e-07,-6.570165837148505e-07,-6.768222704857046e-07,-6.946797364532362e-07,-7.12556506840769e-07,-7.331432973944705e-07,-7.60023682606001e-07,-7.977820334582684e-07,-8.517586393901974e-07,-9.265486372756283e-07,-8.011528499680093e-07,-6.921266742654218e-07,-5.972747627791241e-07,-5.139991903236713e-07,-4.400191062081844e-07,-3.7349468145745436e-07,-3.1298199287096974e-07,-2.5736037979705464e-07,-2.057685398996069e-07,-1.5755130858271077e-07,-1.1221494255638228e-07,-6.938984757008332e-08,-2.8799974376067178e-08,9.76205899232541e-09,4.645523761592671e-08,8.140699795277061e-08,1.1472782525069889e-07,1.4652473307700605e-07,1.769147356188472e-07,2.0603943596875828e-07,2.340819009284575e-07,2.6128706045103844e-07,2.8798694056434946e-07,3.14632124799975e-07,3.4183098386720763e-07,3.703981666195208e-07,4.014097586608559e-07,4.3624111740734754e-07,4.7649722471557243e-07,5.235610017686123e-07,-6.084952702260949e-07,-5.499709217801165e-07,-5.004992597539734e-07,-4.581219981958889e-07,-4.206498446598191e-07,-3.86303605812436e-07,-3.5375196078320755e-07,-3.2201782142079777e-07,-2.9039040917834035e-07,-2.5835778282289626e-07,-2.255542590094099e-07,-1.9171938314545748e-07,-1.5666606785730893e-07,-1.2025576579608173e-07,-8.237867855996278e-08,-4.293717824291383e-08,-1.830787958931921e-09,4.1058823884692466e-08,8.588436544637042e-08,1.3285257317032154e-07,1.8224877022675789e-07,2.3446829482075488e-07,2.900568614435667e-07,3.497617761172731e-07,4.145954820214966e-07,4.859128196722546e-07,5.655062026489866e-07,6.557334515769927e-07,7.596687452088761e-07,8.810408628950965e-07,1.0231506385631277e-06,9.117372396644238e-07,8.265425263992715e-07,7.618827460481499e-07,7.11323502399327e-07,6.695414510229101e-07,6.32500642008251e-07,5.972423371741368e-07,5.616640160386932e-07,5.24339991239905e-07,4.843755595140342e-07,4.4128920707667796e-07,3.949185328916837e-07,3.453456494908081e-07,2.9283800076973946e-07,2.3780105527812736e-07,1.8074002011235938e-07,1.2222840417356132e-07,6.28818474104258e-08,3.3360902768134164e-09,-5.577171646291802e-08,-1.1381895525177187e-07,-1.702112296595585e-07,-2.2439427355132866e-07,-2.758646204369048e-07,-3.2417970283093923e-07,-3.6896824913669174e-07,-4.0994211401691225e-07,-4.469110269926089e-07,-4.79802185749291e-07,-5.086871643110723e-07,-5.338192433234381e-07,-5.556849514378388e-07,-5.750742234337802e-07,-5.931739886708635e-07,-6.116902672131755e-07,-6.330043497627529e-07,-6.603682980584489e-07,-6.980921697226236e-07,-7.514127504294973e-07,-8.249719686263274e-07,-7.120401053593657e-07,-6.15041792241291e-07,-5.314771182258191e-07,-4.585211059956427e-07,-3.938432152917635e-07,-3.3565356634504664e-07,-2.8258888753524767e-07,-2.3361650365473388e-07,-1.8796304208798586e-07,-1.4505642913056173e-07,-1.0447801526012989e-07,-6.59238649980767e-08,-2.917416618609459e-08,5.930648325937391e-09,3.950860185231201e-08,7.165117158133357e-08,1.0243592461892273e-07,1.319380169604998e-07,1.6024172161013862e-07,1.8745316871469242e-07,2.137155684463315e-07,2.3922832294201515e-07,2.6427157409494764e-07,2.892378444713625e-07,3.1467262196975895e-07,3.413264496546757e-07,3.7022267943619446e-07,4.027291002121078e-07,4.4052817125782637e-07,4.851241730519438e-07,-5.583927757476343e-07,-5.058818433855549e-07,-4.614435304520542e-07,-4.2313330743845293e-07,-3.8889469596649707e-07,-3.571764304393033e-07,-3.2684952130117e-07,-2.9709350464365825e-07,-2.673218242925334e-07,-2.3712252108668758e-07,-2.0621046936762694e-07,-1.7439013530046922e-07,-1.4152730821882546e-07,-1.0752777726871742e-07,-7.232091853669905e-08,-3.584637160575843e-08,1.9577846281155473e-09,4.116680108766096e-08,8.188239490139079e-08,1.242487877629262e-07,1.6847341437775218e-07,2.1485437523609215e-07,2.6381695607686486e-07,3.1596143690453447e-07,3.7212345836523666e-07,4.334459550878856e-07,5.014599146674281e-07,5.781810368208167e-07,6.662940913933178e-07,7.693641438854292e-07,8.907666980098196e-07,7.923384571701853e-07,7.169278821965258e-07,6.591984366459929e-07,6.134026268545501e-07,5.75074317023654e-07,5.409027425086956e-07,5.084727964421226e-07,4.7608340214566014e-07,4.425944018704862e-07,4.0729796339249254e-07,3.698149115774906e-07,3.3001381278551034e-07,2.879488036701663e-07,2.4381190527588486e-07,1.9789613400639737e-07,1.5056652591923795e-07,1.0223695439306562e-07,5.335123998541885e-08,4.367513176330561e-09,-4.425488918659201e-08,-9.206651039275214e-08,-1.3863725284012795e-07,-1.835646298675972e-07,-2.2648120804640662e-07,-2.6706175549021807e-07,-3.050307714902713e-07,-3.401713025687184e-07,-3.723362656987943e-07,-4.014639228849057e-07,-4.275997047814679e-07,-4.509272704614119e-07,-4.718124662545126e-07,-4.90864526479442e-07,-5.090190215420964e-07,-5.276460598110173e-07,-5.48685330073752e-07,-5.748110630506771e-07,-6.096558873717708e-07,-6.579029050603431e-07,-7.239008196559626e-07,-6.268515322071325e-07,-5.438862623148558e-07,-4.7245069952610637e-07,-4.098477379554034e-07,-3.540457438648725e-07,-3.0351670952425895e-07,-2.570971528244267e-07,-2.1391634224722204e-07,-1.7333615974877655e-07,-1.3489716629797776e-07,-9.827310693191365e-08,-6.323474976240017e-08,-2.9622188547518053e-08,2.6760260256683697e-09,3.3738661399988714e-08,6.362404578487951e-08,9.238011588826076e-08,1.2005343550234548e-07,1.4669827000461875e-07,1.723868227799753e-07,1.9722185603706957e-07,2.213531012348372e-07,2.449990369619445e-07,2.684756204189471e-07,2.922332114162445e-07,3.1690254556837934e-07,3.433526684437096e-07,3.7277884945891714e-07,4.067644763158222e-07,4.468058018146905e-07,-5.084296771154391e-07,-4.652429496261461e-07,-4.2776603590146814e-07,-3.943414039690062e-07,-3.6357667493234895e-07,-3.3444573309228685e-07,-3.0614229790124246e-07,-2.780650538026861e-07,-2.4978619677423823e-07,-2.2101141601497972e-07,-1.9154316646044084e-07,-1.612513895253021e-07,-1.30051580646888e-07,-9.788866355242657e-08,-6.472493633929493e-08,-3.0530549907955186e-08,4.72478683515352e-09,4.1080032463966186e-08,7.859210340777727e-08,1.1734747280435218e-07,1.5747756075467453e-07,1.9917973130755763e-07,2.427460160843769e-07,2.88601605156526e-07,3.3735377966587027e-07,3.8984729769041296e-07,4.472109877903733e-07,5.108630602879984e-07,5.82462051506786e-07,6.642017830466965e-07,7.589759619674751e-07,6.82176023555786e-07,6.219070597236178e-07,5.737992756736181e-07,5.340076263543522e-07,4.99616171218526e-07,4.683064036773635e-07,4.383427837868556e-07,4.0850258171366854e-07,3.779752132778598e-07,3.4626537237918884e-07,3.1311319148890123e-07,2.784327417505935e-07,2.422659197314859e-07,2.0474803180153426e-07,1.660818676399177e-07,1.2651782341045937e-07,8.633832314191485e-08,4.584533254948648e-08,5.350149569859856e-09,-3.483507918044584e-08,-7.440450054369245e-08,-1.1306465005941539e-07,-1.5053976505593532e-07,-1.8657660104783126e-07,-2.2094910414376098e-07,-2.5346340825717235e-07,-2.8396379990130476e-07,-3.1234054178837375e-07,-3.3854079386756516e-07,-3.62584343528275e-07,-3.845864717243428e-07,-4.0479099580531845e-07,-4.2361712348399126e-07,-4.4172354714116097e-07,-4.600904912440223e-07,-4.801119144748347e-07,-5.036736327480798e-07,-5.331941026582342e-07,-5.718749558002383e-07,-6.232710398100007e-07,-5.465928343599409e-07,-4.799523481497603e-07,-4.2116203350261676e-07,-3.685715921615169e-07,-3.209327797215254e-07,-2.7717286978865143e-07,-2.364347073519493e-07,-1.9807492507806806e-07,-1.6162982892441246e-07,-1.2677396385102291e-07,-9.32832306058196e-08,-6.100575565903552e-08,-2.984009342771543e-08,2.8074282047812586e-10,2.9401009110453383e-08,5.755108684174977e-08,8.475458966497021e-08,1.1103466686064045e-07,1.3642036864371895e-07,1.6095396022334783e-07,1.8470018843999492e-07,2.0775868934921221e-07,2.3028088349446689e-07,2.5249257298609555e-07,2.7472238356676343e-07,2.974329919719377e-07,3.2124628163374667e-07,3.469566078498062e-07,3.756455631094192e-07,4.085935669140112e-07,-4.5857990654006476e-07,-4.280454310858327e-07,-3.9880677543809837e-07,-3.7066435818694525e-07,-3.435047020320372e-07,-3.169129194160586e-07,-2.904633461951174e-07,-2.6381965574678137e-07,-2.3674209561946054e-07,-2.0906906197601416e-07,-1.8069597110303697e-07,-1.5155785139778046e-07,-1.2161637196400305e-07,-9.085046294441824e-08,-5.924944407094831e-08,-2.680770049746111e-08,6.479893819653088e-09,4.0622503189574394e-08,7.563848873445969e-08,1.1156195320222508e-07,1.4845159101715137e-07,1.8640299829626888e-07,2.2556582310115433e-07,2.6616707574757263e-07,3.0854073660014037e-07,3.531591619465936e-07,4.006471985325907e-07,4.5172038529150696e-07,5.068892802170358e-07,5.65709510637416e-07,6.276438396991459e-07,5.806223724302005e-07,5.390180441756945e-07,5.019400570756785e-07,4.6892735522790014e-07,4.387769473944693e-07,4.1027251950550536e-07,3.824525870347861e-07,3.5463642188861416e-07,3.26379120155195e-07,2.9741661220343526e-07,2.676187464108477e-07,2.3695329518921994e-07,2.054593428914845e-07,1.732277322023416e-07,1.4038654356465835e-07,1.070900866735665e-07,7.351033722455784e-08,3.983009720599821e-08,6.2374007282111844e-09,-2.707915014378138e-08,-5.993433399209387e-08,-9.214970251473298e-08,-1.2355655695707058e-07,-1.539986587099085e-07,-1.833348617343411e-07,-2.114419209978658e-07,-2.3821783304685704e-07,-2.63586214075165e-07,-2.8750243215673914e-07,-3.0996251137106476e-07,-3.3101621723034293e-07,-3.5078620462088185e-07,-3.6949547913539703e-07,-3.8750508271771437e-07,-4.053610160900855e-07,-4.238385037604779e-07,-4.4394017015614663e-07,-4.667205466113594e-07,-4.927631460286234e-07,-5.229844064374356e-07,-4.7137273826129336e-07,-4.2224459256953943e-07,-3.760201563069165e-07,-3.3306110012719027e-07,-2.9299128155983427e-07,-2.5527122620368504e-07,-2.1942682423009586e-07,-1.8509835645145647e-07,-1.5203074451306526e-07,-1.2005012142041113e-07,-8.904151482905825e-08,-5.893119845093012e-08,-2.9673671274736052e-08,-1.2422916184967275e-09,2.6377469177652673e-08,5.319302500302265e-08,7.920862164341331e-08,1.04428806079722e-07,1.288619383245361e-07,1.5252428065136866e-07,1.7544527926915157e-07,1.9767478007783904e-07,2.192930203318585e-07,2.4042406716571126e-07,2.612522043214842e-07,2.8203645352816665e-07,3.0310590134101025e-07,3.2478490965923843e-07,3.471755772760955e-07,3.704676303884226e-07,-4.0880887129305085e-07,-3.885102739437974e-07,-3.673757311132496e-07,-3.454167864525917e-07,-3.226471303653931e-07,-2.9908057280010575e-07,-2.747306111026993e-07,-2.496105033840505e-07,-2.2373351309045326e-07,-1.9711318826296823e-07,-1.6976362536045773e-07,-1.4169970164649515e-07,-1.1293727438981086e-07,-8.349335082205e-08,-5.3386234843381713e-08,-2.2635657005391277e-08,8.737105727945215e-09,4.070911412246444e-08,7.325564858144007e-08,1.0635008288253324e-07,1.3996374417966031e-07,1.7406575462151013e-07,2.0862285217329134e-07,2.4359919329309767e-07,2.7895615117372907e-07,3.146521468718266e-07,3.5064260137516543e-07,3.8688020724037963e-07,4.233159767345763e-07,4.599021069076316e-07,4.965996458987194e-07,4.734824896831609e-07,4.498709265281895e-07,4.257966291353003e-07,4.0129666519136973e-07,3.76407219039089e-07,3.5116245815401176e-07,3.2559503744282946e-07,2.9973711370266245e-07,2.7362139052473373e-07,2.472820075527558e-07,2.2075520976553195e-07,1.9407978656593762e-07,1.6729729416623215e-07,1.4045208469452316e-07,1.1359116901811505e-07,8.676394088243148e-08,6.002178924355247e-08,3.3417624380787686e-08,7.005341870197447e-09,-1.916075305487715e-08,-4.5026539756022545e-08,-7.053867550478876e-08,-9.56451696439274e-08,-1.2029592154847878e-07,-1.444432062923904e-07,-1.6804209259893195e-07,-1.9105077798067745e-07,-2.1343082590730376e-07,-2.351472893530021e-07,-2.561687042244859e-07,-2.7646693515730666e-07,-2.960168555177585e-07,-3.1479584433091073e-07,-3.3278308784691846e-07,-3.4995868814210555e-07,-3.6630261827763025e-07,-3.817936517463321e-07,-3.9640861415824607e-07,-4.101227980637385e-07,-4.2291423902751353e-07,-3.904785021428832e-07,-3.5828753687754124e-07,-3.263706674476359e-07,-2.9476399296635755e-07,-2.635045727855397e-07,-2.3262823686214433e-07,-2.0216877481440809e-07,-1.7215771708969658e-07,-1.4262436190381116e-07,-1.1359589677974318e-07,-8.509754728543698e-08,-5.715272410371691e-08,-2.9783157581882372e-08,-3.0090173936633217e-09,2.3150981119089623e-08,4.8679480596311026e-08,7.356039121780728e-08,9.777880175657356e-08,1.2132088752561795e-07,1.4417381044236844e-07,1.663256062655427e-07,1.8776505400097684e-07,2.0848152283878715e-07,2.2846479348124854e-07,2.477048549545391e-07,2.6619168869146784e-07,2.839150773541668e-07,3.008645412490717e-07,3.170296539581444e-07,3.3240157205789557e-07,-3.9741010265252317e-07,-3.791079850922124e-07,-3.5989853881163214e-07,-3.396211334158516e-07,-3.182056215358399e-07,-2.957093571425619e-07,-2.722202995770981e-07,-2.478198828484608e-07,-2.225742552264014e-07,-1.9653509934034302e-07,-1.6974287893646453e-07,-1.422301173929739e-07,-1.1402407349766765e-07,-8.514876670994286e-08,-5.562647023731385e-08,-2.5478814401096047e-08,5.272373892242203e-09,3.660439240452205e-08,6.849306008787171e-08,1.0091211366862688e-07,1.3383253240467343e-07,1.6722171819252031e-07,2.0104246022881556e-07,2.3525163781584797e-07,2.697987144041184e-07,3.046243826324537e-07,3.396605872362188e-07,3.7483513466881183e-07,4.1008850841266024e-07,4.4540078636717353e-07,4.80629076199671e-07,4.583130773635374e-07,4.356369361715114e-07,4.1246013597414256e-07,3.887826289053216e-07,3.6465954129505277e-07,3.4015354652133976e-07,3.1532195116378693e-07,2.9021499873821317e-07,2.6487743356194694e-07,2.393505844552306e-07,2.1367416559357033e-07,1.8788761891076115e-07,1.6203102005998502e-07,1.361456195629731e-07,1.1027409375005554e-07,8.44605703225545e-08,5.87504820197793e-08,3.319029211614707e-08,7.827127828632821e-09,-1.7291648086843066e-08,-4.2118901644330717e-08,-6.66082052446678e-08,-9.071430851547165e-08,-1.1439358418668385e-07,-1.3760443220724146e-07,-1.603076262642413e-07,-1.8246658743293466e-07,-2.0404756991939942e-07,-2.250197439470914e-07,-2.4535516093351563e-07,-2.650285874361736e-07,-2.8401719837275614e-07,-3.0230013230097336e-07,-3.1985794505343287e-07,-3.3667209466275927e-07,-3.5272485537853466e-07,-3.680010242354303e-07,-3.824953890000539e-07,-3.962469566467454e-07,-4.094797489857912e-07,-3.7854829591656844e-07,-3.476171728483317e-07,-3.1682504225828817e-07,-2.8619739423830163e-07,-2.557920721600022e-07,-2.2567540141094363e-07,-1.9590794401005512e-07,-1.6654112739668707e-07,-1.376177594454384e-07,-1.0917359084133509e-07,-8.123888203044337e-08,-5.383969753756173e-08,-2.6998910191237044e-08,-7.369754789539757e-10,2.492744982500505e-08,4.9976974252776095e-08,7.439495779580295e-08,9.816495232139026e-08,1.2127002500967678e-07,1.4369188121329158e-07,1.6540968671794766e-07,1.863984779729516e-07,2.0662707080315286e-07,2.260555151247524e-07,2.4463262050525485e-07,2.622955014218903e-07,2.7897695838186406e-07,2.9463595456128345e-07,3.0933804632577045e-07,3.23239855986395e-07,-3.860553552810292e-07,-3.709691824040861e-07,-3.5389215219601525e-07,-3.3511482372457444e-07,-3.1484838786431053e-07,-2.932705766724316e-07,-2.7054318985018953e-07,-2.4680065664968233e-07,-2.221480530660422e-07,-1.9666518479356487e-07,-1.7041232613235334e-07,-1.4343555595442298e-07,-1.1577107322914565e-07,-8.74484816322393e-08,-5.849322932516353e-08,-2.892842152013627e-08,1.223799262061663e-09,3.1941142878280794e-08,6.320019544383914e-08,9.497545805898495e-08,1.2723828770846444e-07,1.5995562847274082e-07,1.930884259150988e-07,2.2658964959781229e-07,2.604019602192002e-07,2.944553501407039e-07,3.2866566024713676e-07,3.629353608996167e-07,3.971546672474901e-07,4.3116927647044526e-07,4.647998463471688e-07,4.438410378862429e-07,4.2210489318212205e-07,3.997079481246312e-07,3.7674134300818305e-07,3.5329854284198053e-07,3.294665347271537e-07,3.053198911237976e-07,2.8092093296216844e-07,2.5632228830355913e-07,2.315698021171003e-07,2.0670503370243956e-07,1.8176716489627336e-07,1.5679435466774115e-07,1.3182463470026615e-07,1.0689644351785594e-07,8.204888302980952e-08,5.732176532201942e-08,3.275550361293287e-08,8.390890392512368e-09,-1.5731202425293164e-08,-3.9570172552738475e-08,-6.308606123731326e-08,-8.623993093793206e-08,-1.0899422804393217e-07,-1.3131311360721626e-07,-1.5316274623174727e-07,-1.7451150204276403e-07,-1.953301171825334e-07,-2.1559173878602928e-07,-2.3527187135638075e-07,-2.5434820797595576e-07,-2.728003424561392e-07,-2.906093754892176e-07,-3.0775747361833547e-07,-3.242275565533349e-07,-3.40003616968589e-07,-3.550730789118856e-07,-3.694349977595094e-07,-3.831232504449471e-07,-3.961535048232319e-07,-3.6679114664866163e-07,-3.3711189508767434e-07,-3.072951141480002e-07,-2.774975474555872e-07,-2.478298053068482e-07,-2.1838662874770625e-07,-1.8924724447947474e-07,-1.6047580389194246e-07,-1.3212354514698305e-07,-1.0423147702241839e-07,-7.68328449234683e-08,-4.995514398966703e-08,-2.3621689280232117e-08,2.1471617318995387e-09,2.733302141324241e-08,5.191860990111192e-08,7.58869151597262e-08,9.922027095272916e-08,1.2189923897299825e-07,1.439011629657844e-07,1.6519823928033973e-07,1.8575493296322888e-07,2.0552459740675465e-07,2.2444531846554322e-07,2.424354998090573e-07,2.5939088342433605e-07,2.75186645106848e-07,2.8968759387186626e-07,3.0273678703384184e-07,3.141113246528968e-07,-3.747360076820315e-07,-3.6225658998950715e-07,-3.471861162178858e-07,-3.298994123323497e-07,-3.107915837801663e-07,-2.901633653760929e-07,-2.682464403724144e-07,-2.4522092498296473e-07,-2.2122470494807472e-07,-1.9636183632419205e-07,-1.707103906132505e-07,-1.443292076297833e-07,-1.1726332950612327e-07,-8.95481978346087e-08,-6.121283288877103e-08,-3.228224118725409e-08,-2.7792778652665857e-09,2.72738415478322e-08,5.7854213677722815e-08,8.893695743685596e-08,1.2049382583401942e-07,1.5249158985063906e-07,1.8489007606763513e-07,2.1763977406414936e-07,2.5067901289038895e-07,2.839308435887332e-07,3.1729977398045555e-07,3.5066762387366484e-07,3.8388302927609076e-07,4.167547430696626e-07,4.491042425930521e-07,4.292437645448096e-07,4.0842529190802406e-07,3.8680398965031713e-07,3.645494511361171e-07,3.4179617267732263e-07,3.186532511703837e-07,2.952091307211112e-07,2.7153543927409487e-07,2.476908582796136e-07,2.2372468652859803e-07,1.996798042208076e-07,1.7559496836600563e-07,1.5150649709142345e-07,1.2744944433947091e-07,1.0345836901469001e-07,7.956778968892094e-08,5.581239967210599e-08,3.222710235717938e-08,8.846914608855644e-09,-1.4293223406541622e-08,-3.715870059298274e-08,-5.971552334610798e-08,-8.193061767452899e-08,-1.0377212541131203e-07,-1.2520967683874826e-07,-1.4621462337153544e-07,-1.6676021481943947e-07,-1.8682170636221834e-07,-2.0637638090564754e-07,-2.2540347358305269e-07,-2.438839873076058e-07,-2.618003940021438e-07,-2.7913622985963143e-07,-2.958756250772815e-07,-3.120028834119558e-07,-3.2750239403773504e-07,-3.4235934375605817e-07,-3.565617805787047e-07,-3.700916723247537e-07,-3.8293093574540075e-07,-3.5481435615966133e-07,-3.262294194865841e-07,-2.973559609553656e-07,-2.683870141172457e-07,-2.3947478396962927e-07,-2.1073636612584916e-07,-1.8226437784818059e-07,-1.5413182652304065e-07,-1.263959439853084e-07,-9.910163975936182e-08,-7.228448996516413e-08,-4.597318998507916e-08,-2.0191512450106555e-08,5.0401251931506916e-09,2.9703358960836164e-08,5.3780716263526534e-08,7.725446867439526e-08,1.0010537119221944e-07,1.2231114809945617e-07,1.438445661476883e-07,1.6467091317983844e-07,1.8474468722728618e-07,2.040053259666349e-07,2.223719196242236e-07,2.3973710238302917e-07,2.55960574534604e-07,2.708619767879472e-07,2.8420736631123453e-07,2.9568781198528013e-07,3.050092059337972e-07,-3.6344486366374443e-07,-3.528998010366679e-07,-3.3947191986769423e-07,-3.2355668198348874e-07,-3.0559636372629377e-07,-2.8595429172317756e-07,-2.649098277001992e-07,-2.4267686291077053e-07,-2.194187033831699e-07,-1.9525919731445787e-07,-1.7029179037738018e-07,-1.4458698868773861e-07,-1.1819838131516295e-07,-9.116738722507746e-08,-6.352694389625388e-08,-3.5304372589325286e-08,-6.523644023553863e-09,2.279275521118575e-08,5.262217931822779e-08,8.294024656266198e-08,1.1371918762028841e-07,1.449259911899601e-07,1.7652023866161258e-07,2.084515538733795e-07,2.406566420246825e-07,2.7305589906299075e-07,3.055493741581647e-07,3.3801110951386995e-07,3.7028303976221686e-07,4.021787701753642e-07,4.3353595771478374e-07,4.1450639819709004e-07,3.9447091242735855e-07,3.73591184243663e-07,3.520512374555646e-07,3.3000635222935575e-07,3.075795052730659e-07,2.8486823064333467e-07,2.619503249364746e-07,2.3888851832669093e-07,2.157343711885937e-07,1.9253145642095164e-07,1.6931786127916454e-07,1.4612807861485713e-07,1.2299438018681372e-07,9.994776782753208e-08,7.70185897308848e-08,5.423689630742598e-08,3.163259705647356e-08,9.235468504710622e-09,-1.2924946037228594e-08,-3.4819511420032974e-08,-5.6419722348953866e-08,-7.769794797034315e-08,-9.862767845649975e-08,-1.1918375475412336e-07,-1.3934256401967307e-07,-1.590821840911737e-07,-1.783824607951375e-07,-1.9722500217049881e-07,-2.1559307401931507e-07,-2.334713820464051e-07,-2.5084572790983346e-07,-2.677025308822008e-07,-2.840282141027851e-07,-2.998084615246557e-07,-3.1502730472082265e-07,-3.2966582450695875e-07,-3.4369853731811834e-07,-3.5709072726570404e-07,-3.698082435497434e-07,-3.426513177312572e-07,-3.1499586286324926e-07,-2.8700581454301925e-07,-2.5886943896641956e-07,-2.3074622060273686e-07,-2.027623234899759e-07,-1.7501658955576696e-07,-1.4758649310473954e-07,-1.2053255792907642e-07,-9.390202875385421e-08,-6.77319942043023e-08,-4.2052004639610255e-08,-1.6886236526706417e-08,7.744707285780441e-09,3.1822248480937696e-08,5.5328411875820665e-08,7.82444023356709e-08,1.0054904314630304e-07,1.2221692695146955e-07,1.4321611409181754e-07,1.6350519688420213e-07,1.8302954126367995e-07,2.0171653245773833e-07,2.194696927785653e-07,2.361615463048447e-07,2.51624827682738e-07,2.6564062769146744e-07,2.779232585971797e-07,2.8812344140316063e-07,2.9592782142459026e-07,-3.521767472201556e-07,-3.4300074671998234e-07,-3.308641828628904e-07,-3.1614024563252684e-07,-2.9926304951280766e-07,-2.8060760110800676e-07,-2.604727252289269e-07,-2.3909095173234973e-07,-2.16641851394434e-07,-1.9326326066558517e-07,-1.6906038793221554e-07,-1.4411328715768042e-07,-1.1848296717345939e-07,-9.221632314848934e-08,-6.53500769892884e-08,-3.791392395120878e-08,-9.93308136455134e-09,1.8569576595466985e-08,4.757163087762702e-08,7.704932660418963e-08,1.0697574727285834e-07,1.3731884234266487e-07,1.680392228062451e-07,1.9908767303693558e-07,2.304023549137907e-07,2.6190566340124627e-07,2.935005833666033e-07,3.250667352880746e-07,3.5645818497327117e-07,3.8751164054695445e-07,4.180903598330356e-07,3.996744558249036e-07,3.8029189498178447e-07,3.600912899495678e-07,3.392482219812447e-07,3.179174779157432e-07,2.962251281618233e-07,2.742717086797458e-07,2.521373359888067e-07,2.298862474994793e-07,2.0757061740629906e-07,1.8523370202335408e-07,1.629123673402505e-07,1.4063905682368068e-07,1.1844327038281793e-07,9.635263139653934e-08,7.439361658344886e-08,5.259201635214706e-08,3.097318418267006e-08,9.562124519149405e-09,-1.1616539422505903e-08,-3.253868324997696e-08,-5.3180855045853085e-08,-7.352047979035078e-08,-9.353607222737695e-08,-1.1320743786891419e-07,-1.3251584308381095e-07,-1.5144413584059013e-07,-1.699767988006631e-07,-1.880999161863966e-07,-2.0580103523688078e-07,-2.230689020140995e-07,-2.3989304932331243e-07,-2.562632096975408e-07,-2.7216851347142004e-07,-2.875963920810176e-07,-3.0253101793624185e-07,-3.169508422372448e-07,-3.308255723036173e-07,-3.4411521022048826e-07,-3.5678270822747094e-07,-3.3037436047748295e-07,-3.035158112825825e-07,-2.7634582790895e-07,-2.490301687381626e-07,-2.2171707085367923e-07,-1.9452842542698162e-07,-1.6756174365861745e-07,-1.4089420304886913e-07,-1.1458650179124845e-07,-8.868620224263945e-08,-6.323065801653228e-08,-3.82495599464399e-08,-1.3767133873158723e-08,1.0195950210001588e-08,3.362087064985879e-08,5.648904197925311e-08,7.878047854730991e-08,1.0047200320939209e-07,1.2153515906768675e-07,1.419336711379229e-07,1.6162029680546592e-07,1.8053290339581348e-07,1.9858961850098947e-07,2.1568289471308538e-07,2.316722543031605e-07,2.463752826932653e-07,2.5955677295099567e-07,2.709203688708018e-07,2.8012150499992504e-07,2.868631052111702e-07,-3.4092815358300345e-07,-3.326786103560912e-07,-3.2152764253220405e-07,-3.078079725200843e-07,-2.9191772049145844e-07,-2.742157738478786e-07,-2.5499850793826764e-07,-2.3450272507296922e-07,-2.1291485835523483e-07,-1.9038034839904085e-07,-1.6701180745983195e-07,-1.4289592601244268e-07,-1.1809926103881474e-07,-9.26730370330752e-08,-6.665709334541023e-08,-4.0083124465596715e-08,-1.2977367949893606e-08,1.4637106451992717e-08,4.2738361639678615e-08,7.1303681128537e-08,1.0030766775422058e-07,1.2972026454479712e-07,1.5950463942112004e-07,1.8961490975914024e-07,2.1999371265442564e-07,2.505696437945372e-07,2.812546838722964e-07,3.119421766204505e-07,3.425074707279172e-07,3.7281739175402856e-07,4.027641034105581e-07,3.847972418876094e-07,3.6595517196867454e-07,3.4636679350879417e-07,3.261884476108189e-07,3.055634525678659e-07,2.8461205839702955e-07,2.6343192100022696e-07,2.421014686834067e-07,2.2068363854793228e-07,1.9922925863256315e-07,1.7777994607659368e-07,1.5637050890993153e-07,1.3503087311934446e-07,1.137875757693045e-07,9.266487705497747e-08,7.168554893741055e-08,5.087139704780156e-08,3.024356814119284e-08,9.822689477706932e-09,-1.0371119593457973e-08,-3.0318329142934325e-08,-5.0000143249923854e-08,-6.939868135332946e-08,-8.84971727589112e-08,-1.0728014249761878e-07,-1.2573356772459108e-07,-1.4384498414404668e-07,-1.616035216351049e-07,-1.7899984738347823e-07,-1.960259933147668e-07,-2.126750421042902e-07,-2.289406414294416e-07,-2.448163069076855e-07,-2.602944545397169e-07,-2.753650680506223e-07,-2.9001385116548645e-07,-3.0421985227337237e-07,-3.1795316293146434e-07,-3.3117555434578696e-07,-3.4385245830149e-07,-3.180470838939411e-07,-2.918860902588205e-07,-2.6548010799472943e-07,-2.3896575952877683e-07,-2.1247109410517502e-07,-1.8610559290818792e-07,-1.599592810927004e-07,-1.3410473019953412e-07,-1.0859972775041384e-07,-8.348995541575345e-08,-5.881150442783752e-08,-3.4593185264729553e-08,-1.0858622255304403e-08,1.237184262940648e-08,3.5079380530172534e-08,5.724495917269939e-08,7.88475786085625e-08,9.986234527234916e-08,1.2025826067619422e-07,1.3999559527913046e-07,1.590227176898289e-07,1.7727225521702924e-07,1.946564695761692e-07,2.1106172768500185e-07,2.2634192962106145e-07,2.403108830906273e-07,2.5273467371100377e-07,2.6332886350607065e-07,2.7177660108014877e-07,2.778123348670946e-07,-3.2969685786261033e-07,-3.2203313157422794e-07,-3.1161197207564817e-07,-2.9871998384257624e-07,-2.8370831844256654e-07,-2.669049981179926e-07,-2.4859003333826916e-07,-2.2899330545671438e-07,-2.0829977915921257e-07,-1.8665635778302415e-07,-1.641785371902386e-07,-1.409563632553335e-07,-1.1705961333087344e-07,-9.25422294791069e-08,-6.744607000122625e-08,-4.180407164994191e-08,-1.5642932426044832e-08,1.1014567446062521e-08,3.81474904994914e-08,6.573480698325094e-08,9.375351106973361e-08,1.2217672412868924e-07,1.5097175245495395e-07,1.800981038486274e-07,2.0950550870678712e-07,2.391320545486301e-07,2.689026936873647e-07,2.987288042833229e-07,3.285105207658527e-07,3.5814580265899717e-07,3.8755475219757507e-07,3.699137900827843e-07,3.5151952011672434e-07,3.3247979079545367e-07,3.1292819965724237e-07,2.929910706416202e-07,2.72777278547623e-07,2.5237691259324606e-07,2.3186310550630754e-07,2.1129475670918323e-07,1.9071930488073085e-07,1.7017524953352234e-07,1.4969432334872968e-07,1.2930328898512154e-07,1.0902536881394954e-07,8.888133621275355e-08,6.889030823620028e-08,4.9070283995856507e-08,2.943847304866858e-08,1.0011455406093595e-08,-9.194789120347494e-09,-2.8164948648303322e-08,-4.6884514204545596e-08,-6.53399552148296e-08,-8.351891102525916e-08,-1.0141037539085246e-07,-1.1900485147171291e-07,-1.362944547455655e-07,-1.5327294045574986e-07,-1.6993563080826444e-07,-1.8627921504260997e-07,-2.0230139241082035e-07,-2.180003232330754e-07,-2.33373845110065e-07,-2.484183993146457e-07,-2.6312760048297425e-07,-2.774904170881987e-07,-2.9148910887865053e-07,-3.050976838541314e-07,-3.1828320730655467e-07,-3.3101622730089764e-07,-3.0571831085400426e-07,-2.8018377107326923e-07,-2.544962639298771e-07,-2.287624808636674e-07,-2.0308691455857593e-07,-1.7756233528849385e-07,-1.5226723601575543e-07,-1.2726620109706504e-07,-1.0261141662454258e-07,-7.834458333205257e-08,-5.4498931691913314e-08,-3.1101208341056905e-08,-8.17357816155436e-09,1.4264567584230042e-08,3.619486975174675e-08,5.7598270083345975e-08,7.84532126352452e-08,9.87336860741203e-08,1.1840700730623958e-07,1.3743124565667079e-07,1.5575219261008166e-07,1.732997947426375e-07,1.8998398508489543e-07,2.0568987367503243e-07,2.2027233559895367e-07,2.335503591475522e-07,2.4530259738202113e-07,2.5526867931056766e-07,2.631687619671318e-07,2.6877382098555616e-07,-3.184815926128242e-07,-3.1114216912256164e-07,-3.012398228231791e-07,-2.8901626681769854e-07,-2.7477356812569253e-07,-2.588024594884642e-07,-2.41358455974753e-07,-2.2265672581627418e-07,-2.028741179682316e-07,-1.8215362075187113e-07,-1.6060936591246932e-07,-1.383314640319511e-07,-1.1539041555147632e-07,-9.184101949737988e-08,-6.772577879570666e-08,-4.3077843541678665e-08,-1.7923560125102893e-08,7.715291368764563e-09,3.381948526229318e-08,6.037048353682022e-08,8.734864861089652e-08,1.1473149316590858e-07,1.4249195572830452e-07,1.7059673005267052e-07,1.9900472815315247e-07,2.2766583784272596e-07,2.565202910582727e-07,2.8549927297613847e-07,3.145279936346387e-07,3.435334332462726e-07,3.724604870861112e-07,3.55053127940128e-07,3.370314738893356e-07,3.1848353616678406e-07,2.9952004432853795e-07,2.8024815222051714e-07,2.6076215249134193e-07,2.4114127383002565e-07,2.2145041551132397e-07,2.017420004321268e-07,1.820581344313452e-07,1.6243271137117902e-07,1.4289330372663788e-07,1.234627717587404e-07,1.0416057187007033e-07,8.50037722319779e-08,6.600779997848495e-08,4.718695286579118e-08,2.8554711642894854e-08,1.0123889346514012e-08,-8.093348187430827e-09,-2.6085559017917898e-08,-4.3842170186370176e-08,-6.135366474021289e-08,-7.861178592175232e-08,-9.560973465739622e-08,-1.123423365922502e-07,-1.2880615428061558e-07,-1.4499951885425902e-07,-1.6092245364870025e-07,-1.765764599478783e-07,-1.9196413222438764e-07,-2.0708856700425912e-07,-2.219525263050778e-07,-2.3655731635919467e-07,-2.5090135805583885e-07,-2.6497848890540204e-07,-2.787762275611568e-07,-2.9227470574595775e-07,-3.054481019859786e-07,-3.182731581589958e-07,-2.934237472760823e-07,-2.6846735162800896e-07,-2.4346383140903503e-07,-2.1849212199172932e-07,-1.9363292813473727e-07,-1.689605432261611e-07,-1.4453957720862845e-07,-1.2042425452622405e-07,-9.665901184239355e-08,-7.327973159004373e-08,-5.0315268657331366e-08,-2.7789091090592143e-08,-5.720943313844092e-09,1.5871504343517364e-08,3.697101599309683e-08,5.7559126420574635e-08,7.761439769400203e-08,9.7110527215551e-08,1.1601423268821169e-07,1.3428284179419606e-07,1.5186152501355447e-07,1.6868012956564603e-07,1.8464960372916942e-07,1.9965805836697006e-07,2.1356665069044477e-07,2.262058406575789e-07,2.3737351717648939e-07,2.4683879840068585e-07,2.5436090024647017e-07,2.5974664870751333e-07,-3.0728180474830386e-07,-3.000650129423812e-07,-2.9050857091115114e-07,-2.788135285199927e-07,-2.6523523963228447e-07,-2.500255763611312e-07,-2.3341145643837958e-07,-2.15588318929745e-07,-1.9671997030069103e-07,-1.7694109048494368e-07,-1.5636072458150028e-07,-1.3506599434079585e-07,-1.1312568029219203e-07,-9.059352036084802e-08,-6.751116885784628e-08,-4.3910814886605336e-08,-1.9817492787312637e-08,4.7488633760345034e-09,2.977156138724258e-08,5.523543086586494e-08,8.112519560137564e-08,1.0742391259157246e-07,1.341114814445057e-07,1.611632673200247e-07,1.8854893510515597e-07,2.1623167398840185e-07,2.4416812067540137e-07,2.723094874949099e-07,3.0060465644161723e-07,3.2900618812100246e-07,3.5747989612334244e-07,3.402363078833015e-07,3.225268211706452e-07,3.044216727574576e-07,2.8601005963958093e-07,2.673795409676627e-07,2.4860816456502377e-07,2.297620975582285e-07,2.1089575516680683e-07,1.9205303722001502e-07,1.732689824791248e-07,1.545714869024206e-07,1.3598290411314891e-07,1.1752143841084054e-07,9.9202293026621e-08,8.103856764659652e-08,6.304191825007927e-08,4.522300323812658e-08,2.7591745208744813e-08,1.0157439443271053e-08,-7.071260330389761e-09,-2.4086449923680915e-08,-4.088114933332253e-08,-5.7449518600081504e-08,-7.378709050424175e-08,-8.989099605200641e-08,-1.0576015824725125e-07,-1.2139542843831528e-07,-1.3679963770495541e-07,-1.519775335068125e-07,-1.6693556944123585e-07,-1.8168151389881335e-07,-1.9622384249917865e-07,-2.1057088134866746e-07,-2.247296783405761e-07,-2.387046089990521e-07,-2.5249579600661836e-07,-2.6609758413901103e-07,-2.794976663997756e-07,-2.9267825359942416e-07,-3.056226596928534e-07,-2.811887418099499e-07,-2.5678003189199696e-07,-2.3243639742052874e-07,-2.082124116536623e-07,-1.841663930831741e-07,-1.6035393783778776e-07,-1.3682462852788534e-07,-1.1362079441305668e-07,-9.077751478495557e-08,-6.832333963719439e-08,-4.628140442872282e-08,-2.4670746912799856e-08,-3.507717637040405e-09,1.719256819162123e-08,3.7414749692258075e-08,5.7141693233658195e-08,7.635288231479533e-08,9.502267575532829e-08,1.1311838212667209e-07,1.3059810339340765e-07,1.4740831494649968e-07,1.634811744912023e-07,1.7873159442328243e-07,1.9305418873783322e-07,2.063203605089445e-07,2.183761319000547e-07,2.2904205620588945e-07,2.3811820705007584e-07,2.4540119113702404e-07,2.5073048161158444e-07,-2.960974773831191e-07,-2.888465365921765e-07,-2.7949467588431456e-07,-2.682073777413958e-07,-2.5519749432474785e-07,-2.406790777767831e-07,-2.248489254929042e-07,-2.0787981444795903e-07,-1.8991907333800444e-07,-1.7108967836441465e-07,-1.5149250159305812e-07,-1.3120900650041348e-07,-1.103040208420477e-07,-8.882839588006085e-08,-6.682146143116581e-08,-4.431324604904925e-08,-2.132646867737593e-08,2.121669799438309e-09,2.6017856064673208e-08,5.0351155105653224e-08,7.511159053961662e-08,1.0028879975405872e-07,1.258707749924902e-07,1.5184273804106677e-07,1.7818624691123264e-07,2.04878703387055e-07,2.3189352370037567e-07,2.5920133580534947e-07,2.867726003204221e-07,3.1458177455480375e-07,3.426118284389723e-07,3.254785210701278e-07,3.0803294461983205e-07,2.903296291329657e-07,2.724379370761685e-07,2.54426183227021e-07,2.363553830581732e-07,2.182771991043385e-07,2.0023387711500256e-07,1.8225913664904859e-07,1.643794697515567e-07,1.466155419140623e-07,1.2898352339096508e-07,1.1149625873268132e-07,9.416423161263291e-08,7.699631288842512e-08,6.000029899956192e-08,4.318325911501185e-08,2.6551715391450444e-08,1.0111683085199944e-08,-6.131402537426674e-09,-2.217284646550689e-08,-3.8008916616017594e-08,-5.363710519484e-08,-6.905640551880566e-08,-8.426758080914537e-08,-9.92734003862526e-08,-1.1407881684758739e-07,-1.286910553621723e-07,-1.4311958347181294e-07,-1.573759272485966e-07,-1.7147329813507056e-07,-1.8542599568902217e-07,-1.9924855734561906e-07,-2.1295464191819566e-07,-2.265556675067663e-07,-2.400592917984909e-07,-2.534679521217905e-07,-2.6677793930982655e-07,-2.7998004874964423e-07,-2.930643052237157e-07,-2.690307849041424e-07,-2.4515294636869813e-07,-2.214543102748746e-07,-1.9796867582932422e-07,-1.7473403615727793e-07,-1.5178790069709522e-07,-1.2916445213129787e-07,-1.0689320822242148e-07,-8.499874002840875e-08,-6.350106967849615e-08,-4.241647772267851e-08,-2.1758542831919364e-08,-1.5393064462165353e-09,1.822949436106179e-08,3.753514585313632e-08,5.636262234317901e-08,7.469317321443332e-08,9.250279953414749e-08,1.0976058620931588e-07,1.264268625848334e-07,1.4245118070145726e-07,1.5777012875289792e-07,1.7230504400193323e-07,1.859597691395039e-07,1.9861874004511832e-07,2.1014596521565283e-07,2.2038599881112832e-07,2.291691807056466e-07,2.363262744020663e-07,2.417254172287359e-07,-2.849290005327494e-07,-2.775208277248936e-07,-2.6825817291212455e-07,-2.572758027860078e-07,-2.447486290134266e-07,-2.3085507780015703e-07,-2.157618010081539e-07,-1.9961741681296526e-07,-1.8255052566867666e-07,-1.646699044761782e-07,-1.4606581789676157e-07,-1.2681185853009273e-07,-1.0696697807506937e-07,-8.657751731911202e-08,-6.567913212704498e-08,-4.429856913494301e-08,-2.2455281083476978e-08,-1.628941724822495e-10,2.2569448186630044e-08,4.573583762467612e-08,6.933242625393598e-08,9.335631509659668e-08,1.1780451630503765e-07,1.426730306867495e-07,1.6795612439081224e-07,1.9364594327608585e-07,2.1973266357852e-07,2.4620541146160644e-07,2.7305409118775215e-07,3.00271748315196e-07,3.2785529488933367e-07,3.1079083505464316e-07,2.935710674230724e-07,2.762364814288341e-07,2.588380867069949e-07,2.414254688225391e-07,2.2404221769531374e-07,2.0672450005497202e-07,1.89501117385946e-07,1.723942859128055e-07,1.5542072859416073e-07,1.3859283963154395e-07,1.2191978080543107e-07,1.0540843187728113e-07,8.906415843701593e-08,7.289138719632518e-08,5.6893995390936114e-08,4.1075530727061364e-08,2.5439283373568183e-08,9.988233483940386e-09,-5.275102129320091e-09,-2.0348901304023948e-08,-3.523232390905638e-08,-4.992583402667211e-08,-6.443153566641517e-08,-7.875349990684206e-08,-9.289805962735801e-08,-1.0687404541600738e-07,-1.2069293301782123e-07,-1.3436886920168072e-07,-1.4791853981130762e-07,-1.6136084206281755e-07,-1.7471632451294941e-07,-1.8800636515025446e-07,-2.012520747517817e-07,-2.1447294492742903e-07,-2.276853173262205e-07,-2.409008495551605e-07,-2.5412533899252154e-07,-2.6735867522869984e-07,-2.8059776273036003e-07,-2.569615309421835e-07,-2.3360795531545413e-07,-2.1054731072889813e-07,-1.877958364181361e-07,-1.653733057218963e-07,-1.433000712137521e-07,-1.2159496090753242e-07,-1.0027417212335139e-07,-7.935096715738832e-08,-5.883592640126452e-08,-3.873755581521909e-08,-1.9063104380495422e-08,1.805001868600332e-10,1.8985647875115503e-08,3.7342994832575846e-08,5.52403622391886e-08,7.266157034547535e-08,8.958518594541291e-08,1.0598316211054331e-07,1.2181935704246278e-07,1.3704793560590003e-07,1.5161168512189761e-07,1.6544032169037434e-07,1.7844893502435242e-07,1.9053683801857686e-07,2.0158729140122044e-07,2.1146895843654085e-07,2.2004078151837858e-07,2.271641028012009e-07,2.327318817024652e-07,-2.73777077283297e-07,-2.6611411766029267e-07,-2.568466463762164e-07,-2.4608279958038304e-07,-2.3396365947509567e-07,-2.2063447150082208e-07,-2.0623244249645647e-07,-1.908814355670622e-07,-1.7468994605594047e-07,-1.5775081034068112e-07,-1.4014186326050823e-07,-1.2192709285421665e-07,-1.0315801779524998e-07,-8.387512099600753e-08,-6.410924348837518e-08,-4.388288993179192e-08,-2.3211428707206647e-08,-2.1041900943827794e-09,1.9434521869809645e-08,4.140448318625434e-08,6.380865002434888e-08,8.665229363496106e-08,1.0994217322985141e-07,1.3368577271722869e-07,1.5789065858866434e-07,1.8256405449595076e-07,2.0771276234467262e-07,2.3334355404865426e-07,2.5946400724604385e-07,2.860831589281469e-07,3.132094017791642e-07,2.9618155948889745e-07,2.791581865200355e-07,2.621668210365793e-07,2.452410878669997e-07,2.2841215830573563e-07,2.1170586508855967e-07,1.9514209654104406e-07,1.7873519817579128e-07,1.624948232085784e-07,1.4642694137872994e-07,1.3053483877078317e-07,1.148200120129063e-07,9.928290606842998e-08,8.392347529433907e-08,6.874156708872891e-08,5.373713936144523e-08,3.891032956103422e-08,2.4261395862765282e-08,9.790551724850642e-09,-4.502285614597945e-09,-1.8617813219889904e-08,-3.2557708613024994e-08,-4.63250259352771e-08,-5.992460367270289e-08,-7.33634641440185e-08,-8.665118254525898e-08,-9.980019995114636e-08,-1.1282605048579015e-07,-1.2574746829268408e-07,-1.3858633563785596e-07,-1.5136743056548638e-07,-1.6411793265620834e-07,-1.7686665101228737e-07,-1.8964295284327023e-07,-2.0247539809890008e-07,-2.153901311265305e-07,-2.284091549115279e-07,-2.41548746802609e-07,-2.5481856393993947e-07,-2.682227476627652e-07,-2.449883900134929e-07,-2.2215998326783332e-07,-1.9973694210057713e-07,-1.777204890963525e-07,-1.5611395248563435e-07,-1.349214233239977e-07,-1.1414656452446823e-07,-9.37919691081774e-08,-7.385903543676e-08,-5.434822240895784e-08,-3.525955034649849e-08,-1.659324638139319e-08,1.6495308920955579e-09,1.9465922631534427e-08,3.685056941346357e-08,5.379477648419533e-08,7.028563254974353e-08,8.630506663634972e-08,1.0182882977051662e-07,1.1682539647986073e-07,1.312547964792426e-07,1.4506741151336588e-07,1.582028099775755e-07,1.7058874910145674e-07,1.8214056271585752e-07,1.9276129700702305e-07,2.0234322649997128e-07,2.1077199451401046e-07,2.1793626319968836e-07,2.2375055303440724e-07,-2.626426551347748e-07,-2.546470939223408e-07,-2.4529859960786e-07,-2.346817849575409e-07,-2.2290716527033688e-07,-2.1008896800528372e-07,-1.9633586037871038e-07,-1.817468444055647e-07,-1.6640953433890015e-07,-1.5039968578588097e-07,-1.3378142694478336e-07,-1.1660787744050492e-07,-9.892195862338312e-08,-8.075727161852599e-08,-6.213896843226887e-08,-4.3084575742916225e-08,-2.3604755146510786e-08,-3.704000390732083e-09,1.6618716752078016e-08,3.736933388845676e-08,5.855809847841485e-08,8.019896349411112e-08,1.0230896769391217e-07,1.2490760305600027e-07,1.4801619111083646e-07,1.7165731282333835e-07,1.958543526465545e-07,2.2063119257457442e-07,2.460119275861143e-07,2.7201988062612306e-07,2.986733073466738e-07,2.8165731949893535e-07,2.6480870805975164e-07,2.4814250251321125e-07,2.3167524930773355e-07,2.1541960586126347e-07,1.9938315879171793e-07,1.835687666021721e-07,1.6797545120830866e-07,1.5259944174779643e-07,1.374351852981887e-07,1.224762307332756e-07,1.077159409390795e-07,9.31480184591536e-08,7.876684817032658e-08,6.456767137023789e-08,5.054661104987211e-08,3.670056991414175e-08,2.302702230114468e-08,9.523719564956708e-09,-3.81167350262338e-09,-1.6981995472189857e-08,-2.9991043835234715e-08,-4.284405528266384e-08,-5.5548196032499104e-08,-6.811304571444085e-08,-8.055105525097693e-08,-9.287795488756916e-08,-1.0511308317689754e-07,-1.1727960165342071e-07,-1.29404553765721e-07,-1.415187213701787e-07,-1.536562292587197e-07,-1.6585384992753753e-07,-1.7814996982617332e-07,-1.9058319787164342e-07,-2.0319063086572418e-07,-2.1600584476230567e-07,-2.2905677227083625e-07,-2.4236381279534214e-07,-2.559389914552037e-07,-2.3311578951750908e-07,-2.1081898391165147e-07,-1.890387336871908e-07,-1.6776296846791768e-07,-1.4697979182640766e-07,-1.2667765898221368e-07,-1.068452027598265e-07,-8.747120995575918e-08,-6.854481659501325e-08,-5.00558704155994e-08,-3.1995392879548625e-08,-1.4356088364979735e-08,2.867130721843269e-09,1.9676615890049894e-08,3.607145119524014e-08,5.2046909745696814e-08,6.75938851801179e-08,8.26982850411707e-08,9.734037659499296e-08,1.1149408334516228e-07,1.251262430363348e-07,1.3819585678525792e-07,1.5065338647190783e-07,1.624401974515541e-07,1.7348830306461724e-07,1.837206640989199e-07,1.9305248537703584e-07,2.01394411648993e-07,2.0865982243183215e-07,2.147823047349562e-07,-2.5152687475627307e-07,-2.4313673752728443e-07,-2.3364629483942554e-07,-2.2311870488072219e-07,-2.1163615264548715e-07,-1.9928343095554371e-07,-1.8614144715369347e-07,-1.7228443678303133e-07,-1.5777874419286138e-07,-1.4268236956409943e-07,-1.2704493214299838e-07,-1.1090786449677253e-07,-9.430472542012272e-08,-7.726155977530703e-08,-5.979726057595581e-08,-4.1923908266633924e-08,-2.364707707426655e-08,-4.966110000465303e-09,1.4125626628695761e-08,3.3640490675835233e-08,5.359628971074069e-08,7.401595681806689e-08,9.49271478946414e-08,1.1636173388347875e-07,1.3835516740721625e-07,1.6094571151581067e-07,1.841735205215848e-07,2.080795308495219e-07,2.327039661919545e-07,2.5808372345139963e-07,2.842461931918084e-07,2.672239285218077e-07,2.505358579940119e-07,2.341842686783677e-07,2.1816819577902154e-07,2.0248114394553628e-07,1.8711167122863485e-07,1.7204476976723811e-07,1.5726333312780672e-07,1.4274945884136264e-07,1.2848550083890126e-07,1.1445485394646826e-07,1.0064248330320067e-07,8.703522592468792e-08,7.362189724554996e-08,6.039323595588535e-08,4.734171795693223e-08,3.446126627140182e-08,2.174687924711278e-08,9.19419505517322e-09,-3.200993252981999e-09,-1.5443260716842966e-08,-2.7538101824361013e-08,-3.9492501162107605e-08,-5.1315513481796736e-08,-6.301884110284311e-08,-7.461739287556069e-08,-8.612980372894821e-08,-9.757888717469402e-08,-1.0899198525687512e-07,-1.2040117175663053e-07,-1.3184325578669085e-07,-1.4335952550140828e-07,-1.5499516736230399e-07,-1.6679829768272155e-07,-1.7881855291216703e-07,-1.911052061943729e-07,-2.0370481262480535e-07,-2.1665843731341344e-07,-2.299985994214745e-07,-2.437462202753111e-07,-2.2134620493020592e-07,-1.9959163075525683e-07,-1.7846419960216426e-07,-1.5793937516494138e-07,-1.3799057117064036e-07,-1.1859081402576144e-07,-9.971365384970438e-08,-8.133385147679132e-08,-6.342797575241871e-08,-4.5974932306321304e-08,-2.895642159101301e-08,-1.2357326561209606e-08,3.833962105357484e-09,1.9625269256709076e-08,3.502038970564675e-08,5.00188559078726e-08,6.461570238947117e-08,7.880121365518938e-08,9.256064714055296e-08,1.058739293218396e-07,1.1871533177781811e-07,1.3105314558309147e-07,1.428493881835118e-07,1.5405959907491196e-07,1.6463281411139844e-07,1.7451186741021582e-07,1.8363430070296545e-07,1.9193451102017882e-07,1.9934880372266696e-07,2.058281636692136e-07,-2.4043103024575583e-07,-2.3159782032001854e-07,-2.2191818202209415e-07,-2.114348539811714e-07,-2.0020283914576834e-07,-1.8827835035812197e-07,-1.7571499856855416e-07,-1.6256236449829592e-07,-1.488653735420323e-07,-1.3466395922736424e-07,-1.199928433128837e-07,-1.0488136954876786e-07,-8.935336275050693e-08,-7.34269966829447e-08,-5.711465976035047e-08,-4.042281194235701e-08,-2.3351831102965224e-08,-5.895853101379825e-09,1.1957383064233229e-08,3.022666531449918e-08,4.8937384706526745e-08,6.812151868444658e-08,8.781747191685933e-08,1.0806971543024929e-07,1.289281561545358e-07,1.5044716148340798e-07,1.7268415214635963e-07,1.9569764008640615e-07,2.1954445208621588e-07,2.4427541166118766e-07,2.6992724451210335e-07,2.528871407916946e-07,2.3635295497634938e-07,2.2031329710116322e-07,2.0474846821008723e-07,1.896315693355364e-07,1.7493097866406718e-07,1.6061283904162797e-07,1.4664313470260677e-07,1.329892607040617e-07,1.1962110701843448e-07,1.0651172203457037e-07,9.363763182533881e-08,8.097888908463713e-08,6.851891685843197e-08,5.624420106011825e-08,4.4143874403039863e-08,3.2209223923927375e-08,2.043314526040162e-08,8.809559499021809e-09,-2.667197227215823e-09,-1.4003005169923731e-08,-2.5204609538305685e-08,-3.628028307045244e-08,-4.7240498608832696e-08,-5.8098605193298874e-08,-6.887149696087163e-08,-7.958025808429489e-08,-9.025075901150807e-08,-1.0091416938466796e-07,-1.1160734138742187e-07,-1.2237300433337604e-07,-1.3325969793431662e-07,-1.4432135933125573e-07,-1.5561646981161378e-07,-1.6720666389445302e-07,-1.7915470839945448e-07,-1.9152177079182329e-07,-2.0436390097224575e-07,-2.1772760249220191e-07,-2.3164413956373826e-07,-2.096810470342406e-07,-1.8848283406693182e-07,-1.680227176076886e-07,-1.4826357669202788e-07,-1.291639066369047e-07,-1.1068100736810965e-07,-9.277303049402135e-08,-7.540041848529842e-08,-5.852692960173296e-08,-4.21203427982753e-08,-2.6152909134942993e-08,-1.0601606835733592e-08,4.551749297474317e-09,1.9320500352250008e-08,3.371320146357167e-08,4.773371715824261e-08,6.138133272734828e-08,7.465086717732007e-08,8.753277922574288e-08,1.0001326286657203e-07,1.1207433327092827e-07,1.236939073937077e-07,1.3484588711317144e-07,1.455002573862734e-07,1.556232217715573e-07,1.6517742523330888e-07,1.741223983986309e-07,1.8241561918799566e-07,1.9001539756590907e-07,1.9688927734378985e-07,-2.2935653626101296e-07,-2.200441781321886e-07,-2.101410400461302e-07,-1.9966946779507982e-07,-1.8865733723199901e-07,-1.7713235200988057e-07,-1.651208875611898e-07,-1.5264790599245146e-07,-1.3973692358052495e-07,-1.264097980758224e-07,-1.1268633784831081e-07,-9.858378891307584e-08,-8.411625347141962e-08,-6.929407738707585e-08,-5.4123228343442916e-08,-3.86046756213227e-08,-2.273377727326936e-08,-6.499680615364052e-09,1.0115253142769734e-08,2.713598013431271e-08,4.459522784385352e-08,6.253382202872863e-08,8.100081651513102e-08,1.0005333266084905e-07,1.1975598988017922e-07,1.4017978180295116e-07,1.614002225494106e-07,1.8349453918186296e-07,2.06537557432206e-07,2.30595508877028e-07,2.5571563401585117e-07,2.386533551402898e-07,2.22274634760931e-07,2.065527334694851e-07,1.9144716011227832e-07,1.7690870972652175e-07,1.6288403476009244e-07,1.4931929038784102e-07,1.3616280030250926e-07,1.2336683973517115e-07,1.1088868629570535e-07,9.869109824213086e-08,8.674236655675926e-08,7.5016064232516e-08,6.349059074327536e-08,5.214858566549655e-08,4.097626459164992e-08,2.996271334043939e-08,1.9099162948970077e-08,8.378257681760102e-09,-2.206679105949398e-09,-1.2662381358676456e-08,-2.2996381894767835e-08,-3.321776301914695e-08,-4.333791916672095e-08,-5.337133190810632e-08,-6.333635306334982e-08,-7.325598494945923e-08,-8.315863765667753e-08,-9.307883143482265e-08,-1.030577975566523e-07,-1.1314391335560567e-07,-1.233928867670696e-07,-1.338675834180664e-07,-1.4463736666065685e-07,-1.5577680012171154e-07,-1.6736354449983692e-07,-1.7947525895947593e-07,-1.9218525806587942e-07,-2.055564586891242e-07,-2.1963242049520456e-07,-1.9812148222035933e-07,-1.77497181597837e-07,-1.57723364657006e-07,-1.3874921726003023e-07,-1.205172801527956e-07,-1.0296828852279239e-07,-8.604439384608845e-08,-6.96913463926035e-08,-5.3859914650234675e-08,-3.850672356836312e-08,-2.359465575705616e-08,-9.092934413726326e-09,5.023016296862159e-09,1.8771859234244208e-08,3.2166725748490896e-08,4.521565216908838e-08,5.7922046247165824e-08,7.028516871051311e-08,8.230062205177229e-08,9.396084216433252e-08,1.0525558814523829e-07,1.1617242111829736e-07,1.266971540599987e-07,1.3681424194029747e-07,1.4650706827112835e-07,1.557580811166878e-07,1.645487704049328e-07,1.7285965112695577e-07,1.8067099717676776e-07,1.879668868827897e-07,-2.1830489819980882e-07,-2.084898573769991e-07,-1.9834194703306095e-07,-1.878621663572892e-07,-1.7705025187932666e-07,-1.6590469693116165e-07,-1.544242976086415e-07,-1.4260934648586605e-07,-1.3046210289667153e-07,-1.1798662384836434e-07,-1.0518814374955003e-07,-9.207217912985201e-08,-7.864349013667423e-08,-6.490498470856775e-08,-5.085661452364947e-08,-3.6494286484485754e-08,-2.1808798969050223e-08,-6.784806924225796e-09,8.600177187389323e-09,2.4376729450817914e-08,4.058437360080779e-08,5.727229575385086e-08,7.44998271062281e-08,9.233656947388019e-08,1.1086199367274193e-07,1.3016428870179542e-07,1.5033817970707065e-07,1.7148135361693066e-07,1.9368897775642356e-07,2.1704536645098737e-07,2.4161050481231125e-07,2.2453033768870655e-07,2.0831811634472772e-07,1.9292928821661092e-07,1.7829963097093945e-07,1.6435506980007167e-07,1.5101861479437755e-07,1.3821518551944992e-07,1.2587477887073594e-07,1.139343409438966e-07,1.0233865871062266e-07,9.104054335129445e-08,8.00005278452985e-08,6.91862518826242e-08,5.8571662260859216e-08,4.813611911921056e-08,3.786346804678409e-08,2.774111469520576e-08,1.7759121020870186e-08,7.90932965767303e-09,-1.8154857800155902e-09,-1.1422452240943983e-08,-2.09194214802217e-08,-3.031579885915828e-08,-3.962338771218705e-08,-4.885725761483501e-08,-5.8036640205318235e-08,-6.718584917499127e-08,-7.633521115414025e-08,-8.552198086607454e-08,-9.479119642736695e-08,-1.0419640833727284e-07,-1.1380018790743561e-07,-1.2367428726532432e-07,-1.3389928374403006e-07,-1.4456349693513617e-07,-1.5576091538436153e-07,-1.6758779767178105e-07,-1.801374573668607e-07,-1.9349228909771024e-07,-2.0771068467536554e-07,-1.866692570572963e-07,-1.666404002239617e-07,-1.4757679331099759e-07,-1.2941178584966133e-07,-1.120701040615412e-07,-9.547455209284614e-08,-7.95504253069279e-08,-6.422836647584416e-08,-4.9446079896992585e-08,-3.51492027153416e-08,-2.1291569171669625e-08,-7.835052966272014e-09,5.250871506179223e-09,1.7989746528320194e-08,3.039885615660777e-08,4.2490013425010097e-08,5.427038335156312e-08,6.574332910709309e-08,7.690927674354161e-08,8.776659599164684e-08,9.831249017421472e-08,1.0854387624896311e-07,1.1845821526794773e-07,1.2805422353395327e-07,1.3733235710651863e-07,1.4629492469703836e-07,1.5494566852399221e-07,1.6328871841123496e-07,1.7132713515105998e-07,1.7906230258158288e-07,-2.0727768204900628e-07,-1.9695022036091323e-07,-1.8655018792855627e-07,-1.7605533158500178e-07,-1.6543522278345056e-07,-1.5465774539379592e-07,-1.43693444766208e-07,-1.3251787125125692e-07,-1.2111236738592085e-07,-1.0946377323327087e-07,-9.756345049644538e-08,-8.54059246666581e-08,-7.298734782538807e-08,-6.03039061464375e-08,-4.7350238618342714e-08,-3.4117895168163566e-08,-2.0593839972831886e-08,-6.758996362633968e-09,7.413168735866099e-09,2.1958011650331837e-08,3.692100057301198e-08,5.235886674885928e-08,6.834051923057078e-08,8.494757236281718e-08,1.0227426863006435e-07,1.204264950662789e-07,1.3951948476458223e-07,1.5967365249506647e-07,1.8100777570221033e-07,2.036281753807011e-07,2.2761094748684463e-07,2.1052803137601497e-07,1.945046051730039e-07,1.7947497972124912e-07,1.653473443687663e-07,1.5201956056976656e-07,1.3938879414645763e-07,1.2735748197586204e-07,1.1583682320820562e-07,1.0474852840257279e-07,9.402535868199182e-08,8.36108585940339e-08,7.345858449201092e-08,6.35310466032065e-08,5.379851614334146e-08,4.423779718248857e-08,3.4831024119074234e-08,2.5564517094570817e-08,1.6427707338452643e-08,7.412130412700952e-09,-1.4895238801244757e-09,-1.0284321773420776e-08,-1.897997578442802e-08,-2.7585735613692203e-08,-3.611329955275851e-08,-4.4577763755902517e-08,-5.299862232277398e-08,-6.140082431739794e-08,-6.981588387162706e-08,-7.828302541114638e-08,-8.685032660169609e-08,-9.557579540580232e-08,-1.0452828291853809e-07,-1.1378808829295382e-07,-1.2344705349889975e-07,-1.3360787038693076e-07,-1.4438222281804344e-07,-1.5588723538064896e-07,-1.6823939743889082e-07,-1.8154433795443435e-07,-1.9587848318268164e-07,-1.7532759956687634e-07,-1.5592093780741467e-07,-1.3759723917562225e-07,-1.2027079799574277e-07,-1.0384586497176318e-07,-8.822549001827912e-08,-7.331709550226963e-08,-5.903585351614032e-08,-4.5306514945002764e-08,-3.2064150809178625e-08,-1.9254149403114864e-08,-6.8317229484254946e-09,5.238894323809896e-09,1.6985431382431023e-08,2.842866757071856e-08,3.9583573964075164e-08,5.0460485887253416e-08,6.106630040991935e-08,7.140570179833531e-08,8.148241904497193e-08,9.130051178381445e-08,1.0086566248110756e-07,1.1018642140422695e-07,1.192753038236228e-07,1.28149574405651e-07,1.368314732911742e-07,1.4534754982308814e-07,1.537266905052502e-07,1.619963887376176e-07,1.7017687927501258e-07,-1.9627648065112262e-07,-1.8544308898101914e-07,-1.7479920125825925e-07,-1.6429649697481107e-07,-1.5387144146744688e-07,-1.4345936286622584e-07,-1.3300172221959495e-07,-1.2244937838753614e-07,-1.1176339132935637e-07,-1.0091434009108983e-07,-8.988080307256021e-08,-7.864742187805996e-08,-6.72028077554066e-08,-5.5537436070592635e-08,-4.364159812165865e-08,-3.15034312567433e-08,-1.9107020478310456e-08,-6.430552699025233e-09,6.555494265349358e-09,1.989013347619749e-08,3.3623603520983224e-08,4.7819003293604546e-08,6.255372630565022e-08,7.792052937419021e-08,9.402798240502101e-08,1.1099992322999618e-07,1.2897336767498622e-07,1.480940705215091e-07,1.6850851294459494e-07,1.9035021387264792e-07,2.1371596593654208e-07,1.966595317835517e-07,1.8086093804131962e-07,1.6622911195466797e-07,1.526398756136316e-07,1.3995930618295294e-07,1.2805641096114215e-07,1.1681008950949948e-07,1.0611264043128022e-07,9.58710709501345e-08,8.600701904806715e-08,7.645583899995307e-08,6.716522600636437e-08,5.809363103880044e-08,4.9208627811798724e-08,4.048533013885587e-08,3.190491278668476e-08,2.3453257434053693e-08,1.511972392661821e-08,6.896033062158543e-09,-1.2247614398927424e-09,-9.249238956146127e-09,-1.7184545408722006e-08,-2.5039324109222276e-08,-3.282467314887328e-08,-4.0555156393989506e-08,-4.824989148016379e-08,-5.59337323075308e-08,-6.363855443035526e-08,-7.140463806326492e-08,-7.928212347682745e-08,-8.733248512967463e-08,-9.562993099614544e-08,-1.0426257780766348e-07,-1.1333317451294287e-07,-1.229590341636115e-07,-1.3327066816841513e-07,-1.4440834606865985e-07,-1.5651527299035103e-07,-1.697247796743815e-07,-1.841352654444698e-07,-1.6410227755570282e-07,-1.4535177695172802e-07,-1.278047544157179e-07,-1.1135214517295191e-07,-9.58743513031452e-08,-8.125254160744163e-08,-6.737525794329734e-08,-5.4142044294043534e-08,-4.146511504052903e-08,-2.9269737384845706e-08,-1.7493791509537292e-08,-6.08682566926823e-09,4.9911807584854664e-09,1.5771208180136597e-08,2.627665835461705e-08,3.6524843754419454e-08,4.6528491080883625e-08,5.6297264822357246e-08,6.58393270147466e-08,7.516295010782077e-08,8.427818992863077e-08,9.31986029088957e-08,1.0194295210758128e-07,1.1053678415435654e-07,1.1901366599252458e-07,1.2741573611246425e-07,1.3579303458987504e-07,1.4420078954583363e-07,1.526933170872195e-07,1.6131198885575767e-07,-1.8530287297395762e-07,-1.7399000724125548e-07,-1.6312866280097095e-07,-1.5264081750877761e-07,-1.4242615870231925e-07,-1.323852299572732e-07,-1.2242968877182473e-07,-1.1248610929064349e-07,-1.024963608346889e-07,-9.241618396092256e-08,-8.22128893229817e-08,-7.186270793124738e-08,-6.134808157710313e-08,-5.065503560510732e-08,-3.97706870784192e-08,-2.868088812415809e-08,-1.736797457490853e-08,-5.808577379321877e-09,6.028544618655599e-09,1.8184678431201822e-08,3.071333949626296e-08,4.368242697971014e-08,5.717626253482189e-08,7.129735000829192e-08,8.616758828207463e-08,1.0192850808146947e-07,1.1873984424492264e-07,1.3677532573884574e-07,1.5621381371880948e-07,1.772224031002972e-07,1.999244252932511e-07,1.8294232349427486e-07,1.674215898939176e-07,1.5324057497724704e-07,1.4023711804761484e-07,1.282414955167512e-07,1.1709243186997182e-07,1.0664472254642335e-07,9.677227245536815e-08,8.73685288764579e-08,7.834545575954723e-08,6.96317467918119e-08,6.1170706148818e-08,5.2918058134000986e-08,4.4839839117294715e-08,3.6910454062351263e-08,2.9110932407112274e-08,2.142738661715704e-08,1.3849656682697019e-08,6.370111821199692e-09,-1.0174258946857453e-09,-8.3186743077519e-09,-1.553983964464568e-08,-2.268855982198525e-08,-2.9774880908115387e-08,-3.681230363672293e-08,-4.381893449509373e-08,-5.081877181449559e-08,-5.784315026563107e-08,-6.49323555270574e-08,-7.213740246326636e-08,-7.952194206608938e-08,-8.716422060917278e-08,-9.515895221631763e-08,-1.0361887109033727e-07,-1.1267557896457335e-07,-1.224790532212327e-07,-1.3319473807258376e-07,-1.449962616091193e-07,-1.5804976823095684e-07,-1.7248033231374294e-07,-1.5300291249087508e-07,-1.3495260356145877e-07,-1.182277645017477e-07,-1.0269065380963184e-07,-8.819394729732373e-08,-7.459477585582694e-08,-6.176207038829508e-08,-4.9580014747813204e-08,-3.7949168632776736e-08,-2.6786200531055952e-08,-1.60228119730925e-08,-5.604215661988611e-09,4.512606775076515e-09,1.4360731165593542e-08,2.396512717514527e-08,3.334447548289632e-08,4.251296875938752e-08,5.148212084896086e-08,6.026261979730633e-08,6.886626131810382e-08,7.730798889254394e-08,8.560804229441633e-08,9.379417256739096e-08,1.0190380826566226e-07,1.0998593732186733e-07,1.1810227130507707e-07,1.2632692967979185e-07,1.347432961035929e-07,1.434354945220221e-07,1.5246898714509195e-07,-1.743583725032638e-07,-1.62617708802308e-07,-1.5158679927731364e-07,-1.4115366696100854e-07,-1.3117716551297075e-07,-1.2152098383544933e-07,-1.120667930312665e-07,-1.0271797373103913e-07,-9.339896777103241e-08,-8.405267858753641e-08,-7.463712780602776e-08,-6.512196212125029e-08,-5.5485085229007686e-08,-4.5709521051710144e-08,-3.578052305563676e-08,-2.5682893597965366e-08,-1.5398449980631253e-08,-4.90356283115023e-09,5.8333055021425754e-09,1.6854120670126416e-08,2.821388582169836e-08,3.998333286505368e-08,5.225163263729509e-08,6.512898568114238e-08,7.874884334403208e-08,9.326932025977223e-08,1.0887300913080456e-07,1.2576373911005136e-07,1.4415752546491162e-07,1.6426231304231357e-07,1.862349732214386e-07,1.693998969230055e-07,1.542311780193838e-07,1.4057054702463566e-07,1.2821168190113767e-07,1.1694519572385068e-07,1.0657808717495397e-07,9.694139269452391e-08,8.789205045888468e-08,7.9311899983037e-08,7.110533353156652e-08,6.319640945838994e-08,5.552586579284193e-08,4.8048270150365945e-08,4.072942585388915e-08,3.354408336140964e-08,2.6473961578107673e-08,1.9506056159487987e-08,1.2631196191935196e-08,5.842802793704057e-09,-8.641997226097243e-10,-7.494369677525567e-09,-1.4052679428107624e-08,-2.0545439784659923e-08,-2.6981264032066917e-08,-3.337211765383698e-08,-3.9734499344232026e-08,-4.609079753579238e-08,-5.247086311983373e-08,-5.8913831360492355e-08,-6.547021163018148e-08,-7.220423919635483e-08,-7.919644419967098e-08,-8.654633097004175e-08,-9.437495835047709e-08,-1.0282703027821697e-07,-1.1207176373678036e-07,-1.2230112880700396e-07,-1.3372265804380933e-07,-1.4654082685647947e-07,-1.6091276593547078e-07,-1.4204466844515646e-07,-1.2475247320260925e-07,-1.0890604060322559e-07,-9.433286870681904e-08,-8.085393595836078e-08,-6.830059764961776e-08,-5.652210852088093e-08,-4.53882729636524e-08,-3.478953084497643e-08,-2.4635707774127543e-08,-1.4854096543386602e-08,-5.387240816664945e-09,3.809367911617804e-09,1.2769564198744377e-08,2.1518701381768896e-08,3.0075757346343496e-08,3.845538075309388e-08,4.666992718991883e-08,5.4731546488666864e-08,6.26543841719054e-08,7.04569508859427e-08,7.816469121059814e-08,8.581274131358878e-08,9.344878957299151e-08,1.0113581558125682e-07,1.089542201928983e-07,1.1700235358613866e-07,1.2539343982685844e-07,1.342447089354441e-07,1.4364917194205573e-07,-1.634443600690584e-07,-1.5135988279936426e-07,-1.4023301240068494e-07,-1.2991336945980995e-07,-1.2021517308560868e-07,-1.1096405821441355e-07,-1.0201267363132654e-07,-9.324340818207393e-08,-8.456595650640524e-08,-7.591307371112691e-08,-6.723595267152123e-08,-5.8499799253346793e-08,-4.96798041638576e-08,-4.0757543952228566e-08,-3.171776610825019e-08,-2.254547337931966e-08,-1.3223202014603538e-08,-3.7283813497325985e-09,5.9693343150268155e-09,1.5910856608114566e-08,2.6150646513391738e-08,3.67599219621547e-08,4.7830068737029626e-08,5.947616394413822e-08,7.184041901323851e-08,8.509516132915135e-08,9.944455844389958e-08,1.1512333728740544e-07,1.32388659680819e-07,1.5149679595263108e-07,1.726459228033387e-07,1.560638971423222e-07,1.413476111514012e-07,1.2829564454507616e-07,1.1665141027348473e-07,1.061629590764498e-07,9.660555915019837e-08,8.778831707968578e-08,7.95539178699147e-08,7.177555205871273e-08,6.435287653429295e-08,5.720784231982419e-08,5.028076612522183e-08,4.352681066942647e-08,3.691293212209387e-08,3.0415292717770364e-08,2.4017101307473398e-08,1.7706825548164355e-08,1.147671131832158e-08,5.321543640950765e-09,-7.624142939948838e-10,-6.778363779744163e-09,-1.2729851234062837e-08,-1.8621640778933438e-08,-2.4460631821906527e-08,-3.025687535267937e-08,-3.602474450326323e-08,-4.1784317167770344e-08,-4.756302979843645e-08,-5.3397659852498024e-08,-5.933668692829054e-08,-6.54430657656627e-08,-7.179741331237951e-08,-7.85015591971697e-08,-8.568231471217048e-08,-9.349512558855331e-08,-1.0212685684877367e-07,-1.1179601316452428e-07,-1.2274657432495903e-07,-1.352267042204667e-07,-1.494313263392575e-07,-1.3125046854699955e-07,-1.1479313136401727e-07,-9.98941580407246e-08,-8.634002311411321e-08,-7.391668675179416e-08,-6.242910371296353e-08,-5.170798045680621e-08,-4.161078222126361e-08,-3.2020216835070514e-08,-2.2841669320024983e-08,-1.4000260316425749e-08,-5.437850257897496e-09,2.8898483583818855e-09,1.1015975099440508e-08,1.896502558832354e-08,2.6755182793155917e-08,3.4400534779743805e-08,4.191325903851344e-08,4.9305865002449445e-08,5.659358926607411e-08,6.379703197492005e-08,7.094510599197393e-08,7.807833746361845e-08,8.525249213352578e-08,9.254236443766095e-08,1.0004525630677491e-07,1.0788296699450192e-07,1.1619953863700632e-07,1.251483999155184e-07,1.348537284246632e-07,-1.5256199520230143e-07,-1.4025932895404744e-07,-1.291408534963618e-07,-1.1901398941844482e-07,-1.096459094326443e-07,-1.0082498107552393e-07,-9.237778159054458e-08,-8.416953099070376e-08,-7.609901827505726e-08,-6.809229954338116e-08,-6.0096657356727e-08,-5.207524511056226e-08,-4.40024641065615e-08,-3.585999824120126e-08,-2.7633385691925393e-08,-1.930898546482575e-08,-1.0871186851006804e-08,-2.2997082853192675e-09,6.433162552572144e-09,1.5365523155407445e-08,2.454911961388343e-08,3.405300062594252e-08,4.396759734214546e-08,5.440920549147614e-08,6.552477240425037e-08,7.749675125020177e-08,9.054738022716051e-08,1.0494055079262986e-07,1.209762890489718e-07,1.3896545609621814e-07,1.5915508076062534e-07,1.4297698319139857e-07,1.2884601368774674e-07,1.1651148133091781e-07,1.0566180075944723e-07,9.60019038488294e-08,8.727786904654384e-08,7.928090841607502e-08,7.18438379086926e-08,6.483531892207878e-08,5.8153861032796584e-08,5.1722284667228316e-08,4.548286322055323e-08,3.939319194970364e-08,3.3422755537510617e-08,2.7550125982462566e-08,2.1760702389932034e-08,1.604489805300211e-08,1.0396682973102553e-08,4.81239731369115e-09,-7.10239952179869e-10,-6.172994839453911e-09,-1.1577916015496606e-08,-1.6928124057807485e-08,-2.2228649123632172e-08,-2.7487375741105737e-08,-3.271615788051917e-08,-3.793217389312396e-08,-4.3159598207222006e-08,-4.8431672961071595e-08,-5.37932651482102e-08,-5.930398948520934e-08,-6.50419595896028e-08,-7.110819465709519e-08,-7.763164200171253e-08,-8.4774620722499e-08,-9.273805565090372e-08,-1.0176468025477796e-07,-1.1213531036551077e-07,-1.2414584798381374e-07,-1.3803430086607277e-07,-1.2065391530900993e-07,-1.0513313715534633e-07,-9.126545128934749e-08,-7.879105829663154e-08,-6.745949095477676e-08,-5.705080746457471e-08,-4.738016207194521e-08,-3.829616294219709e-08,-2.9677207456412753e-08,-2.1427344667487603e-08,-1.3472208247169043e-08,-5.755220116967518e-09,1.7658543927649961e-09,9.121981542234427e-09,1.6335595259035452e-08,2.3423063648280022e-08,3.039698239225352e-08,3.7268408888148784e-08,4.40491610259599e-08,5.075430880182619e-08,5.7404985637980275e-08,6.403163814752381e-08,7.067781512141173e-08,7.740455825404453e-08,8.429535458045731e-08,9.146129976143973e-08,9.90452455812693e-08,1.0722141760204252e-07,1.1618140947625473e-07,1.2608365709929503e-07,-1.4171209845572334e-07,-1.2937054772576679e-07,-1.1840127117011067e-07,-1.0856791038155428e-07,-9.95915201104276e-08,-9.122765226610397e-08,-8.328285567803797e-08,-7.561117260279477e-08,-6.810567327435934e-08,-6.068991291641735e-08,-5.331054594023272e-08,-4.593118284407776e-08,-3.852732766531158e-08,-3.1082200601288206e-08,-2.3583245577283955e-08,-1.6019122181794508e-08,-8.376984587041085e-09,-6.398560001196489e-10,7.2160854266507955e-09,1.522448415740978e-08,2.3432209567167704e-08,3.190332122029819e-08,4.0723698825603236e-08,5.0006391344263724e-08,5.989769740586645e-08,7.05839582690075e-08,8.229880337754143e-08,9.532933520980669e-08,1.1001548936420002e-07,1.2672515052186407e-07,1.4575949854274685e-07,1.3019656466598857e-07,1.1682345314604072e-07,1.0533637422203343e-07,9.536782855167351e-08,8.658364028510984e-08,7.87073359769871e-08,7.151929686695484e-08,6.484884660566618e-08,5.8565432303354025e-08,5.25706597526497e-08,4.679149778907012e-08,4.117463131902192e-08,3.568186654435416e-08,3.028645968899576e-08,2.4970225445202982e-08,1.9721281110653656e-08,1.4532293024642895e-08,9.39910803582949e-09,4.319670024749297e-09,-7.068628292031818e-10,-5.6808717783287905e-09,-1.060296514198393e-08,-1.5474657861621658e-08,-2.029910008401068e-08,-2.5081914937248367e-08,-2.983221261781056e-08,-3.456385853430695e-08,-3.9297086945289397e-08,-4.406056691643065e-08,-4.8894041944178604e-08,-5.385167423813505e-08,-5.900622454296605e-08,-6.445418488567935e-08,-7.032195258366954e-08,-7.677306458293079e-08,-8.40162003653253e-08,-9.231234004098347e-08,-1.0197541108737487e-07,-1.1334963578070813e-07,-1.2671928721225247e-07,-1.1030308018827724e-07,-9.585286431740197e-08,-8.311631638943447e-08,-7.178534197095274e-08,-6.157557548479492e-08,-5.2247238741880015e-08,-4.360560141900316e-08,-3.5495702858467594e-08,-2.779619109721822e-08,-2.041355860824128e-08,-1.3276993601319193e-08,-6.333861455172036e-09,4.5419646294029216e-10,7.1145947187129515e-09,1.3666653514562169e-08,2.012408304145146e-08,2.6497237896690176e-08,3.279528782190982e-08,3.902845821683759e-08,4.521049974371756e-08,5.1361551170031395e-08,5.751156226784105e-08,6.370444319666895e-08,7.000310197083269e-08,7.649550170667125e-08,8.330166110884408e-08,9.058057529404832e-08,9.853304343613824e-08,1.0738808172639507e-07,1.173396781553174e-07,-1.308949951000207e-07,-1.18762629711432e-07,-1.0812567639737274e-07,-9.870741259018161e-08,-9.019021956225272e-08,-8.230747616685258e-08,-7.485617686211544e-08,-6.768783482649676e-08,-6.069632619175245e-08,-5.38074834974528e-08,-4.697078189182904e-08,-4.0152731995719337e-08,-3.3331635574848925e-08,-2.6493410913122573e-08,-1.9628219447621194e-08,-1.2727642929439133e-08,-5.7821775651778755e-09,1.2211737867086289e-09,8.301420746149862e-09,1.548642080314449e-08,2.2816233171274385e-08,3.0347185238655685e-08,3.815682317443558e-08,4.634987743518371e-08,5.50653397315386e-08,6.448479859448229e-08,7.484239346990106e-08,8.643599413471638e-08,9.963403864925264e-08,1.148555304059038e-07,1.3245511571862423e-07,1.177994255411346e-07,1.0540408250293057e-07,9.491431177573743e-08,8.591387494663904e-08,7.804164469444761e-08,7.101131467170164e-08,6.460332711767508e-08,5.8651938834569355e-08,5.303368842084618e-08,4.7657906233790694e-08,4.2459021400712e-08,3.739042418405623e-08,3.241965796615723e-08,2.7524714585437795e-08,2.2691215383260446e-08,1.7910282547326638e-08,1.3176934843613677e-08,8.488872034099462e-09,3.845539146132149e-09,-7.526165083020881e-10,-5.304766497814366e-09,-9.810260781083137e-09,-1.4269180018784793e-08,-1.8682934280508445e-08,-2.3054965668518817e-08,-2.7391621249247997e-08,-3.170327673572148e-08,-3.6005810707161395e-08,-4.032255333001246e-08,-4.4686860848799246e-08,-4.914549374765751e-08,-5.376299631353523e-08,-5.86272824553978e-08,-6.385663107863838e-08,-6.960830652992377e-08,-7.608901805049166e-08,-8.356658393459862e-08,-9.237706689407934e-08,-1.0290636514000929e-07,-1.15482883953835e-07,-1.0026517118425842e-07,-8.706012985684265e-08,-7.557023936204258e-08,-6.544413133204175e-08,-5.6373208445882655e-08,-4.810838316092797e-08,-4.045423984501422e-08,-3.325954855322189e-08,-2.6408831408401853e-08,-1.9815306888163412e-08,-1.341491113375382e-08,-7.161269179590911e-09,-1.0215308439267185e-09,5.0270416895362e-09,1.0999880434761538e-08,1.69074759140429e-08,2.275746862989054e-08,2.8556638700850392e-08,3.431296779597049e-08,4.003795505254829e-08,4.574938063345233e-08,5.147472492428862e-08,5.725546625131247e-08,6.315250008017548e-08,6.925296183053326e-08,7.56787620943497e-08,8.259653021029453e-08,9.02250058626143e-08,9.882460158551925e-08,1.0862210445345287e-07,-1.2011030889729984e-07,-1.0852155794865085e-07,-9.844718282479013e-08,-8.95826326562707e-08,-8.159112109918562e-08,-7.420417712924714e-08,-6.722575683833536e-08,-6.051610083460137e-08,-5.397732048092739e-08,-4.754249148078816e-08,-4.11672040194279e-08,-3.482299300878464e-08,-2.8492266336492047e-08,-2.2164397810666494e-08,-1.5832674669044216e-08,-9.491818613408472e-09,-3.135829498856919e-09,3.2440761269409684e-09,9.661647994468328e-09,1.6138123646515435e-08,2.2705315057979966e-08,2.9409496759652567e-08,3.631632713016634e-08,4.3516995521157654e-08,5.113571168409105e-08,5.9338642589868925e-08,6.834480125705254e-08,7.844089250713162e-08,8.999819719648195e-08,1.0346472011282583e-07,1.192362564602326e-07,1.0588637820163951e-07,9.474292774349474e-08,8.541404723232015e-08,7.745808209052601e-08,7.051239474859855e-08,6.430217195299424e-08,5.8622660795179376e-08,5.332296875616246e-08,4.8293461180308174e-08,4.3455715554489936e-08,3.875456419320999e-08,3.415192716381235e-08,2.9622138017920272e-08,2.5148461762680462e-08,2.0720530899132068e-08,1.633246914619168e-08,1.1981519152592196e-08,7.667032319134586e-09,3.38971254758522e-09,-8.489687894199205e-10,-5.047251404674602e-09,-9.203511412785645e-09,-1.3316680711329107e-08,-1.7386706973277415e-08,-2.1415105101308053e-08,-2.540566072720497e-08,-2.9365362194516694e-08,-3.3305660320306996e-08,-3.724418576348582e-08,-4.120709167192961e-08,-4.5232231537655125e-08,-4.9373421269278166e-08,-5.370605713128014e-08,-5.833435612552301e-08,-6.340048397390599e-08,-6.909598672941484e-08,-7.567645668262113e-08,-8.347731433864201e-08,-9.290525143823299e-08,-1.0432025503477503e-07,-9.063131052670703e-08,-7.889501591881521e-08,-6.877913439998688e-08,-5.990779588628068e-08,-5.196985888120076e-08,-4.47254400805598e-08,-3.799160682412538e-08,-3.1629846065208563e-08,-2.553685081511514e-08,-1.9636966811649302e-08,-1.3875876353482605e-08,-8.215425315294212e-09,-2.6294898415158625e-09,2.8992826246172556e-09,8.382054124284004e-09,1.382589756069561e-08,1.923560816739571e-08,2.4615405898519583e-08,2.9970708349695326e-08,3.531016284664595e-08,4.0648145239409936e-08,4.600795811167954e-08,5.142598591935406e-08,5.695708481743516e-08,6.268152490877061e-08,6.871395513201888e-08,7.521522384751891e-08,8.240552200605008e-08,9.056085959706428e-08,9.993067399877473e-08,-1.0935669578158665e-07,-9.874873462443894e-08,-8.95131143710593e-08,-8.134700069703578e-08,-7.393385397586534e-08,-6.704003599820415e-08,-6.04985096451033e-08,-5.419050312516403e-08,-4.803373573065632e-08,-4.197306553535101e-08,-3.597292353031171e-08,-3.0011400268505796e-08,-2.407576465413333e-08,-1.8159109741757852e-08,-1.2257813945833772e-08,-6.369538632963792e-09,-4.915217443967135e-10,5.381044446803083e-09,1.125675107878936e-08,1.7150030314709428e-08,2.3083756212389424e-08,2.909263754075314e-08,3.5227664054814065e-08,4.156182953021283e-08,4.8197203905750244e-08,5.527312761341213e-08,6.297517058948275e-08,7.154608984653955e-08,8.130937804969248e-08,9.269093963712959e-08,1.0609493706793652e-07,9.458340079777012e-08,8.501978729920406e-08,7.701356978098873e-08,7.014877602500821e-08,6.411024139784292e-08,5.866380913668549e-08,5.36360188233468e-08,4.890088024223003e-08,4.436882141072554e-08,3.9977417834081613e-08,3.5684011975409754e-08,3.1460102122704116e-08,2.728720751514367e-08,2.3153880191835037e-08,1.905356980551355e-08,1.4983105530707543e-08,1.0941616446505118e-08,6.929758045943329e-09,2.949148451012906e-09,-9.980566569520419e-10,-4.90950423481927e-09,-8.7829420414256e-09,-1.2616512310315149e-08,-1.6409077817997614e-08,-2.0160621319223655e-08,-2.3872768581375787e-08,-2.754950067741555e-08,-3.119814422870826e-08,-3.483076055062742e-08,-3.846609719011653e-08,-4.213231672135149e-08,-4.587076983126389e-08,-4.9741110415615453e-08,-5.382801440341444e-08,-5.8249604780484005e-08,-6.316748383963413e-08,-6.87987594736249e-08,-7.543467555582948e-08,-8.345730243820208e-08,-9.322453234526245e-08,-8.151788581491426e-08,-7.152686513094071e-08,-6.291265033432268e-08,-5.531815795212063e-08,-4.847250452094517e-08,-4.217251208674322e-08,-3.626310914014066e-08,-3.062807852664516e-08,-2.518246773948313e-08,-1.9865666417566153e-08,-1.4635449757897759e-08,-9.463169050891696e-09,-4.3300219121653065e-09,7.757887368937696e-10,5.861227736763036e-09,1.0930141560763174e-08,1.5984699635501342e-08,2.102673317929059e-08,2.6059137041715594e-08,3.10875096934926e-08,3.612222983524289e-08,4.1181200314127086e-08,4.629351816820054e-08,5.150432710289733e-08,5.6881043393880096e-08,6.252107753429174e-08,6.856156732621435e-08,7.519441322961604e-08,8.267927802996445e-08,9.126433365224194e-08,-9.863152294491199e-08,-8.953854515342274e-08,-8.144384448758282e-08,-7.409277532465111e-08,-6.728084684673041e-08,-6.085729893898264e-08,-5.470361907021539e-08,-4.873248519264269e-08,-4.288337969118112e-08,-3.711647912734927e-08,-3.140690810885004e-08,-2.5740117214315487e-08,-2.01084143779463e-08,-1.4508427026548208e-08,-8.939231599033571e-09,-3.400915144888911e-09,2.1066281268101748e-09,7.584834910843785e-09,1.3037704019904798e-08,1.8473285549740646e-08,2.3905614554498927e-08,2.935730683725725e-08,3.486305661167982e-08,4.0474240573569815e-08,4.626462469310035e-08,5.2336547676566156e-08,5.8825597167531054e-08,6.590016332651287e-08,7.37572365202893e-08,8.267726895873784e-08,9.301997751299736e-08,8.401657678621062e-08,7.63923466920956e-08,6.982266412061913e-08,6.404642044748247e-08,5.8859335113742227e-08,5.409425517404531e-08,4.9623390777235195e-08,4.5354156012988007e-08,4.1221880828297166e-08,3.718261087013761e-08,3.320721363752181e-08,2.9276944623427274e-08,2.53802507830115e-08,2.1510516998396356e-08,1.7664495220418772e-08,1.3841214508053932e-08,1.0041223874458925e-08,6.266062504974092e-09,2.517882584441256e-09,-1.2008285985478772e-09,-4.887466491932807e-09,-8.539497677947004e-09,-1.2154645195505147e-08,-1.5731096703123573e-08,-1.9267764673869348e-08,-2.2764635278409805e-08,-2.6223255258103282e-08,-2.9647425454964786e-08,-3.304419771227041e-08,-3.6425310415483177e-08,-3.98092469008392e-08,-4.322415331796073e-08,-4.6711881824802224e-08,-5.033335642004261e-08,-5.4175112308639426e-08,-5.835589857957226e-08,-6.30304887360018e-08,-6.838816198770707e-08,-7.467349998951647e-08,-8.218605073984916e-08,-7.304499031874888e-08,-6.511426411572769e-08,-5.809392780079421e-08,-5.1750891377355414e-08,-4.59201343822598e-08,-4.046061083239509e-08,-3.5258957140948315e-08,-3.022977800422901e-08,-2.531164491565654e-08,-2.046186820420875e-08,-1.5651693936316187e-08,-1.086243851602789e-08,-6.082557267502291e-09,-1.3054724409425251e-09,3.4720415670075804e-09,8.251098083077673e-09,1.3031718982382588e-08,1.7813773420177255e-08,2.2597965764095372e-08,2.7387012734725298e-08,3.218717224846947e-08,3.701031831225668e-08,4.1876780798627596e-08,4.681913918741729e-08,5.188696036542983e-08,5.715188615816219e-08,6.271140493225604e-08,6.869000914757013e-08,7.525680970572628e-08,8.262097841736047e-08,-8.793056384499689e-08,-8.088067791532475e-08,-7.410588681732276e-08,-6.761686699353069e-08,-6.141373765685785e-08,-5.543983565071349e-08,-4.963376154986289e-08,-4.394709405322116e-08,-3.834619632358157e-08,-3.280951673942725e-08,-2.7324310099464098e-08,-2.188389623635266e-08,-1.6485608389902898e-08,-1.1129313544839185e-08,-5.8163409943696646e-09,-5.486724737987576e-10,4.671726843146236e-09,9.843538619935038e-09,1.4966777885749694e-08,2.004363551569893e-08,2.507959204019782e-08,3.008494118554606e-08,3.5076879463947045e-08,4.008229270973942e-08,4.51411911410219e-08,5.031011849570039e-08,5.566299032382243e-08,6.128215639939368e-08,6.72214992224036e-08,7.343085767295933e-08,7.999608675831156e-08,7.419309520016225e-08,6.870084982071514e-08,6.359872511861997e-08,5.889476728500068e-08,5.451032334582715e-08,5.035761935626257e-08,4.63651998918736e-08,4.248111631165657e-08,3.866970548471158e-08,3.490741933126838e-08,3.117928350484139e-08,2.7476243440042125e-08,2.3793277685479838e-08,2.0128089608603958e-08,1.648021072406665e-08,1.285038875430059e-08,9.240169475339244e-09,5.651608972631523e-09,2.0870722451269564e-09,-1.450912707502008e-09,-4.9597674192011075e-09,-8.436959233070467e-09,-1.1880095833034426e-08,-1.5287032310350883e-08,-1.865600701401889e-08,-2.1985826939066372e-08,-2.527613111878971e-08,-2.8527772482135838e-08,-3.174337636343065e-08,-3.492815882629959e-08,-3.8091120596631623e-08,-4.124676824401219e-08,-4.441753307785977e-08,-4.7636992579031705e-08,-5.095365000783731e-08,-5.443382140560131e-08,-5.815869432152508e-08,-6.220139678449965e-08,-6.65596551350856e-08,-7.119156230093243e-08,-6.521773637449554e-08,-5.955052349248776e-08,-5.413217083334978e-08,-4.9005268507238786e-08,-4.412419448443697e-08,-3.941979752293532e-08,-3.483021195121651e-08,-3.0308220726792167e-08,-2.5820479542236115e-08,-2.134462758783135e-08,-1.6866396579225886e-08,-1.2377272303270571e-08,-7.872744101602131e-09,-3.3510305040218546e-09,1.1878506647615374e-09,5.7427836520691735e-09,1.0312123889371771e-08,1.4894217724579171e-08,1.9487951350359684e-08,2.409341317473167e-08,2.8712769073050513e-08,3.335147154840758e-08,3.8019938895552416e-08,4.273580561707387e-08,4.7526630958179605e-08,5.2432178912694736e-08,5.7503121733692274e-08,6.278697465963414e-08,6.828641874792399e-08,7.399720294940916e-08,-7.724825520383291e-08,-7.171898769796402e-08,-6.620701748894954e-08,-6.07148234142302e-08,-5.524547113243353e-08,-4.9802150522737125e-08,-4.438804658031412e-08,-3.900632327280508e-08,-3.36601474216442e-08,-2.835272275775587e-08,-2.3087322783888722e-08,-1.7867318576367277e-08,-1.2696200844273834e-08,-7.577596870347172e-09,-2.515283443884224e-09,2.4868029740259814e-09,7.424557627161969e-09,1.2293699220771206e-08,1.708976097105746e-08,2.1808079940752267e-08,2.644378376000625e-08,3.099177401707034e-08,3.544670597730897e-08,3.98029650701797e-08,4.405464221360039e-08,4.8195513438330376e-08,5.221903645522121e-08,5.6118392173423556e-08,5.988663519504899e-08,6.35170928935923e-08,6.700444494242707e-08,6.366828728641344e-08,6.029988306378769e-08,5.6902861949486217e-08,5.3481529799364634e-08,5.004018390347364e-08,4.65828914919927e-08,4.3113437541223806e-08,3.963533834407101e-08,3.615187735910497e-08,3.26661453650826e-08,2.9181077677491448e-08,2.569948592403895e-08,2.2224083958035385e-08,1.8757508362956153e-08,1.5302334318021495e-08,1.1861087658415077e-08,8.436253920070363e-09,5.030285077016652e-09,1.6456045926637025e-09,-1.7153886704667676e-09,-5.050317198878171e-09,-8.356821793120969e-09,-1.1632558332877081e-08,-1.4875193931022472e-08,-1.808240205308851e-08,-2.125185614808979e-08,-2.4381221288985476e-08,-2.746814325834266e-08,-3.051023444305719e-08,-3.350505583529528e-08,-3.6450094405863396e-08,-3.934273518583633e-08,-4.2180227697531884e-08,-4.4959647198877946e-08,-4.7677853147208266e-08,-5.0331451691131786e-08,-5.2916778916857756e-08,-5.5429945177489024e-08,-5.7867035467102935e-08,-6.022474040243464e-08,-5.680869427285737e-08,-5.329657655094223e-08,-4.969279859094546e-08,-4.6002886758892064e-08,-4.2232589152807546e-08,-3.838754542426018e-08,-3.4473162820709935e-08,-3.0494582285372793e-08,-2.6456681567040844e-08,-2.2364092167059025e-08,-1.822121969922089e-08,-1.4032263184511375e-08,-9.801231607972657e-09,-5.53195740760767e-09,-1.2281072054224619e-09,3.1068096059061157e-09,7.469433659202579e-09,1.1856548947455504e-08,1.62650757899172e-08,2.0692062463313282e-08,2.5134674479854728e-08,2.9590180480038142e-08,3.405593380893336e-08,3.852934923065925e-08,4.30078752822133e-08,4.7488965331277777e-08,5.19700564553364e-08,5.6448580212800124e-08,6.092206424502648e-08,6.538850380368205e-08
ry,6.03351958073114e-08,6.891779016576483e-08,7.74891576250783e-08,8.600425226290205e-08,9.442164519303165e-08,1.0270399119927473e-07,1.1081643450525369e-07,1.1872542881525352e-07,1.2639808428294294e-07,1.3380191665730875e-07,1.40904863455509e-07,1.4767546700449047e-07,1.5408315678424854e-07,1.6009858792754882e-07,1.6569400992025173e-07,1.7084365165729118e-07,1.7552411793987097e-07,1.7971479976937165e-07,1.8339830764681227e-07,1.8656094465137268e-07,1.891932455392946e-07,1.9129062085846666e-07,1.928541628382555e-07,1.938916947246784e-07,1.9441917944667632e-07,1.9446264761177603e-07,1.9406085086596442e-07,1.9326885648579133e-07,1.9216257938645662e-07,1.9084317102652364e-07,1.8943191799036544e-07,1.738020059816951e-07,1.5823869221571252e-07,1.4285950245204917e-07,1.277687634305942e-07,1.1305622659412049e-07,9.880179875078231e-08,8.50792613704791e-08,7.195850978203882e-08,5.9506605513681756e-08,4.778801052103017e-08,3.686429742135278e-08,2.6793549532945583e-08,1.7629601105369365e-08,9.42122235848336e-09,2.211321796596301e-09,-3.963784210327228e-09,-9.075000411452002e-09,-1.3100957375022397e-08,-1.6028377320731233e-08,-1.7852292701353604e-08,-1.8576113934683533e-08,-1.821154649572238e-08,-1.6778360722181587e-08,-1.4304020404049789e-08,-1.082317874034545e-08,-6.3770527965445465e-09,-1.0126904955303233e-09,5.217852145624818e-09,1.2258400741380994e-08,2.0049589052107725e-08,2.85297811109082e-08,3.7635931258444994e-08,4.730429963593606e-08,5.7470904164107546e-08,6.807153782298636e-08,7.904111144217994e-08,9.031201243849199e-08,1.0181120786128477e-07,1.1345637055233956e-07,1.2515645263622774e-07,1.2669761541945222e-07,1.2817262918599655e-07,1.2948903381298504e-07,1.305697231385109e-07,1.3135679469128857e-07,1.3180821033895962e-07,1.3189434686240407e-07,1.3159525925473486e-07,1.3089865968900132e-07,1.297984482963219e-07,1.2829363923663074e-07,1.26387560475463e-07,1.2408723918293846e-07,1.2140291066445318e-07,1.1834760766523245e-07,1.1493680040618975e-07,1.1118806741641706e-07,1.0712078444159797e-07,1.0275582448318098e-07,9.811526726936033e-08,9.32221220266429e-08,8.810007427656698e-08,8.277327668058067e-08,7.726621716009396e-08,7.160371628512167e-08,6.581113098016582e-08,5.991486856786267e-08,5.394330720310644e-08,4.79280379987691e-08,4.19035150863713e-08,5.595652374997219e-08,7.886151022094074e-08,1.0462432471910954e-07,1.2876748156223453e-07,1.5155452657340174e-07,1.7343631319487678e-07,1.9471781964384596e-07,2.1554138047163238e-07,2.359296374695603e-07,2.558244388190739e-07,2.751158415019392e-07,2.9366216434203133e-07,3.113032821965779e-07,3.278689810496133e-07,3.431836771860598e-07,3.5706833106174234e-07,3.693400029681646e-07,3.798091642915286e-07,3.8827456702112094e-07,3.9451517536408423e-07,3.982782961970275e-07,3.9926266883749814e-07,3.9709480999258735e-07,3.912965568983911e-07,3.812418771428889e-07,3.6610302550641976e-07,3.4479672520693396e-07,3.159767435369496e-07,2.783477498013841e-07,2.3224657927080256e-07,1.9578520258655858e-07,1.4273155639975515e-07,8.266795075410836e-08,2.825285317478917e-08,-2.1226339958377972e-08,-6.716486597468834e-08,-1.1058938034076147e-07,-1.5206706588758945e-07,-1.9181005214635342e-07,-2.297830797963272e-07,-2.6579030997593014e-07,-2.9954042660584334e-07,-3.3069443003266845e-07,-3.5890044026431316e-07,-3.8381894477341074e-07,-4.0514102365791526e-07,-4.2260136445326433e-07,-4.3598734532076124e-07,-4.4514508531998443e-07,-4.499830956509049e-07,-4.504739829613985e-07,-4.4665452851888117e-07,-4.3862437443040124e-07,-4.265434736374369e-07,-4.1062839034210867e-07,-3.9114745942428087e-07,-3.684147147994067e-07,-3.4278236352234457e-07,-3.1463139759193573e-07,-2.8435967682791767e-07,-2.523664555669972e-07,-2.1903182865871437e-07,-1.846889035718598e-07,-1.4958565277575622e-07,-1.1383248857519246e-07,-7.733116731675572e-08,-3.968407812798072e-08,-9.952938704449348e-11,4.256202612456454e-08,8.902549472644503e-08,1.2972564952612052e-07,1.580845378412822e-07,1.9366290514043876e-07,2.2278467705663565e-07,2.4520170485823235e-07,2.619027309447112e-07,2.7391318913387623e-07,2.820582218572737e-07,2.869684759701791e-07,2.891210548255539e-07,2.8888044338662167e-07,2.865313359507638e-07,2.823033089266885e-07,2.7638880242060967e-07,2.689559786130379e-07,2.601577409206764e-07,2.5013786439521967e-07,2.390348814256623e-07,2.2698411088331327e-07,2.1411796460142014e-07,2.0056445188981136e-07,1.864435332881075e-07,1.7186068613372544e-07,1.568966832046638e-07,1.4159219075135636e-07,1.2592551255498603e-07,1.0978279010735897e-07,9.292518676845278e-08,7.500279698659175e-08,5.581106144794215e-08,3.8833972050240654e-08,5.170649746536404e-08,8.758964360394997e-08,1.2653028306164738e-07,1.6375528136386514e-07,1.9918696969905038e-07,2.333649136292355e-07,2.6666404385163925e-07,2.992518960535617e-07,3.3113217613413326e-07,3.621928540238369e-07,3.922437198380071e-07,4.2104358842235885e-07,4.4831904695572873e-07,4.737765922669377e-07,4.971095658011238e-07,5.180008389752748e-07,5.361217744133081e-07,5.511275962221521e-07,5.626489306567485e-07,5.702789114877645e-07,5.735548849624077e-07,5.719334112919664e-07,5.647570224875963e-07,5.512113056889688e-07,5.302719869218511e-07,5.006464160596834e-07,4.6073041079261847e-07,4.086814507853537e-07,3.430025691520745e-07,2.6616130900316407e-07,2.0011060610758193e-07,1.1364839541260804e-07,1.9684352345681967e-08,-6.756371322888442e-08,-1.4786184186785316e-07,-2.2294966945657263e-07,-2.9416813465210827e-07,-3.6226473720729754e-07,-4.274948272067343e-07,-4.897573446991234e-07,-5.487112788819685e-07,-6.038681511951919e-07,-6.546634280306732e-07,-7.005109389831839e-07,-7.408439359437273e-07,-7.751457340062693e-07,-8.02972207631672e-07,-8.239678578719311e-07,-8.378767298947241e-07,-8.445491315943108e-07,-8.439448620036478e-07,-8.361334792050505e-07,-8.212919994552102e-07,-7.997003024737539e-07,-7.717344044635007e-07,-7.378576339272983e-07,-6.98609589594215e-07,-6.545925581036873e-07,-6.064548035869339e-07,-5.548697926876791e-07,-5.005099676468829e-07,-4.4401311183809196e-07,-3.859386654127016e-07,-3.267105879740988e-07,-2.6654270122753307e-07,-2.0534282182924277e-07,-1.4259678791514574e-07,-7.726930506943409e-08,-7.911836339873915e-09,6.557795198184576e-08,1.3290321594425297e-07,1.8383888343962763e-07,2.4286264986128027e-07,2.933492299201274e-07,3.3345282980004835e-07,3.643208089392314e-07,3.8735897934307026e-07,4.0379034138730154e-07,4.146003802950074e-07,4.20570087153697e-07,4.2232050205778666e-07,4.203529557845261e-07,4.1508170179018185e-07,4.068591903603176e-07,3.959950741308731e-07,3.8277011232977736e-07,3.674459621538024e-07,3.502715896389352e-07,3.314867569021304e-07,3.11322764350657e-07,2.900003438160524e-07,2.67724298087344e-07,2.4467415833723296e-07,2.2098978533799114e-07,1.9675051347761268e-07,1.7194642686848147e-07,1.4644172727124036e-07,1.1994216072730294e-07,9.202984083701545e-08,6.277358548308779e-08,3.586209567515954e-08,4.756215847799139e-08,9.488484588653668e-08,1.439723326215324e-07,1.9183240651291089e-07,2.3815942650883055e-07,2.832522444680757e-07,3.2734885458972933e-07,3.705168762671776e-07,4.1267402968217477e-07,4.536238461131909e-07,4.930875062028957e-07,5.307286735859358e-07,5.661716486801545e-07,5.990136494702718e-07,6.288320045391866e-07,6.551868612026908e-07,6.776197677221678e-07,6.956482218979268e-07,7.087560141128966e-07,7.163789596552243e-07,7.178854515272258e-07,7.125512443387231e-07,6.995281469007038e-07,6.778071757331779e-07,6.461791538058193e-07,6.032028175902024e-07,5.47216914963503e-07,4.7652854736578114e-07,3.903615048844753e-07,2.925198100817441e-07,2.0241702954095294e-07,8.653240792123199e-08,-3.344599385351625e-08,-1.476248156854057e-07,-2.550805438126652e-07,-3.5696564529289624e-07,-4.543281259124773e-07,-5.477154913429177e-07,-6.37212519842831e-07,-7.225480061739464e-07,-8.032014139427239e-07,-8.784951117529745e-07,-9.476707262462046e-07,-1.0099508208871164e-06,-1.0645877779810075e-06,-1.1109018024653728e-06,-1.1483097831914425e-06,-1.176346485650063e-06,-1.1946792839812765e-06,-1.2031174039701419e-06,-1.2016164527845971e-06,-1.1902788516813778e-06,-1.169350653978225e-06,-1.1392151085280907e-06,-1.1003832043920447e-06,-1.0534812915711566e-06,-9.992357028588478e-07,-9.384540922660852e-07,-8.720029483222935e-07,-8.007804338160106e-07,-7.256833553932377e-07,-6.475667020055886e-07,-5.67193862494304e-07,-4.851754335825554e-07,-4.018947174591203e-07,-3.1741946138217835e-07,-2.3140791518532463e-07,-1.430552748277625e-07,-5.134463227629418e-08,4.341856656056405e-08,1.3469821092464512e-07,2.0397508959052583e-07,2.7900957926717284e-07,3.4510581026004366e-07,3.9940144616497575e-07,4.4250109687875746e-07,4.756993415751775e-07,5.002642663201939e-07,5.172955405387152e-07,5.277156589051714e-07,5.322943214070761e-07,5.316784329182723e-07,5.264201322734674e-07,5.170006003224138e-07,5.038492310181739e-07,4.87358409759976e-07,4.6789434514784645e-07,4.45804384417428e-07,4.2142111826540497e-07,3.950634039958268e-07,3.6703423473959114e-07,3.376151813413088e-07,3.0705695025629385e-07,2.7556546896833754e-07,2.4328291154121987e-07,2.1026348702110245e-07,1.7644658747484898e-07,1.4164235903375048e-07,1.0561930670902437e-07,6.862048600478113e-08,3.297045223151833e-08,4.3495770687094155e-08,1.002736348663955e-07,1.5747229983157157e-07,2.1397632886885064e-07,2.695247942603134e-07,3.2411767531523877e-07,3.7774121464428386e-07,4.302809322572181e-07,4.815166043611428e-07,5.31138798749477e-07,5.787679720780463e-07,6.23971512927314e-07,6.662773512477728e-07,7.05183736306255e-07,7.401651347347634e-07,7.706743321429777e-07,7.961408268871752e-07,8.159655435698959e-07,8.295118221072665e-07,8.360926153807864e-07,8.349539265028609e-07,8.252548386461959e-07,8.060452037621758e-07,7.762435296031212e-07,7.346208959596431e-07,6.798059906477277e-07,6.103559155289514e-07,5.250463463722967e-07,4.2386000226651933e-07,3.109242916519516e-07,2.027173970070955e-07,6.227372659032391e-08,-7.876504306047948e-08,-2.1527165905937633e-07,-3.4642173022721344e-07,-4.726018785292743e-07,-5.942276283163299e-07,-7.113940280729335e-07,-8.238480387487061e-07,-9.310495102496102e-07,-1.0322492801137606e-06,-1.1265657226413068e-06,-1.2130539057855403e-06,-1.2907654365953176e-06,-1.3587985868340454e-06,-1.416339040435803e-06,-1.4626919605768704e-06,-1.4973062012254859e-06,-1.5197914884742996e-06,-1.5299293375802235e-06,-1.5276783903105896e-06,-1.5131747709093423e-06,-1.4867279714519757e-06,-1.4488126849255684e-06,-1.400056900278487e-06,-1.3412264508926683e-06,-1.2732060613923416e-06,-1.1969767665570823e-06,-1.1135893866400474e-06,-1.024133553077195e-06,-9.297016213119384e-07,-8.313467386232309e-07,-7.300344327724117e-07,-6.26587461726954e-07,-5.216245188665169e-07,-4.154957215910783e-07,-3.082256438727453e-07,-1.9950915894506047e-07,-8.89086799457808e-08,2.344740771070471e-08,1.3512378948090382e-07,2.1820066410781645e-07,3.0473573622748447e-07,3.8226942450075987e-07,4.4769376106215283e-07,5.010373397644549e-07,5.43240213417373e-07,5.754057027464528e-07,5.985812459879906e-07,6.137050762099534e-07,6.216025842621645e-07,6.229986186327984e-07,6.185343268058797e-07,6.087841299716427e-07,5.94270907885055e-07,5.754785842257478e-07,5.52861843240284e-07,5.268529526653521e-07,4.978657428905134e-07,4.6629677563982745e-07,4.325236823295571e-07,3.969006087055861e-07,3.5975071149976375e-07,3.2135576404432253e-07,2.8194321637706245e-07,2.4167185704664227e-07,2.0061980685143362e-07,1.587899060653346e-07,1.1617952410854474e-07,7.29978771918825e-08,3.0138030964106954e-08,3.947975920981997e-08,1.0379684173714234e-07,1.6748568578939108e-07,2.3104281097897732e-07,2.9431309334143257e-07,3.570366884840153e-07,4.18921628237295e-07,4.79632349629159e-07,5.38779523434029e-07,5.959201525972294e-07,6.505631294850869e-07,7.021766736936164e-07,7.501955891574511e-07,7.94027082372205e-07,8.330544136533619e-07,8.666379990640944e-07,8.941137956906967e-07,9.147889393556489e-07,9.279347246959904e-07,9.327771935680376e-07,9.284859098481435e-07,9.141620483862204e-07,8.888278724590957e-07,8.514213798187355e-07,8.008035482882332e-07,7.357951658439147e-07,6.552894746290141e-07,5.585709631736302e-07,4.461868319983842e-07,3.2229715836689733e-07,2.0102734740767042e-07,4.050869240238523e-08,-1.1788778303320632e-07,-2.732740421230007e-07,-4.2513407339196127e-07,-5.7319118879287e-07,-7.171365993261455e-07,-8.564843142507749e-07,-9.905361123386514e-07,-1.118405539886875e-06,-1.239065703857921e-06,-1.351404974344821e-06,-1.454283198515593e-06,-1.5465843705846143e-06,-1.6272634917011568e-06,-1.6953864799628546e-06,-1.7501627207390245e-06,-1.7909702951535582e-06,-1.8173741802147151e-06,-1.8291378482198354e-06,-1.8262287544004919e-06,-1.8088182193046264e-06,-1.7772762006334445e-06,-1.732161413718371e-06,-1.6742072018715408e-06,-1.6043034783300292e-06,-1.5234749640074077e-06,-1.4328558390356093e-06,-1.3336608294921415e-06,-1.2271526949138941e-06,-1.114606114392261e-06,-9.972681522790144e-07,-8.763158905286124e-07,-7.528125070093867e-07,-6.276641485254141e-07,-5.015816560725957e-07,-3.750549680480949e-07,-2.4835372638602133e-07,-1.2155100770442357e-07,5.549466705211684e-09,1.3419577036174623e-07,2.272220691510401e-07,3.2209451133888e-07,4.081469325121658e-07,4.822472039818706e-07,5.43995143943139e-07,5.93944652287555e-07,6.329442853872878e-07,6.618960963049704e-07,6.816704990788596e-07,6.930784716511357e-07,6.968661357550543e-07,6.93718868089775e-07,6.842693193162933e-07,6.691064757736889e-07,6.487841892760411e-07,6.238283178420989e-07,5.947420377306865e-07,5.620091250314634e-07,5.260951402009796e-07,4.874465431407922e-07,4.4648787398649886e-07,4.036173049794364e-07,3.59201143531847e-07,3.1356829260588263e-07,2.670063304646578e-07,2.1976213459667636e-07,1.7205110891552576e-07,1.240691474753228e-07,7.594498511620104e-08,2.734397991649833e-08,3.5488964377640775e-08,1.0569825621012074e-07,1.745348152241389e-07,2.4381066683913536e-07,3.134781218515392e-07,3.830549507082602e-07,4.519849173518909e-07,5.197049290398037e-07,5.85644453533203e-07,6.492164428216637e-07,7.098118418424799e-07,7.667980264026668e-07,8.195195170004898e-07,8.672994133645919e-07,9.094404377787651e-07,9.452249011691354e-07,9.739132459612047e-07,9.947410955264984e-07,1.0069150021242712e-06,1.0096073966542542e-06,1.0019516735628642e-06,9.8303897615039e-07,9.519192165209619e-07,9.076105224537173e-07,8.491247502886228e-07,7.755254601563344e-07,6.860583118792138e-07,5.804557142003293e-07,4.596837679798198e-07,3.2785768054300114e-07,1.973636581611735e-07,2.043455338759291e-08,-1.5242742222290618e-07,-3.2397043265991367e-07,-4.94029969438766e-07,-6.617610705969419e-07,-8.261498789383274e-07,-9.860900709215303e-07,-1.1403830165185842e-06,-1.2877449239055235e-06,-1.4268311609192105e-06,-1.5562725455535621e-06,-1.6747175435650583e-06,-1.7808756394661915e-06,-1.8735585204262611e-06,-1.95171686142419e-06,-2.0144713798986977e-06,-2.061137464779274e-06,-2.0912431270737485e-06,-2.1045403193061624e-06,-2.101009871644573e-06,-2.0808604231413566e-06,-2.0445218054474882e-06,-1.9926333744668044e-06,-1.926027790030725e-06,-1.8457107223048735e-06,-1.7528369271028433e-06,-1.6486830975657572e-06,-1.5346178925235314e-06,-1.4120695988621076e-06,-1.2824920537048986e-06,-1.1473297846794342e-06,-1.0079838621556595e-06,-8.657806793762097e-07,-7.219465877360168e-07,-5.775912515754205e-07,-4.3369829358593586e-07,-2.910982345963024e-07,-1.5030559420824668e-07,-1.0775473122389222e-08,1.3193098245177975e-07,2.319714941866853e-07,3.3287290210195e-07,4.25295007038934e-07,5.061405904162591e-07,5.746912376242897e-07,6.311606323272396e-07,6.761298107145227e-07,7.103166593385225e-07,7.344772191304682e-07,7.49361802836725e-07,7.556956911135859e-07,7.541719989010575e-07,7.454509259229048e-07,7.301622123118444e-07,7.089088756295814e-07,6.822710404471445e-07,6.508091519076491e-07,6.150661925042364e-07,5.755687596734897e-07,5.328270638365174e-07,4.873341203368983e-07,4.395646737324699e-07,3.8997472712401254e-07,3.390029039067686e-07,2.8707497875402407e-07,2.3461146566565545e-07,1.8202941488409828e-07,1.2969426405690116e-07,7.76528331903073e-08,2.4569306989771063e-08,3.1501743145209856e-08,1.0625496499604796e-07,1.7913026649796435e-07,2.5299091392853114e-07,3.2788606962016114e-07,4.031475828419977e-07,4.779823689387153e-07,5.51611768525617e-07,6.232863959687087e-07,6.922741044937965e-07,7.578470548146818e-07,8.192729224116317e-07,8.758098459615789e-07,9.267037578105338e-07,9.711869026662266e-07,1.0084767327904101e-06,1.0377747458885333e-06,1.0582651750794162e-06,1.069113775191155e-06,1.0694673198309681e-06,1.058454878691963e-06,1.035192544763454e-06,9.987941401442486e-07,9.48391860148298e-07,8.831737726673165e-07,8.024522368254636e-07,7.057956671112455e-07,5.933051290727585e-07,4.6625261297280456e-07,3.286854151464646e-07,1.9174277778931407e-07,1.2351820044402847e-09,-1.8384260341464124e-07,-3.693603940524303e-07,-5.555110339602729e-07,-7.40968700572873e-07,-9.240665988104564e-07,-1.103086428247673e-06,-1.2763110950997748e-06,-1.4420317616729677e-06,-1.5985581223200586e-06,-1.7442397401900406e-06,-1.8774959067890254e-06,-1.9968498291372544e-06,-2.1009634332139987e-06,-2.1886699584236643e-06,-2.2590023628549864e-06,-2.3112162590346633e-06,-2.344806649611737e-06,-2.359518154245278e-06,-2.355348738671028e-06,-2.3325471955872288e-06,-2.291604799875496e-06,-2.233241679000677e-06,-2.15838851325463e-06,-2.0681642214659974e-06,-1.9638503115255693e-06,-1.846862603087501e-06,-1.7187210906485147e-06,-1.5810188443032994e-06,-1.4353910818892785e-06,-1.283485921891944e-06,-1.1269388361515054e-06,-9.6735333287001e-07,-8.06290364505321e-07,-6.452663430404396e-07,-4.85747250218207e-07,-3.290806265958285e-07,-1.7615371951405915e-07,-2.607565263927601e-08,1.283457634151015e-07,2.3327446884447025e-07,3.3852215323036894e-07,4.356993995412804e-07,5.217614131880587e-07,5.957574593867721e-07,6.576211111554075e-07,7.076882188131782e-07,7.464877107118954e-07,7.746418241644147e-07,7.92814267516642e-07,8.016818032930635e-07,8.019186071832419e-07,7.941881615073866e-07,7.791396794119276e-07,7.574071401853385e-07,7.296096680341388e-07,6.96352443160055e-07,6.58227680891757e-07,6.158154978566105e-07,5.696847414232025e-07,5.203941232608198e-07,4.6849429041188404e-07,4.145317653272744e-07,3.590558242415162e-07,3.0262867577352993e-07,2.458352320575273e-07,1.8927301916985345e-07,1.334489005276225e-07,7.833564611585028e-08,2.179770688967732e-08,2.750048008819505e-08,1.0571699920395834e-07,1.8172201579282008e-07,2.592062905907045e-07,3.3830377788933403e-07,4.181957151306806e-07,4.97885467241019e-07,5.764004285646764e-07,6.52824439673254e-07,7.262869042987976e-07,7.959457213997534e-07,8.609733516229552e-07,9.20547207213811e-07,9.738435395666745e-07,1.020033781898484e-06,1.0582825575379572e-06,1.0877469089807533e-06,1.107576649826885e-06,1.1169160869726646e-06,1.1149077253271359e-06,1.100698980566402e-06,1.0734534280552897e-06,1.0323688002855418e-06,9.7670507713529e-07,9.058283556865106e-07,8.192818398174522e-07,7.169101356504603e-07,5.991040125326304e-07,4.6735050761386103e-07,3.256214488826364e-07,1.8417957797215493e-07,-1.77831357877489e-08,-2.133504727068149e-07,-4.111042851110018e-07,-6.115931882669907e-07,-8.130905998132534e-07,-1.013340672358013e-06,-1.210043981658751e-06,-1.4009701074711274e-06,-1.5839753458739049e-06,-1.757007324813664e-06,-1.9181166249819476e-06,-2.0654772450440435e-06,-2.1974130494303543e-06,-2.31242668500954e-06,-2.4092279047072434e-06,-2.486758923262099e-06,-2.544215104014334e-06,-2.5810598697216888e-06,-2.597033233467317e-06,-2.592153761760135e-06,-2.566714117988892e-06,-2.521270597507255e-06,-2.4566272631984838e-06,-2.3738154318266095e-06,-2.27406935997483e-06,-2.1587990520206027e-06,-2.029561184934857e-06,-1.8880292441079346e-06,-1.7359641218064844e-06,-1.575186672630489e-06,-1.4075540566487818e-06,-1.2349420750014318e-06,-1.0592358564937207e-06,-8.823302696399344e-07,-7.061362515541029e-07,-5.325700914198068e-07,-3.63439122324141e-07,-1.999360178874622e-07,-4.0831213335695934e-08,1.2345469914743012e-07,2.3177440034845616e-07,3.401543078384974e-07,4.408734265824241e-07,5.30945097983261e-07,6.092553462741103e-07,6.75517585017882e-07,7.298577385974517e-07,7.726292692227555e-07,8.04319081777899e-07,8.254937273413633e-07,8.367661447706299e-07,8.387743643974648e-07,8.321678650663522e-07,8.175990473451227e-07,7.957181435019786e-07,7.671704044294286e-07,7.325947862949938e-07,6.92623674881918e-07,6.478834646584568e-07,5.989960743830164e-07,5.465817476695629e-07,4.91263752633813e-07,4.3367579189248196e-07,3.744727773888895e-07,3.143441118576792e-07,2.540224967395014e-07,1.9426034963899463e-07,1.3567883207125202e-07,7.818569274278342e-08,1.9015941726015485e-08,2.3471792068279504e-08,1.0429199302131039e-07,1.8268494141155872e-07,2.629821977722307e-07,3.4539029705317653e-07,4.2897235234190767e-07,5.125631196337233e-07,5.950227724811174e-07,6.752867171553237e-07,7.523583708576707e-07,8.252905011372058e-07,8.931680679424181e-07,9.550953338352548e-07,1.0101871064319473e-06,1.0575633685059943e-06,1.0963466297064973e-06,1.125661598003452e-06,1.1446370733659417e-06,1.1524102768331306e-06,1.1481341448144584e-06,1.1309884521888997e-06,1.1001960037617408e-06,1.0550456239311688e-06,9.949244950330805e-07,9.193641705836985e-07,8.281091162492677e-07,7.212291645571183e-07,5.993336267064052e-07,4.6405327934608936e-07,3.1928461119268314e-07,1.7468631731597364e-07,-3.716881310664409e-08,-2.41918115652711e-07,-4.505377811309638e-07,-6.639274088557696e-07,-8.800293676960774e-07,-1.0960637751768789e-06,-1.309191267543706e-06,-1.5166868258856144e-06,-1.7159746837752362e-06,-1.9046336260725077e-06,-2.080403717952848e-06,-2.241200675386147e-06,-2.3851366898852988e-06,-2.510544713514449e-06,-2.6160031544312594e-06,-2.7003583994626087e-06,-2.7627431777707323e-06,-2.80258938053351e-06,-2.819634509767869e-06,-2.8139214255207202e-06,-2.7857914848345025e-06,-2.735871513606574e-06,-2.6650553241070267e-06,-2.5744806927101142e-06,-2.4655028570654507e-06,-2.3396656986665998e-06,-2.1986718700627766e-06,-2.0443532331977813e-06,-1.8786431224526873e-06,-1.7035521486458378e-06,-1.521149503158795e-06,-1.3335518986965273e-06,-1.1429220155389821e-06,-9.514763824753567e-07,-7.614951761005646e-07,-5.753016788175311e-07,-3.951012060548057e-07,-2.223293559674237e-07,-5.542713209879932e-08,1.1726959292559364e-07,2.2794470885932985e-07,3.385903771458658e-07,4.4194644154909934e-07,5.350842362761854e-07,6.167807556716865e-07,6.865833005169145e-07,7.444465107245859e-07,7.905707452365712e-07,8.253170084252027e-07,8.491550243006025e-07,8.626283559774501e-07,8.663298875261483e-07,8.608843936550738e-07,8.469362630445568e-07,8.251410625743102e-07,7.961600021183619e-07,7.606566459388767e-07,7.192954714034999e-07,6.72742117913109e-07,6.216654067798775e-07,5.667414462027191e-07,5.086603385283747e-07,4.481360695374607e-07,3.859197026205863e-07,3.228138129599779e-07,2.596784228592655e-07,1.9739408042312324e-07,1.36671361089418e-07,7.736217142409105e-08,1.6213990574284238e-08,1.94065717367802e-08,1.0214618749289865e-07,1.8232137888645707e-07,2.647492213753998e-07,3.496963490477445e-07,4.361360968141023e-07,5.227685285244568e-07,6.083154744157485e-07,6.91586067385676e-07,7.714743545616521e-07,8.469407742816283e-07,9.169932966804253e-07,9.806723936766143e-07,1.0370404109739105e-06,1.0851749588212668e-06,1.1241658335934556e-06,1.153115142396714e-06,1.171140538103165e-06,1.1773817221855783e-06,1.171010618922557e-06,1.1512458634323382e-06,1.1173724896938315e-06,1.0687680069303685e-06,1.0049365917649819e-06,9.255544438698003e-07,8.305330987204667e-07,7.201186815232232e-07,5.950791602186328e-07,4.571360341233299e-07,3.101161867416308e-07,1.6327177655392761e-07,-5.7339449017326604e-08,-2.7028901267494575e-07,-4.887045360405494e-07,-7.138288601468848e-07,-9.43330403857308e-07,-1.1739654066370486e-06,-1.4023988842100007e-06,-1.625437357633716e-06,-1.840084165145735e-06,-2.0435498013345095e-06,-2.2332577115687774e-06,-2.4068557344594624e-06,-2.562233684253784e-06,-2.697544709141588e-06,-2.811227505022387e-06,-2.9020266953516803e-06,-2.9690091939149663e-06,-3.0115749628931256e-06,-3.0294611837596974e-06,-3.0227394299576843e-06,-2.9918059396107615e-06,-2.9373655153152563e-06,-2.860409917495948e-06,-2.7621918692383534e-06,-2.6441959654087143e-06,-2.508107897463513e-06,-2.355783493726911e-06,-2.1892191606644357e-06,-2.0105254163348105e-06,-1.8219053388931962e-06,-1.6256398744612647e-06,-1.4240819089706484e-06,-1.2196603259366816e-06,-1.0148924785441122e-06,-8.123941645358632e-07,-6.148469274487857e-07,-4.2479292954231853e-07,-2.438555099058534e-07,-7.015768333759521e-08,1.0979862490026229e-07,2.2212275234109062e-07,3.344216542042647e-07,4.397456486977071e-07,5.352196506658492e-07,6.195518950225618e-07,6.921690311105569e-07,7.528915181385928e-07,8.017924919829447e-07,8.39122763173867e-07,8.652628860503255e-07,8.806887916363462e-07,8.859458707756165e-07,8.816292062804652e-07,8.68368646054856e-07,8.468178161623507e-07,8.176464022106806e-07,7.815352130877e-07,7.391737234964137e-07,6.91259979921817e-07,6.385029458754341e-07,5.816275422671231e-07,5.213827617628659e-07,4.5855315823554356e-07,3.939732909886965e-07,3.2854199078311883e-07,2.6322453789853275e-07,1.9900369951892327e-07,1.366578038219391e-07,7.599231890952188e-08,1.3385077877002924e-08,1.529994969883049e-08,9.941003590539354e-08,1.8086949794614454e-07,2.6485125768346384e-07,3.516692588714682e-07,4.402309148394e-07,5.291330648979435e-07,6.169883402922319e-07,7.025038157462648e-07,7.84483568150764e-07,8.618112502919169e-07,9.334305908853984e-07,9.983291210746891e-07,1.0555263361398023e-06,1.1040662668377998e-06,1.1430141643423066e-06,1.1714570565772775e-06,1.1885080909343155e-06,1.1933147584806508e-06,1.185071264426561e-06,1.1630354537832574e-06,1.1265508209518728e-06,1.0750742674015546e-06,1.0082105782610776e-06,9.257555754598544e-07,8.277531737305587e-07,7.145821045281619e-07,5.871212962425255e-07,4.471460180924394e-07,2.984234295115066e-07,1.499405194035799e-07,-7.86040784579046e-08,-2.9901751174845897e-07,-5.26394318293909e-07,-7.62310298783173e-07,-1.0042045874718294e-06,-1.2484221746703486e-06,-1.4911757688938127e-06,-1.7288328592762134e-06,-1.9579921341587223e-06,-2.175501458444096e-06,-2.378465745541351e-06,-2.5642582980900064e-06,-2.730537573036019e-06,-2.8752675747719652e-06,-2.996739081420265e-06,-3.093588928981596e-06,-3.1648150062087896e-06,-3.2097852139060747e-06,-3.2282393046024375e-06,-3.220283174371025e-06,-3.186375779418096e-06,-3.1273093614962902e-06,-3.04418406832985e-06,-2.9383783437295757e-06,-2.811516647570957e-06,-2.6654361711826003e-06,-2.5021542691192842e-06,-2.3238383645779415e-06,-2.1327801252947865e-06,-1.931375749647377e-06,-1.7221141959426953e-06,-1.5075749437836559e-06,-1.290435832680246e-06,-1.0734880252601529e-06,-8.59644283126959e-07,-6.518938341841343e-07,-4.5305788008830874e-07,-2.6490014160722276e-07,-8.523928107310081e-08,1.0104565935881068e-07,2.145428937315042e-07,3.2806517649398657e-07,4.348658321353772e-07,5.321157868005973e-07,6.184825325448172e-07,6.933082343361497e-07,7.563122753407232e-07,8.074668283962576e-07,8.469314250179748e-07,8.750098088260784e-07,8.92117261007678e-07,8.987544802663982e-07,8.954865469006659e-07,8.829262391061717e-07,8.617211993628623e-07,8.325445509972324e-07,7.960886562515673e-07,7.530618172747797e-07,7.041878510932009e-07,6.502086072328213e-07,5.918896168723388e-07,5.300291040365184e-07,4.6547038532731626e-07,3.991167519420139e-07,3.319448380704852e-07,2.650029630649214e-07,1.9935212386170607e-07,1.3582020582380006e-07,7.417588157012585e-08,1.0525640982933792e-08,1.1151221161526588e-08,9.618412850884678e-08,1.7851226968192796e-07,2.6355483535941934e-07,3.5166009519840327e-07,4.4168931202374315e-07,5.321646948175032e-07,6.216180650691989e-07,7.086795215394253e-07,7.920842863187025e-07,8.706566830342154e-07,9.432906115037499e-07,1.0089326563652068e-06,1.0665695456703824e-06,1.1152202394408916e-06,1.1539325256600382e-06,1.1817839626225664e-06,1.1978870917607697e-06,1.201398959421208e-06,1.191535085245024e-06,1.1675880747847523e-06,1.1289510876455154e-06,1.0751463709387064e-06,1.0058591975128845e-06,9.209783136790742e-07,8.206470184387204e-07,7.053393099807266e-07,5.760086616462079e-07,4.3446022894024074e-07,2.8441412363571836e-07,1.3469223759497552e-07,-1.0118316601716894e-07,-3.284996072877477e-07,-5.641774190335839e-07,-8.10113337110604e-07,-1.063551441112678e-06,-1.320470441011714e-06,-1.576671177923206e-06,-1.8281122863234525e-06,-2.0710066781739514e-06,-2.3018483673002943e-06,-2.517424590914516e-06,-2.714829505940489e-06,-2.891482521997311e-06,-3.0451498499031596e-06,-3.173966489586593e-06,-3.2764557395951757e-06,-3.3515436961279076e-06,-3.3985668462607377e-06,-3.4172716074186044e-06,-3.4078054299238583e-06,-3.370699790074687e-06,-3.3068460041656253e-06,-3.217465256184086e-06,-3.1040745433614876e-06,-2.96845041596691e-06,-2.812592449757423e-06,-2.638688380170852e-06,-2.449082785569304e-06,-2.2462511597337647e-06,-2.0327811598803702e-06,-1.811362691518774e-06,-1.584788079976203e-06,-1.3559622563112104e-06,-1.127918851853352e-06,-9.038260549499273e-07,-6.869302146740184e-07,-4.802777532815548e-07,-2.85732240088031e-07,-1.0082348286605547e-07,9.10096626409941e-08,2.053627895127125e-07,3.1980760514163296e-07,4.277245524469397e-07,5.263208743918211e-07,6.142413614226679e-07,6.907712517379604e-07,7.555571133282815e-07,8.084951198051357e-07,8.496737102641414e-07,8.793350177412494e-07,8.978442720638331e-07,9.056641034484697e-07,9.033329273259949e-07,8.914471596940056e-07,8.706471067705305e-07,8.416063703900007e-07,8.0502462074935e-07,7.616236338494469e-07,7.1214656667423e-07,6.573605304098114e-07,5.980625871596557e-07,5.350892668732184e-07,4.693293969824288e-07,4.017389520787853e-07,3.3335329213771256e-07,2.6528217615771643e-07,1.986430749102433e-07,1.3429837710655555e-07,7.198974616354338e-08,7.635271374579994e-09,6.963764370775775e-09,9.254406021136111e-08,1.7538501835509378e-07,2.6105739098579536e-07,3.4993073835124343e-07,4.408366915873857e-07,5.322488147686983e-07,6.226454072209861e-07,7.106048586296212e-07,7.948156070338584e-07,8.740613366400396e-07,9.472016713521782e-07,1.0131550446420892e-06,1.0708858108185652e-06,1.1193960996136643e-06,1.1577224236434554e-06,1.1849369425753698e-06,1.2001533179439404e-06,1.2025371551313118e-06,1.191321072465343e-06,1.1658244311942246e-06,1.1254776915259924e-06,1.069851255581469e-06,9.986886636598564e-07,9.119446404217138e-07,8.098313933839608e-07,6.928868657514746e-07,5.621119802807314e-07,4.1932778035667385e-07,2.6822171195776134e-07,1.1752114579595418e-07,-1.2522362426368058e-07,-3.5899621987380456e-07,-6.024311854371057e-07,-8.57733296775623e-07,-1.1219783719075094e-06,-1.3908176923725339e-06,-1.6596776067654629e-06,-1.924137543458219e-06,-2.180044438958826e-06,-2.423548665447738e-06,-2.651121959778521e-06,-2.859575652595781e-06,-3.046082928702585e-06,-3.208203788038186e-06,-3.3439097605829053e-06,-3.4516051901785415e-06,-3.5301422973156044e-06,-3.5788279515078134e-06,-3.597420962791011e-06,-3.586119617844608e-06,-3.5455400395136597e-06,-3.476686661349474e-06,-3.380916632040088e-06,-3.259900282334191e-06,-3.115579915502976e-06,-2.950129162805004e-06,-2.7659150324989337e-06,-2.5654646287255606e-06,-2.3514383630782836e-06,-2.126611329288043e-06,-1.893864290334408e-06,-1.6561852019777461e-06,-1.416680694988235e-06,-1.1785925386410268e-06,-9.453011771912413e-07,-7.202601359481483e-07,-5.066905981481136e-07,-3.0652047320579834e-07,-1.1700767124821277e-07,7.96842026308785e-08,1.9468252950805823e-07,3.098375204489008e-07,4.186034360712108e-07,5.182128491835179e-07,6.072983408786244e-07,6.851086623313623e-07,7.512412309409796e-07,8.055392587224059e-07,8.480404635125229e-07,8.789421635023431e-07,8.985725266071368e-07,9.073654523854016e-07,9.058387316842714e-07,8.94575594212588e-07,8.742097536056261e-07,8.454139784940191e-07,8.088921653222108e-07,7.65374883739091e-07,7.156183983469187e-07,6.604072182312516e-07,6.005602488060489e-07,5.369405407772246e-07,4.7046825897257015e-07,4.021353129548739e-07,3.3301660658067033e-07,2.6426261886438233e-07,1.9702756214502044e-07,1.3219577214408768e-07,6.94917183020821e-08,4.7166501283020445e-09,2.7449674854958862e-09,8.854394184586331e-08,1.7158098105495538e-07,2.5749358941025195e-07,3.4665962984099496e-07,4.378954021927107e-07,5.296498890026682e-07,6.203741818143177e-07,7.086201286924019e-07,7.930519223567058e-07,8.72432008910796e-07,9.456019827171574e-07,1.0114654113335757e-06,1.0689748346006061e-06,1.1171235604139551e-06,1.1549423433533113e-06,1.181500891371839e-06,1.1959141447773822e-06,1.1973533032927626e-06,1.1850615853271203e-06,1.1583746545735935e-06,1.1167455262969977e-06,1.0597735937636043e-06,9.872373420185091e-07,8.991308688122545e-07,7.957071929024313e-07,6.77541676445071e-07,5.456624659088972e-07,4.0189936767705477e-07,2.499225053001523e-07,9.841539999737094e-08,-1.5080870044960165e-07,-3.9064851159820693e-07,-6.413576060832979e-07,-9.054357898359017e-07,-1.179813406821344e-06,-1.4598495596874732e-06,-1.7406313362490311e-06,-2.0173877358606626e-06,-2.2856193715106582e-06,-2.5411432440658546e-06,-2.78011771066761e-06,-2.9990673065605325e-06,-3.194911347837377e-06,-3.364994733014427e-06,-3.507117574352328e-06,-3.6195600221421483e-06,-3.7010991100078177e-06,-3.7510153167313857e-06,-3.769087617269382e-06,-3.7555769270679087e-06,-3.7111988918217033e-06,-3.6370878281802856e-06,-3.5347542090748216e-06,-3.4060383893755497e-06,-3.2530633105210057e-06,-3.0781887699179726e-06,-2.8839695736327843e-06,-2.6731195880484704e-06,-2.4484834241624816e-06,-2.2130172388377608e-06,-1.969779849975256e-06,-1.7219347876505506e-06,-1.4727623291418752e-06,-1.225675965395706e-06,-9.842241828367054e-07,-7.520181705070938e-07,-5.324054529036578e-07,-3.27345703424327e-07,-1.3384304869119763e-07,6.705700923732989e-08,1.8255777979593296e-07,2.9826792297203147e-07,4.0767748855207495e-07,5.080326694590044e-07,5.979590778435677e-07,6.766841672515468e-07,7.437762035651819e-07,7.99046655493782e-07,8.425026268940658e-07,8.74314253849358e-07,8.947871324079624e-07,9.043375799793252e-07,9.034706643063694e-07,8.927613388455489e-07,8.728389621061224e-07,8.443753455604022e-07,8.080763803553785e-07,7.646772551895331e-07,7.149412837325868e-07,6.596623837418867e-07,5.996712494636828e-07,5.358451525298343e-07,4.691209015783868e-07,4.0050926649649076e-07,3.311056255059502e-07,2.6208123775594034e-07,1.9460882152932085e-07,1.2958380928024355e-07,6.67232422381485e-08,1.7754901034091451e-09,-1.493825936617801e-09,8.421859911758646e-08,1.6715483602665367e-07,2.529394216145795e-07,3.4194562308324303e-07,4.329876031036004e-07,5.245128219459635e-07,6.14970926422672e-07,7.029122761906795e-07,7.869995394950824e-07,8.659936444565542e-07,9.387347215330467e-07,1.004124975264968e-06,1.0611157351999234e-06,1.1086993208519374e-06,1.1459058222077567e-06,1.1718047560051187e-06,1.1855115536546955e-06,1.1861988614353529e-06,1.173112631262659e-06,1.1455929152700357e-06,1.1030991314155088e-06,1.0452393631981038e-06,9.718031427274998e-07,8.827976760181703e-07,7.784903008850557e-07,6.594703329529502e-07,5.267771641687726e-07,3.822463793681726e-07,2.2954664812306802e-07,7.735652081481122e-08,-1.779633422792296e-07,-4.2348598628607557e-07,-6.809923736755922e-07,-9.532648047623235e-07,-1.2371104839030663e-06,-1.5276309646382057e-06,-1.8196087135108077e-06,-2.1079504623031083e-06,-2.387829385876975e-06,-2.6547383629881234e-06,-2.904523191271166e-06,-3.133416137734068e-06,-3.3380734717602124e-06,-3.515614779451688e-06,-3.6636599718686657e-06,-3.780359658224469e-06,-3.8644151499443126e-06,-3.915085452561796e-06,-3.932179969908023e-06,-3.916037086792129e-06,-3.867490118493692e-06,-3.7878231565389816e-06,-3.6787199997676726e-06,-3.54220961333717e-06,-3.380611454753191e-06,-3.196483646623783e-06,-2.992576484903979e-06,-2.7717932655443566e-06,-2.5371599747075252e-06,-2.2918050437179138e-06,-2.038950051076361e-06,-1.7819116999556247e-06,-1.5241138657604566e-06,-1.2691038733495076e-06,-1.0205532163417845e-06,-7.821811085656595e-07,-5.574134790897152e-07,-3.4821004977971684e-07,-1.5134029232351516e-07,5.310958361193062e-08,1.690082088750368e-07,2.8515088119338736e-07,3.950344972858103e-07,4.959067728421511e-07,5.863884259703928e-07,6.6569755244432e-07,7.333909240036867e-07,7.892682557433029e-07,8.333258828157283e-07,8.65724829018155e-07,8.867634743289927e-07,8.96852773389317e-07,8.964940833846153e-07,8.862600308431517e-07,8.667787540419456e-07,8.387216997741757e-07,8.027950407560612e-07,7.597347295453597e-07,7.1030520240069e-07,6.553017649350329e-07,5.955566881164509e-07,5.319489367224333e-07,4.6541705006045903e-07,3.969734760905736e-07,3.2771512185588254e-07,2.5881454513350403e-07,1.9144553216471702e-07,1.2650462138152977e-07,6.371110876604268e-08,-1.179507527767802e-09,-5.737346888722295e-09,7.958456542354173e-08,1.621242980053441e-07,2.4741405269633265e-07,3.3580969924903616e-07,4.261364892726837e-07,5.168634357879147e-07,6.064645134579415e-07,6.935136524949677e-07,7.766947207795108e-07,8.547868485723835e-07,9.266452601150502e-07,9.911842747193341e-07,1.047364560683234e-06,1.094185182633324e-06,1.130680499680366e-06,1.1559218650888178e-06,1.1690240979875276e-06,1.1691567405618488e-06,1.1555601267938177e-06,1.1275662365476211e-06,1.0846241726220311e-06,1.0263298986848067e-06,9.524597574404324e-07,8.630077799170912e-07,7.582295938464507e-07,6.387060563322575e-07,5.054734031481386e-07,3.603716361664182e-07,2.0708413374189507e-07,5.431881130625552e-08,-2.0665581723604415e-07,-4.574285083372547e-07,-7.212065562437435e-07,-1.0010431276037396e-06,-1.2936476707822151e-06,-1.5939012872542187e-06,-1.896317647331278e-06,-2.1955093046968674e-06,-2.48633978865818e-06,-2.7639852531501983e-06,-3.02397739238254e-06,-3.26224810966518e-06,-3.4751788600935855e-06,-3.6596514868713706e-06,-3.8130954202214558e-06,-3.933525916285856e-06,-4.019568786383168e-06,-4.070468472278196e-06,-4.086078109151983e-06,-4.066832111312638e-06,-4.0137035326447216e-06,-3.928149753620025e-06,-3.8120507841859577e-06,-3.6676446237406965e-06,-3.4974637757194867e-06,-3.304276341096869e-06,-3.0910343042609527e-06,-2.860830847427841e-06,-2.616867903118849e-06,-2.3624347186694855e-06,-2.1008978944728437e-06,-1.8357028989699364e-06,-1.570385686412977e-06,-1.3085885479007028e-06,-1.0540602644772343e-06,-8.105777389138167e-07,-5.815963980958833e-07,-3.6904329957546426e-07,-1.6947341775258091e-07,3.781685207041606e-08,1.540221855467373e-07,2.7048583965788803e-07,3.8068617179766944e-07,4.818601144357017e-07,5.726243236414734e-07,6.521982670023141e-07,7.201440706228093e-07,7.762693304233319e-07,8.205794726263084e-07,8.53244738774235e-07,8.745720389994153e-07,8.849796173968302e-07,8.849745505555202e-07,8.751334562957001e-07,8.560866925707564e-07,8.285061714848135e-07,7.930968080273411e-07,7.50591582114557e-07,7.017502011192944e-07,6.473613820008032e-07,5.882487870244529e-07,5.252805668805496e-07,4.5938210101275015e-07,3.9155036159858995e-07,3.2286487223585454e-07,2.544800411930874e-07,1.87553309390515e-07,1.2297232742620013e-07,6.046824082913789e-08,-4.136677979374756e-09,-9.966403392845717e-09,7.463993330124158e-08,1.5646985057089474e-07,2.408794348650185e-07,3.281944620446459e-07,4.1726567555641066e-07,5.06607755870726e-07,5.947453496881162e-07,6.803011431980755e-07,7.620027551983126e-07,8.386669255762239e-07,9.0918020432668e-07,9.724822471918499e-07,1.0275534680408464e-06,1.0734073986185716e-06,1.1090877190469918e-06,1.1336698814651132e-06,1.1462673171721824e-06,1.1460423010438775e-06,1.1322215992079968e-06,1.1041170159454757e-06,1.0611508648026024e-06,1.002886234019831e-06,9.29061834176199e-07,8.396317206616964e-07,7.348129479919188e-07,6.151544232758714e-07,4.816736874674946e-07,3.3621296749910065e-07,1.8248665186524068e-07,2.926876788637132e-08,-2.3679639672030137e-07,-4.922835642052953e-07,-7.617024945776018e-07,-1.048366785871447e-06,-1.3489198633646624e-06,-1.6580648121308307e-06,-1.970085168699127e-06,-2.279327894384148e-06,-2.580363416992822e-06,-2.8680561413018742e-06,-3.1376189598809804e-06,-3.384671791327703e-06,-3.6053059835703562e-06,-3.796150113872449e-06,-3.954430665850439e-06,-4.078020881553115e-06,-4.165472056291605e-06,-4.216023371421088e-06,-4.229588750718182e-06,-4.206721788145426e-06,-4.14856209367025e-06,-4.056768067706137e-06,-3.933441931017959e-06,-3.781052794625498e-06,-3.602362821519438e-06,-3.400360385101907e-06,-3.1782028654366163e-06,-2.9391705899338798e-06,-2.686632574472881e-06,-2.4240242019628063e-06,-2.1548367121021686e-06,-1.8826180871717766e-06,-1.6109838149339003e-06,-1.3436318384159648e-06,-1.08434213755815e-06,-8.368980126117983e-07,-6.047334554153926e-07,-3.897076635183932e-07,-1.8818245864454618e-07,2.1146869095989313e-08,1.3755835076571926e-07,2.5422251369810896e-07,3.645720421455626e-07,4.6582069292569276e-07,5.565825240531381e-07,6.360899671418968e-07,7.039281725413288e-07,7.599328892359431e-07,8.041388935487478e-07,8.36744138369404e-07,8.580797752799545e-07,8.685838100591762e-07,8.687782005519353e-07,8.592495704125255e-07,8.40633642155908e-07,8.136033716662003e-07,7.788606950463096e-07,7.371317894620259e-07,6.891657879721402e-07,6.357369506233091e-07,5.776503451961285e-07,5.15751060426844e-07,4.509366833046349e-07,3.841717173908744e-07,3.1649933271852584e-07,2.490359491240005e-07,1.8290450084402338e-07,1.1897288986762798e-07,5.699361283510366e-08,-7.081396649531607e-09,-1.4157855148002454e-08,6.9363055070011e-08,1.5013259971196022e-07,2.3323766564829826e-07,3.189613899930562e-07,4.0619671842601144e-07,4.935300816243073e-07,5.795641378572726e-07,6.629956277050526e-07,7.426180222703783e-07,8.173043928419262e-07,8.859881766360155e-07,9.476470944181113e-07,1.0012914873384142e-06,1.0459571608186659e-06,1.080702572508539e-06,1.1046102486298102e-06,1.1167924453333274e-06,1.116401212232758e-06,1.102643128357528e-06,1.074799041517234e-06,1.032249133723743e-06,9.745035719944672e-07,9.012390120930233e-07,8.12341795331633e-07,7.07961450246545e-07,5.885882125982102e-07,4.5520145401038873e-07,3.096400232231909e-07,1.556655358481187e-07,2.1644936126668514e-09,-2.682340452051907e-07,-5.277404289606702e-07,-8.020062053502556e-07,-1.0945962444278874e-06,-1.4021288821056424e-06,-1.7191792432288418e-06,-2.039843413468155e-06,-2.35823224073664e-06,-2.6686383452659995e-06,-2.96561675199875e-06,-3.2440533735842072e-06,-3.499240495909877e-06,-3.726959858320115e-06,-3.923567376164039e-06,-4.086071232675962e-06,-4.212194734517522e-06,-4.3004164535504315e-06,-4.3499825621505185e-06,-4.360889548445636e-06,-4.333839075452561e-06,-4.270169925741807e-06,-4.171774157417194e-06,-4.0410054729461725e-06,-3.8805873993484265e-06,-3.693527513709813e-06,-3.4830420875467727e-06,-3.2524936271435624e-06,-3.0053421980922455e-06,-2.7451103238715855e-06,-2.4753606710857886e-06,-2.1996855712674796e-06,-1.921707379850161e-06,-1.645087946475397e-06,-1.373541809060084e-06,-1.1108344180152465e-06,-8.607035856098202e-07,-6.265085564952282e-07,-4.100020706172822e-07,-2.0737563926584114e-07,3.060582874868422e-09,1.1954427306912894e-07,2.362586791687011e-07,3.465564380684024e-07,4.476158259797718e-07,5.380523708729945e-07,6.171260620181894e-07,6.844652101699273e-07,7.399555905266685e-07,7.836823142227743e-07,8.158895359580228e-07,8.369478310319869e-07,8.473265871930142e-07,8.475708060538555e-07,8.382821233015915e-07,8.201038550757579e-07,7.93709826002464e-07,7.597967257256693e-07,7.19079785068481e-07,6.72291647100724e-07,6.201844135740792e-07,5.635349465553696e-07,5.031535409460174e-07,4.3989589534885994e-07,3.7467742040992813e-07,3.084859148892688e-07,2.4237926261257566e-07,1.774262844319535e-07,1.1446255648803732e-07,5.327130276821406e-08,-9.996061810170605e-09,-1.8284562557275252e-08,6.37100095084065e-08,1.4301014857468627e-07,2.243260401294798e-07,3.078858947126054e-07,3.926449389453035e-07,4.772901015869227e-07,5.605305127841567e-07,6.411620954487451e-07,7.180653550055231e-07,7.901872464287888e-07,8.565225904679859e-07,9.160991560600596e-07,9.67967083516673e-07,1.0111924391757243e-06,1.0448546047914026e-06,1.0680473485806614e-06,1.0798836258946085e-06,1.079504363147734e-06,1.0660916679307613e-06,1.0388870652639546e-06,9.972154725864773e-07,9.405157084484913e-07,8.683785013679226e-07,7.805936991192828e-07,6.7721126883054e-07,5.586307890411435e-07,4.2576714136697923e-07,2.804438849758629e-07,1.2648555537167354e-07,-2.7044863323257526e-08,-3.007524300367466e-07,-5.633636499907897e-07,-8.414597494447362e-07,-1.1388486818434554e-06,-1.452175774780869e-06,-1.7759470472983037e-06,-2.104118198608251e-06,-2.430594476113285e-06,-2.749405054889381e-06,-3.0547958651496416e-06,-3.3413146784642687e-06,-3.603906667950229e-06,-3.838019997917482e-06,-4.039714013899837e-06,-4.2057596063685456e-06,-4.333720468529906e-06,-4.4220051162280066e-06,-4.4698826613370825e-06,-4.477459955573531e-06,-4.445622888383045e-06,-4.3759491613696535e-06,-4.270602795835003e-06,-4.1322214918395445e-06,-3.963806885653136e-06,-3.7686253531552838e-06,-3.5501240737374846e-06,-3.31186430987914e-06,-3.0574717266395303e-06,-2.7906022468026322e-06,-2.514921368641549e-06,-2.234094881302636e-06,-1.951789160280514e-06,-1.6716789438427078e-06,-1.3974574919734323e-06,-1.1328316738063663e-06,-8.814426176568276e-07,-6.465198447179855e-07,-4.2966758129697565e-07,-2.2693189999758817e-07,-1.648831287449381e-08,9.987199993238927e-08,2.1643253043839467e-07,3.264181356719702e-07,4.26959733267344e-07,5.166832062297124e-07,5.948959210732471e-07,6.612935095721359e-07,7.158360119025567e-07,7.586806707837811e-07,7.901359331836685e-07,8.106257654337783e-07,8.206608904607289e-07,8.208156896863416e-07,8.117100475632357e-07,7.939955386404154e-07,7.683454159241629e-07,7.354479425502531e-07,6.960027259905081e-07,6.507198555945058e-07,6.003217982358346e-07,5.455481575152855e-07,4.871635099174065e-07,4.259684658720682e-07,3.628134380926311e-07,2.986120023274911e-07,2.343421589897989e-07,1.7099704435551747e-07,1.0936482254559141e-07,4.926862096931662e-08,-1.2860057927697628e-08,-2.231531545030197e-08,5.761071149028927e-08,1.349503704451112e-07,2.1390980041658574e-07,2.9465040270238136e-07,3.7621398985676284e-07,4.5741966245839895e-07,5.371122406403332e-07,6.142111073211017e-07,6.877033422850765e-07,7.566255551840978e-07,8.200469384446089e-07,8.770562828000624e-07,9.267530010567362e-07,9.68241674203186e-07,1.0006297114069679e-06,1.0230279431825907e-06,1.0345542265053407e-06,1.0343404084019383e-06,1.0215432665970586e-06,9.953603181176146e-07,9.550516563509602e-07,8.999692645781887e-07,8.295956819463879e-07,7.435949352134327e-07,6.418818726397834e-07,5.24726471771131e-07,3.9294299830718576e-07,2.4831814809500083e-07,9.47537398763489e-08,-5.8419605150157666e-08,-3.340673876757973e-07,-5.985897496784509e-07,-8.792191316506611e-07,-1.1799982581603225e-06,-1.4976629277349827e-06,-1.8267170672557324e-06,-2.161026645658758e-06,-2.494322861889227e-06,-2.820385975582961e-06,-3.1331528699535803e-06,-3.4268209501075104e-06,-3.6959663026761693e-06,-3.935675483294263e-06,-4.141682364292323e-06,-4.310496986993753e-06,-4.439511259574014e-06,-4.527067187672819e-06,-4.572477446641504e-06,-4.5759948454127225e-06,-4.538734967509769e-06,-4.462562976812786e-06,-4.3499595906322085e-06,-4.203881864879083e-06,-4.027632116125769e-06,-3.824744194839229e-06,-3.5988917899091426e-06,-3.3538195560290026e-06,-3.0932951579455503e-06,-2.8210788835395305e-06,-2.5409070656506354e-06,-2.2564858350730226e-06,-1.9714923049523743e-06,-1.6895804424580336e-06,-1.4143866049028908e-06,-1.1495186622507763e-06,-8.984730186595345e-07,-6.64295059670297e-07,-4.483962479018027e-07,-2.4670504637675813e-07,-3.7553404765309655e-08,7.83898894585846e-08,1.9450859858740452e-07,3.0383147575421147e-07,4.034312470023359e-07,4.919604139214699e-07,5.688010284744889e-07,6.337455283371224e-07,6.86855167660178e-07,7.283815633154799e-07,7.587143459558541e-07,7.783426260453009e-07,7.878257154807878e-07,7.8777092631168e-07,7.788170328410227e-07,7.616223003071804e-07,7.368561984097601e-07,7.051941205500089e-07,6.673146342845624e-07,6.238989923333549e-07,5.756328338812687e-07,5.232101996890673e-07,4.673401547751675e-07,4.0875636999422506e-07,3.482296127838048e-07,2.865810608671219e-07,2.2468696199209816e-07,1.634410456828711e-07,1.0356583459800426e-07,4.4933231066625395e-08,-1.5649703709805155e-08,-2.6214751158159054e-08,5.096360323875686e-08,1.2574310476007985e-07,2.0167285494874573e-07,2.7883607030558854e-07,3.5639007710765396e-07,4.3332027700594174e-07,5.086360993647366e-07,5.814026516855296e-07,6.507305066770906e-07,7.157592080789267e-07,7.756433388388243e-07,8.2954241624754e-07,8.766141075130034e-07,9.160100883480523e-07,9.468740743455712e-07,9.683418311752665e-07,9.795432624490618e-07,9.796069883468825e-07,9.676681768665298e-07,9.428807839432578e-07,9.044358115188073e-07,8.515877429902819e-07,7.83692107881384e-07,7.002586631002324e-07,6.010285763521242e-07,4.860953603657834e-07,3.561239675621063e-07,2.128291623589313e-07,6.020178900523055e-08,-9.202984911036975e-08,-3.6782959483846144e-07,-6.327338115757453e-07,-9.142669222879623e-07,-1.2166953810976976e-06,-1.536917664418363e-06,-1.8695074478547525e-06,-2.2082931205131445e-06,-2.546864790799758e-06,-2.8787712689831688e-06,-3.1976443751968033e-06,-3.497322095796049e-06,-3.7719900820945385e-06,-4.016342525265483e-06,-4.225753554528736e-06,-4.396442876174326e-06,-4.525614667233631e-06,-4.611548616907691e-06,-4.6536275082839145e-06,-4.652295918588386e-06,-4.608956645602129e-06,-4.525821695369362e-06,-4.405740220261849e-06,-4.252025700674676e-06,-4.068299985912171e-06,-3.858364849301052e-06,-3.6261048300513584e-06,-3.375419885821185e-06,-3.110183268043799e-06,-2.834218788273937e-06,-2.55129167017315e-06,-2.2651078917143305e-06,-1.979317825852859e-06,-1.6975204556079454e-06,-1.4232627492898785e-06,-1.160019200825603e-06,-9.111003613229462e-07,-6.793178524798814e-07,-4.658471767203502e-07,-2.6653163156964224e-07,-6.019541221127989e-08,5.488962462780531e-08,1.7015547062950566e-07,2.783369263318105e-07,3.7643972617055883e-07,4.6316955743868325e-07,5.380200712699873e-07,6.009160648451022e-07,6.520492825959635e-07,6.917873279241555e-07,7.206153223949716e-07,7.39095635481969e-07,7.478394220187238e-07,7.474865926476321e-07,7.386919852217999e-07,7.221160995804475e-07,6.984191734471788e-07,6.682577192217001e-07,6.322829385910215e-07,5.911406935376908e-07,5.454729470157802e-07,4.959208043064339e-07,4.4312949098436957e-07,3.877557564178338e-07,3.304780596391382e-07,2.7200855279010095e-07,2.131001396450121e-07,1.545216374735572e-07,9.690827439806023e-08,4.018922872345316e-08,-1.8338192266247986e-08,-2.994327827233208e-08,4.3629196061489976e-08,1.1511035350110985e-07,1.872074537013106e-07,2.599145244961514e-07,3.325374818396816e-07,4.0426305761509735e-07,4.74291999291667e-07,5.418537482915873e-07,6.061955030717183e-07,6.665697963631757e-07,7.222252213964519e-07,7.724002248863674e-07,8.163191196398867e-07,8.531895945697354e-07,8.822012571048708e-07,9.025250146075738e-07,9.133133908779958e-07,9.137022057944498e-07,9.028144481339559e-07,8.797676736598648e-07,8.436869008169753e-07,7.937258273061827e-07,7.291004545814812e-07,6.491414751875812e-07,5.53376843936449e-07,4.4166921817660603e-07,3.144709172306171e-07,1.733721064215072e-07,2.2459958150338724e-08,-1.2795566286647122e-07,-4.0163926830619906e-07,-6.650175676769722e-07,-9.454547997397902e-07,-1.2474221868964962e-06,-1.568054623340959e-06,-1.9020654099273068e-06,-2.243295938410393e-06,-2.585231436310529e-06,-2.921215516027745e-06,-3.244590757747438e-06,-3.5488376058905164e-06,-3.827736312725137e-06,-4.075557911702986e-06,-4.287276786815085e-06,-4.458784622846585e-06,-4.5870757887355926e-06,-4.670371739446985e-06,-4.708159407424651e-06,-4.701134550358041e-06,-4.651060461214175e-06,-4.560568585208122e-06,-4.432935248515419e-06,-4.271866628597836e-06,-4.081314910506065e-06,-3.865336858389354e-06,-3.627995853240496e-06,-3.373301846726249e-06,-3.105180710381049e-06,-2.827464047194075e-06,-2.5438914558635504e-06,-2.258118572854407e-06,-1.973725397104819e-06,-1.6942198981824083e-06,-1.4230304076533953e-06,-1.1634719416601713e-06,-9.18639738471985e-07,-6.910733380661262e-07,-4.816761781202945e-07,-2.862463432197977e-07,-8.448179638638504e-08,2.908679618769761e-08,1.4291277224968906e-07,2.49298246389944e-07,3.451765825168052e-07,4.293466567677069e-07,5.014618115527126e-07,5.616205389843708e-07,6.101751411468523e-07,6.476280883532663e-07,6.745695499258828e-07,6.916376954638535e-07,6.994932010576961e-07,6.988031657688924e-07,6.902313431336673e-07,6.744325461140143e-07,6.520497282414933e-07,6.237127283606887e-07,5.90038045105485e-07,5.516293089176852e-07,5.090783667458753e-07,4.6296710828464935e-07,4.1387036161055667e-07,3.62360372932269e-07,3.090134708454109e-07,2.544189253052369e-07,1.9918642167071837e-07,1.4393376248471906e-07,8.918418729202605e-08,3.493239912691291e-08,-2.0895535830554677e-08,-3.34570333584199e-08,3.5423730724431585e-08,1.0269700579372073e-07,1.7000533484511946e-07,2.3724235145424585e-07,3.038979991610168e-07,3.6939335674180715e-07,4.3314221698410333e-07,4.945512957442512e-07,5.530125444980355e-07,6.078976440219284e-07,6.585550672930392e-07,7.04308699139715e-07,7.444571877565829e-07,7.782734330879957e-07,8.050038220355689e-07,8.238670292607243e-07,8.340524468753455e-07,8.347186140989918e-07,8.249924271906938e-07,8.039704733565195e-07,7.707246226246009e-07,7.243151545313002e-07,6.638164790099275e-07,5.883637538854961e-07,4.972355608077137e-07,3.900044726418556e-07,2.6683176622923847e-07,1.2910885812701061e-07,-1.8980163043133e-08,-1.662868266981473e-07,-4.3508554400905684e-07,-6.946392814341516e-07,-9.716006887103188e-07,-1.270610116123316e-06,-1.5891010568006115e-06,-1.9219841453116996e-06,-2.2631601976850478e-06,-2.6060542299235215e-06,-2.943850482680096e-06,-3.269643176939242e-06,-3.5765807067920917e-06,-3.858038877822367e-06,-4.1078393814219845e-06,-4.320510653665522e-06,-4.4915665609198635e-06,-4.61775914536688e-06,-4.697253827156468e-06,-4.729685303629437e-06,-4.7160784213879e-06,-4.658651074341509e-06,-4.560542455331637e-06,-4.425520333865455e-06,-4.257714016305707e-06,-4.0614017239160214e-06,-3.840861599629285e-06,-3.600281172105845e-06,-3.3437129570191867e-06,-3.0750623390249793e-06,-2.798095380352445e-06,-2.5164566095980887e-06,-2.2336890013285494e-06,-1.9532497002833923e-06,-1.6785151909574906e-06,-1.4127675097418787e-06,-1.159145210863769e-06,-9.205151009120526e-07,-6.991261558299936e-07,-4.955901336329579e-07,-3.057119116371831e-07,-1.1048603108580164e-07,5.930669262961758e-10,1.1214431836483345e-07,2.1584284363739388e-07,3.085494093259431e-07,3.892124784902885e-07,4.5770471974030467e-07,5.143434019950879e-07,5.596689499525799e-07,5.943313081798288e-07,6.190273533448949e-07,6.344655442808573e-07,6.413464039190158e-07,6.403525576744325e-07,6.321444944145056e-07,6.17359565104204e-07,5.966126008086165e-07,5.704971303618409e-07,5.395866034538344e-07,5.044353316834687e-07,4.6557908882319627e-07,4.2353548992630055e-07,3.7880441799243654e-07,3.3186890955146226e-07,2.8319706699484247e-07,2.3324568057105074e-07,1.824651337393998e-07,1.312977188068891e-07,8.012832747802947e-08,2.9025637581453904e-08,-2.3288535770740973e-08,-3.670791671443318e-08,2.6116856360396517e-08,8.806739711371433e-08,1.4945561160388455e-07,2.1006279125046608e-07,2.6959768243233995e-07,3.2774259429026896e-07,3.841375452148547e-07,4.383715291412754e-07,4.899831376787414e-07,5.384649129921117e-07,5.832680667996322e-07,6.238065925071157e-07,6.594603436578218e-07,6.895767687399479e-07,7.134710467488172e-07,7.304244717217574e-07,7.396810928872356e-07,7.404428473515307e-07,7.318637691915918e-07,7.130443973230828e-07,6.83028347403051e-07,6.408043471424518e-07,5.853192729926818e-07,5.155119278259857e-07,4.3038671371367176e-07,3.291685249979649e-07,2.1163642193389524e-07,7.888427398451288e-08,-6.481596571525337e-08,-2.0712201494221993e-07,-4.6783423493148667e-07,-7.209201678624659e-07,-9.91678588010887e-07,-1.2848555243702595e-06,-1.598215315991425e-06,-1.9269002118506275e-06,-2.264913305374506e-06,-2.6056838361005565e-06,-2.9423194331466124e-06,-3.267751716673096e-06,-3.574864973115717e-06,-3.856662277361022e-06,-4.1065022451050964e-06,-4.3184145436988055e-06,-4.487466693149387e-06,-4.610117655690977e-06,-4.684473576082808e-06,-4.710373091059764e-06,-4.689274069252597e-06,-4.623970948537081e-06,-4.518216578531354e-06,-4.376335191609385e-06,-4.202894165784123e-06,-4.002467228600203e-06,-3.7794897847571977e-06,-3.538188968514901e-06,-3.2825658315664253e-06,-3.01640955485382e-06,-2.7433283187222227e-06,-2.466785926463585e-06,-2.1901362915340945e-06,-1.916649238803688e-06,-1.6495204780095903e-06,-1.3918552069751752e-06,-1.1466051339087065e-06,-9.164143958327173e-07,-7.03251449051361e-07,-5.074452718779019e-07,-3.248768604867758e-07,-1.3828640889896954e-07,-3.112165138649233e-08,7.697479695396268e-08,1.7678218026723886e-07,2.6509579970737936e-07,3.4108889432531386e-07,4.0492286376994814e-07,4.5717766237236544e-07,4.986008414011737e-07,5.299905995895877e-07,5.521399926131883e-07,5.658112988687151e-07,5.717261028452261e-07,5.705637283683876e-07,5.629638257199635e-07,5.495306126834516e-07,5.308372813580586e-07,5.074297213190125e-07,4.798291159784432e-07,4.485332294596207e-07,4.1401637086194614e-07,3.767281359861841e-07,3.3709109439907307e-07,2.95497614496967e-07,2.523060804878079e-07,2.0783711846486641e-07,1.6237216469267374e-07,1.1615821048781201e-07,6.941608259508564e-08,2.229751627686932e-08,-2.548081284413258e-08,-3.964378698071831e-08,1.544355174619005e-08,7.071950213591953e-08,1.2485827693890628e-07,1.7751978068638453e-07,2.286636685728178e-07,2.7824885504802796e-07,3.261415668781882e-07,3.72107042158917e-07,4.158249931911332e-07,4.569056107678979e-07,4.94902524625763e-07,5.293226035788313e-07,5.596328757425309e-07,5.852646252696258e-07,6.056146030870263e-07,6.200432649369953e-07,6.278699860973807e-07,6.283652973346846e-07,6.207403876284662e-07,6.041345138225609e-07,5.776016875232495e-07,5.400993208867756e-07,4.904839073899693e-07,4.275237027887667e-07,3.499495922149029e-07,2.565965112917682e-07,1.4676428235738265e-07,2.1122325448163832e-08,-1.1599475764084064e-07,-2.5056710073015417e-07,-4.9980736280052e-07,-7.43583064804818e-07,-1.0051528415173856e-06,-1.2892746159519168e-06,-1.5940291278821062e-06,-1.9147920540633556e-06,-2.245716926036321e-06,-2.580340617754999e-06,-2.9118391883038765e-06,-3.2331378648691123e-06,-3.536992603120691e-06,-3.816118513608923e-06,-4.063423871359762e-06,-4.272380966761386e-06,-4.43751263632973e-06,-4.5549015613644345e-06,-4.622578857531998e-06,-4.640661114351462e-06,-4.6111818681042705e-06,-4.537672036377613e-06,-4.424620960074721e-06,-4.27696301512051e-06,-4.099685492812049e-06,-3.897584140340299e-06,-3.6751450299182823e-06,-3.4365137618707154e-06,-3.1855167768418856e-06,-2.925708791207857e-06,-2.660429870897219e-06,-2.392862100876061e-06,-2.1260793786169896e-06,-1.863084942532219e-06,-1.606829819410129e-06,-1.360200156003641e-06,-1.1259493729100533e-06,-9.06520406202309e-07,-7.036461777626848e-07,-5.174203593363722e-07,-3.4388584657067686e-07,-1.6796421397609238e-07,-6.677526318284796e-08,3.621095875900706e-08,1.3051120609491568e-07,2.1287467236413455e-07,2.827959026906524e-07,3.4079890810585603e-07,3.8775866892187224e-07,4.2462960296381475e-07,4.52338802652421e-07,4.717475167217586e-07,4.83641496026276e-07,4.887342180437997e-07,4.876754521641773e-07,4.810613230073966e-07,4.6944384308454296e-07,4.533388800908816e-07,4.332320770573111e-07,4.095825415299755e-07,3.8282427010292e-07,3.5336534351614814e-07,3.2158494854393295e-07,2.8782825480853114e-07,2.5239906589081053e-07,2.1554996078279972e-07,1.7746987208704314e-07,1.3827149752950114e-07,9.799545193033613e-08,5.667494792811934e-08,1.4551761867258003e-08,-2.7432958106672747e-08,-4.220895803231526e-08,3.155295598804452e-09,5.013793540483204e-08,9.546168487404342e-08,1.3868492812157157e-07,1.8004954732414828e-07,2.1978621832515795e-07,2.5796328288070675e-07,2.945020301816012e-07,3.2920901230157225e-07,3.6180352565418027e-07,3.9193810869956824e-07,4.192135165985571e-07,4.4318910538276484e-07,4.63389085431022e-07,4.793048340208668e-07,4.903933040753487e-07,4.960714517426987e-07,4.957065220430168e-07,4.886020160004724e-07,4.7397929490508874e-07,4.509551978407681e-07,4.1851701486159814e-07,3.754982341865721e-07,3.2056305660390916e-07,2.5221976428817274e-07,1.6891624088687026e-07,6.938937526497839e-08,-4.6280843581403265e-08,-1.7376632946408871e-07,-2.9673216211810344e-07,-5.315303522171707e-07,-7.632334820571529e-07,-1.0125008386966652e-06,-1.284024389397732e-06,-1.5761266059153249e-06,-1.8843868372841757e-06,-2.203176752882638e-06,-2.5263205707383727e-06,-2.847298850444908e-06,-3.1592842729398856e-06,-3.4551372439146345e-06,-3.72745585508296e-06,-3.968764292388777e-06,-4.171920130201694e-06,-4.330754698686262e-06,-4.440828773358073e-06,-4.500056065119356e-06,-4.50893385221305e-06,-4.470279589566984e-06,-4.388574558252404e-06,-4.269175331639171e-06,-4.117641235887771e-06,-3.939297322292313e-06,-3.739022695775291e-06,-3.521192628831954e-06,-3.2897097701071028e-06,-3.0480753604521022e-06,-2.799473132300575e-06,-2.5468518220467766e-06,-2.292999600380792e-06,-2.0406070213376675e-06,-1.7923156277926056e-06,-1.5507472510563243e-06,-1.3185029937254584e-06,-1.0981054940153425e-06,-8.918261555756606e-07,-7.01241827143895e-07,-5.263035213217501e-07,-3.632864708167639e-07,-1.996010358936679e-07,-1.0731366611987926e-07,-1.1739966507589766e-08,7.489059841759954e-08,1.4933343242470773e-07,2.115295972305971e-07,2.624294467520834e-07,3.0320112171295865e-07,3.349676245759521e-07,3.587348184963857e-07,3.753813245430997e-07,3.8567020476377944e-07,3.902672761357595e-07,3.897600167468996e-07,3.8467448239427057e-07,3.754892226484951e-07,3.62645916707264e-07,3.4655676745407655e-07,3.2760879191867125e-07,3.061651336880908e-07,2.82563458302143e-07,2.5711140256421395e-07,2.3007892615215822e-07,2.0168719367803795e-07,1.7209322482823477e-07,1.4136906682235996e-07,1.0947677127847505e-07,7.625466022709186e-08,4.152554918222565e-08,5.6065416440557855e-09,-2.9102912866443158e-08,-4.4345264164421975e-08,-1.083928722159153e-08,2.5905285158935007e-08,6.051003826695578e-08,9.257773181975069e-08,1.2266572892885335e-07,1.512010625379894e-07,1.7839855834925132e-07,2.0429723556838894e-07,2.288063416807125e-07,2.5174028863347587e-07,2.728443295007507e-07,2.918130153607731e-07,3.083028362521559e-07,3.219398710213852e-07,3.3232293110507993e-07,3.3902240617482873e-07,3.4157475847782744e-07,3.3947234665493884e-07,3.3214801680199104e-07,3.1895371009456815e-07,2.9913230862242756e-07,2.7178227439862816e-07,2.3581579399248625e-07,1.899144942855684e-07,1.324960488769359e-07,6.173861140743161e-08,-2.4187946025684988e-08,-1.2601338754552448e-07,-2.3965408131799807e-07,-3.4572660362262896e-07,-5.647285553206252e-07,-7.82046407703435e-07,-1.0158777457737548e-06,-1.2709383372671491e-06,-1.5456401642719805e-06,-1.8356360233587792e-06,-2.135703030038173e-06,-2.440249901031052e-06,-2.743412707692537e-06,-3.038980486472958e-06,-3.3202767149402877e-06,-3.5800807997344764e-06,-3.8107117416551486e-06,-4.00438810010435e-06,-4.1540184754648396e-06,-4.254358774273401e-06,-4.303087520230429e-06,-4.301258344776667e-06,-4.252816752962388e-06,-4.163493438411709e-06,-4.039614485165027e-06,-3.887276942050687e-06,-3.71195390356923e-06,-3.518376782808066e-06,-3.310586097748516e-06,-3.0920430663560227e-06,-2.8657540117941623e-06,-2.6343867110241374e-06,-2.4003717994387082e-06,-2.1659881581342913e-06,-1.9334331141301534e-06,-1.7048779702477636e-06,-1.482507148314049e-06,-1.2685335209924281e-06,-1.0651694400839677e-06,-8.744933453004682e-07,-6.980822014411401e-07,-5.358902090932365e-07,-3.843804305732372e-07,-2.3327493375293836e-07,-1.5389018526078376e-07,-6.891430355417447e-08,7.118675874809779e-09,7.114917142970434e-08,1.2373127767927432e-07,1.662451211567998e-07,2.000635641317367e-07,2.2637860446739666e-07,2.461832160347197e-07,2.6029667684966434e-07,2.6939806182956345e-07,2.7405787512755996e-07,2.7476476606927876e-07,2.719468004847216e-07,2.659876320975637e-07,2.572381691239091e-07,2.460243088205399e-07,2.3265117262885502e-07,2.1740408951548272e-07,2.0054637539373698e-07,1.8231375875678124e-07,1.629050925145962e-07,1.42468724697631e-07,1.21083440309332e-07,9.87323411244419e-08,7.526794986044071e-08,5.038328313308582e-08,2.366671685128569e-08,-4.598737045966128e-09,-3.0446778373905036e-08,-4.5994232565611064e-08,-2.6159954918435577e-08,-2.20945581069965e-09,1.91779031398079e-08,3.8177207086942573e-08,5.54110753477452e-08,7.135851989205209e-08,8.628504196071645e-08,1.0028999641151565e-07,1.1335107200662527e-07,1.2535949798634378e-07,1.36145971119958e-07,1.454991518677136e-07,1.5317815482606976e-07,1.5892009226481907e-07,1.6244336431557914e-07,1.6344706013079094e-07,1.6160646442952796e-07,1.5656430049506114e-07,1.4791696312336028e-07,1.35194545400219e-07,1.1783305835852412e-07,9.513687653314616e-08,6.622947978243989e-08,2.9991765379702843e-08,-1.5006951921910188e-08,-7.056129402665041e-08,-1.387407032592191e-07,-2.2125093036167273e-07,-3.151190720452725e-07,-3.9765151900645383e-07,-6.031071329650272e-07,-8.041742754623064e-07,-1.0194900394335645e-06,-1.254226551996573e-06,-1.505777306130078e-06,-1.7701203256719893e-06,-2.0428315415626583e-06,-2.319361118887343e-06,-2.594965191024805e-06,-2.864528043950772e-06,-3.122333548046966e-06,-3.3618352875767468e-06,-3.5755105148122416e-06,-3.7550986759424853e-06,-3.892247631285662e-06,-3.980151072434715e-06,-4.015915791895001e-06,-4.0015384014601816e-06,-3.942903901689058e-06,-3.847392832185583e-06,-3.7222165079429103e-06,-3.5737408350969588e-06,-3.407214443365513e-06,-3.226877765558919e-06,-3.036153605312914e-06,-2.8378397308009464e-06,-2.6342744290136197e-06,-2.4274709999145622e-06,-2.2192247563590415e-06,-2.011197933277289e-06,-1.8049874791469889e-06,-1.602179414333871e-06,-1.4043914327352876e-06,-1.2133019084897685e-06,-1.0306542641812973e-06,-8.582060267942728e-07,-6.974906527531702e-07,-5.491951587345192e-07,-4.0968247250441423e-07,-2.690550484027794e-07,-2.0761420551121207e-07,-1.3772028731792707e-07,-7.641974810993191e-08,-2.593660696119705e-08,1.5021753997178753e-08,4.801766362425484e-08,7.440444888982853e-08,9.526023739682393e-08,1.1142793140195747e-07,1.2356750431071012e-07,1.3220266856487857e-07,1.3775810580729706e-07,1.4058783515312908e-07,1.4099619518382253e-07,1.3925293073203408e-07,1.3560361042691516e-07,1.3027627186469258e-07,1.23484874935631e-07,1.1542985033251481e-07,1.0629574650167016e-07,9.624572583083198e-08,8.541239591145845e-08,7.388419184383908e-08,6.168624548430346e-08,4.875431519091736e-08,3.490163365853796e-08,1.9782656233334484e-08,2.942157454089607e-09,-1.5766547488674208e-08,-3.142046143521026e-08,-4.7101350964221986e-08,-4.178408182602422e-08,-3.493872476663573e-08,-2.9484192759300864e-08,-2.5560138222069155e-08,-2.2764596412060167e-08,-2.077963179586457e-08,-1.9411623986575277e-08,-1.8575576497501054e-08,-1.8266740576377893e-08,-1.8536554111858767e-08,-1.947438078857311e-08,-2.1194570885682972e-08,-2.3827831339948265e-08,-2.7516029440861914e-08,-3.2409833760238646e-08,-3.8668840523231345e-08,-4.64641655217992e-08,-5.598376099977147e-08,-6.744106685058387e-08,-8.108800712287766e-08,-9.723386242705298e-08,-1.1627213903203595e-07,-1.387182143346014e-07,-1.6526075451553045e-07,-1.9682852478448522e-07,-2.3466280392609364e-07,-2.8035414015318197e-07,-3.3550856387715375e-07,-4.0026433158135296e-07,-4.5258879305902117e-07,-6.508541080760115e-07,-8.330896657049998e-07,-1.0300936485888905e-06,-1.240485059525806e-06,-1.4617677974501333e-06,-1.690996090725407e-06,-1.925281799105381e-06,-2.1617196166118614e-06,-2.397232579203607e-06,-2.6283553815581366e-06,-2.850959855020038e-06,-3.0599107972010295e-06,-3.248671448695588e-06,-3.4089002953815947e-06,-3.5310904677902472e-06,-3.6046656127500445e-06,-3.6234887618223355e-06,-3.5932094054533785e-06,-3.523902055945781e-06,-3.424542340503145e-06,-3.3028947153259694e-06,-3.1648544221114408e-06,-3.0148288124636534e-06,-2.8561056290866054e-06,-2.691165238016844e-06,-2.5219169886750897e-06,-2.3498731450456496e-06,-2.176275769509407e-06,-2.0021897876062854e-06,-1.8285722940569668e-06,-1.6563254418740065e-06,-1.486338158741134e-06,-1.3195203314909576e-06,-1.1568314854404189e-06,-9.993039747807328e-07,-8.480504789894036e-07,-7.042425049816523e-07,-5.687866984470943e-07,-4.4204216155014743e-07,-3.0699461082427256e-07,-2.685743938393744e-07,-2.2082409851922413e-07,-1.8033264641930348e-07,-1.4697959917694368e-07,-1.1954783535536242e-07,-9.683576970168881e-08,-7.790701089059596e-08,-6.20616351268534e-08,-4.87810932056094e-08,-3.767757903471452e-08,-2.8455126938954855e-08,-2.08811579733786e-08,-1.4766183560901332e-08,-9.949557791598827e-09,-6.289661185894303e-09,-3.657361935443766e-09,-1.9319829933138577e-09,-9.9931233420129e-10,-7.514498921482446e-10,-1.0885109235469808e-09,-1.9224224891693367e-09,-3.1832601784356195e-09,-4.828762204876155e-09,-6.857757122834213e-09,-9.327844806076782e-09,-1.2376252434368538e-08,-1.6231209160968684e-08,-2.118339152676542e-08,-2.712060105297235e-08,-3.198289791581106e-08,-4.7625804199163806e-08,-6.050274626304213e-08,-7.341909093370247e-08,-8.640253770199491e-08,-9.947730537858592e-08,-1.1266351293397181e-07,-1.2597832453669869e-07,-1.3943693998225598e-07,-1.530532687398456e-07,-1.668403351203416e-07,-1.8081049165972982e-07,-1.9497550429053237e-07,-2.093465556755284e-07,-2.2393419895786965e-07,-2.387482838918128e-07,-2.537978700826029e-07,-2.6909113707148596e-07,-2.846352974040379e-07,-3.0043651621372084e-07,-3.164998386653181e-07,-3.3282912454548477e-07,-3.494269870487908e-07,-3.6629473004410033e-07,-3.834322745495874e-07,-4.0083806052745534e-07,-4.1850890448523945e-07,-4.364397881227486e-07,-4.546235540106673e-07,-4.7305051925977176e-07,-4.917081677833608e-07,-5.105822755877983e-07,-6.914090690075141e-07,-8.725433970670548e-07,-1.0541287074019714e-06,-1.2362192587678187e-06,-1.418750382649425e-06,-1.6015265949169199e-06,-1.7841989102339497e-06,-1.966221485530015e-06,-2.146777290666604e-06,-2.3246576010996706e-06,-2.4980707068764e-06,-2.6643381649482593e-06,-2.8194054319888898e-06,-2.9570122753509253e-06,-3.0669510455974134e-06,-3.132097833717902e-06,-3.121662896003374e-06,-3.0663838127180494e-06,-2.983332607412326e-06,-2.882665691002069e-06,-2.7705932659529373e-06,-2.6511219310405195e-06,-2.5268856223292337e-06,-2.399637016915924e-06,-2.270554280834914e-06,-2.140436689938755e-06,-2.0098312557905123e-06,-1.8791154752328395e-06,-1.7485517938540866e-06,-1.6183235830229348e-06,-1.4885588512069367e-06,-1.3593456484697865e-06,-1.2307416680863566e-06,-1.102779592137142e-06,-9.75469082523154e-07,-8.487958843862976e-07,-7.227182741576563e-07,-5.971612903068099e-07,-4.720106759458467e-07,-3.471200786121324e-07,-3.3421243754102554e-07,-3.214543193090644e-07,-3.0885555453914785e-07,-2.96424987710041e-07,-2.841696549663335e-07,-2.7209494001323814e-07,-2.602047924402909e-07,-2.4850189960544e-07,-2.3698780352383144e-07,-2.256629777209037e-07,-2.1452687969007532e-07,-2.0357799120754636e-07,-1.9281385516562077e-07,-1.822311146320045e-07,-1.7182555752155853e-07,-1.6159216858401906e-07,-1.5152518888791835e-07,-1.4161818165723945e-07,-1.3186410189674615e-07,-1.222553654387705e-07,-1.127839105963479e-07,-1.0344124215682494e-07,-9.42184424054234e-08,-8.510612668006789e-08,-7.609431105153548e-08,-6.717214756247733e-08,-5.832747263548829e-08,-4.9546133833252156e-08,-4.0811203407444734e-08,-3.2103397555983735e-08,-4.146958354542524e-08,-6.420194912669823e-08,-8.646642935511219e-08,-1.0891927128967454e-07,-1.3134770157786792e-07,-1.5383343122169462e-07,-1.7642709117617595e-07,-1.9914953920984852e-07,-2.219905350044761e-07,-2.4491580354110685e-07,-2.6787320255483104e-07,-2.9079751567688777e-07,-3.136136128511544e-07,-3.3623809883850643e-07,-3.585795740419118e-07,-3.8053756450861967e-07,-4.020000614583949e-07,-4.22839460714345e-07,-4.4290650247549375e-07,-4.6202156576610103e-07,-4.799623463896779e-07,-4.964465173435286e-07,-5.111074281629966e-07,-5.234602980373934e-07,-5.328560771148382e-07,-5.384211766307995e-07,-5.389909750520324e-07,-5.330712885020905e-07,-5.191203698123129e-07,-4.968032510131694e-07,-4.85288451941116e-07,-6.158394199882551e-07,-7.437229605319306e-07,-8.903899625394362e-07,-1.0635203993519467e-06,-1.2686263240788785e-06,-1.5139539444846702e-06,-1.8123257303527333e-06,-2.1828074035604783e-06,-2.6524029439056807e-06,-3.257238660235741e-06,-4.040644414204894e-06,-5.040992727857478e-06,-6.241172553006384e-06,-7.4101464154303596e-06,-7.8420009989204e-06,-7.220408455950113e-06,-7.877084259388147e-06,-7.480551493431709e-06,-6.347359550169799e-06,-5.183606962917347e-06,-4.2204560326216775e-06,-3.4750507383868728e-06,-2.908917700878985e-06,-2.478437187286279e-06,-2.146933363212314e-06,-1.8865080554737902e-06,-1.6767684203113193e-06,-1.5030770577172782e-06,-1.355012012715575e-06,-1.2251838867695245e-06,-1.108380037065594e-06,-1.000968513828877e-06,-9.004974970475967e-07,-8.054390998465621e-07,-7.150370724670423e-07,-6.292207324566297e-07,-5.485023237818722e-07,-4.7370141372233424e-07,-4.037968732427379e-07,-3.297286657667868e-07,-3.402499433581672e-07,-3.5892265470100286e-07,-3.71122057091337e-07,-3.7712318744759884e-07,-3.781187390390353e-07,-3.7526105867508093e-07,-3.694476479025711e-07,-3.613513877252574e-07,-3.514719698223563e-07,-3.401824083749337e-07,-3.2776464818511274e-07,-3.144356216525559e-07,-3.003660017259771e-07,-2.856935581431535e-07,-2.7053262001898513e-07,-2.5498077731911134e-07,-2.3912350361453817e-07,-2.2303722801675354e-07,-2.0679115560343556e-07,-1.9044800874124156e-07,-1.7406368164540453e-07,-1.5768582120478854e-07,-1.4135117155592383e-07,-1.2508161347982085e-07,-1.0887909672431007e-07,-9.271991787179204e-08,-7.65558019122825e-08,-6.031507541511572e-08,-4.416312088330039e-08,-2.7706133177831248e-08,-3.58884798690128e-08,-6.56870284979011e-08,-9.736964521860222e-08,-1.283647684179631e-07,-1.5909645074473344e-07,-1.897844436455541e-07,-2.2053969095421584e-07,-2.5137432489405913e-07,-2.822390601217293e-07,-3.1304274205889785e-07,-3.436647623767075e-07,-3.7396271702173884e-07,-4.037769440473927e-07,-4.329325885571959e-07,-4.6123948690424675e-07,-4.884899345467925e-07,-5.144542149757366e-07,-5.388735682671038e-07,-5.614500471779019e-07,-5.818324344733763e-07,-5.995970746223751e-07,-6.14222125854774e-07,-6.250534425288178e-07,-6.312603125148783e-07,-6.317802976488692e-07,-6.252574927826809e-07,-6.099947508112823e-07,-5.840286338030059e-07,-5.456765563319145e-07,-4.973009596464473e-07,-4.581831856585712e-07,-5.551252912726004e-07,-6.36587946121817e-07,-7.499557169263915e-07,-9.04593130701074e-07,-1.1073834730054302e-06,-1.3679001188889834e-06,-1.6998015296437558e-06,-2.1204427939493102e-06,-2.6481272808561555e-06,-3.2935615132300983e-06,-4.037191236347152e-06,-4.7706093310516095e-06,-5.1637020866380805e-06,-4.368790568847575e-06,-1.2748945005357244e-06,5.451754815431555e-06,-1.2908068193549287e-06,-4.401056406268507e-06,-5.213174153181152e-06,-4.838489162906179e-06,-4.1249267824585295e-06,-3.4026946511233935e-06,-2.780077168094182e-06,-2.276207349837052e-06,-1.8795565594440933e-06,-1.570475526431557e-06,-1.3296031821700542e-06,-1.1405045111004984e-06,-9.90106099713614e-07,-8.683640803647928e-07,-7.677430041403325e-07,-6.827237452991441e-07,-6.094114131106519e-07,-5.452559721274706e-07,-4.888772957566965e-07,-4.399719398336143e-07,-3.9925397187528746e-07,-3.680087398443168e-07,-3.4602112400724327e-07,-3.1116158831993507e-07,-3.428753189249598e-07,-3.815136936521039e-07,-4.1237561291831157e-07,-4.3368614776297426e-07,-4.467534114914156e-07,-4.5309415610524165e-07,-4.5401710371468046e-07,-4.5056682001399684e-07,-4.435610965809413e-07,-4.3363880319086216e-07,-4.213025426495057e-07,-4.0695284413325683e-07,-3.9091449349500816e-07,-3.734563869819355e-07,-3.5480628031150075e-07,-3.3516160155958435e-07,-3.146972005484486e-07,-2.9357067933773515e-07,-2.7192571738697786e-07,-2.498936413882812e-07,-2.275933213314593e-07,-2.0512934115001788e-07,-1.8258820977170023e-07,-1.600321195342916e-07,-1.374890317756139e-07,-1.1493741498020012e-07,-9.227807732988281e-08,-6.933043531899441e-08,-4.578218246392883e-08,-2.3745612057432826e-08,-3.0855678854915514e-08,-6.783463522465503e-08,-1.065659381697779e-07,-1.4486259300973288e-07,-1.827779611313403e-07,-2.2060912460321495e-07,-2.5846432856779406e-07,-2.963231178356422e-07,-3.3408215973956377e-07,-3.7158569094531814e-07,-4.0864173546892795e-07,-4.4503107429822054e-07,-4.805118961849527e-07,-5.148214449794979e-07,-5.476751320655251e-07,-5.787632010573183e-07,-6.077448051570858e-07,-6.342391791211523e-07,-6.578134199895448e-07,-6.779662354194002e-07,-6.941069091805828e-07,-7.055287522083447e-07,-7.113766391825804e-07,-7.106092887227525e-07,-7.019599473533677e-07,-6.839073007049292e-07,-6.546978641679716e-07,-6.125485905525357e-07,-5.566108624875501e-07,-4.90144885101653e-07,-4.2937104371007054e-07,-4.90936637144851e-07,-5.378239941538214e-07,-6.173828098345506e-07,-7.417581389765354e-07,-9.162851328885087e-07,-1.1468412814118398e-06,-1.4396030057371924e-06,-1.797575686498937e-06,-2.2124960602652442e-06,-2.647885700013896e-06,-3.0049537814468357e-06,-3.0625199551575002e-06,-2.390079711859879e-06,-4.701377159060803e-07,2.989843774619052e-06,4.743686043611026e-06,2.992779039829024e-06,-4.6484187955091633e-07,-2.383535466597558e-06,-3.056299249236548e-06,-3.000963732989713e-06,-2.6481873162694103e-06,-2.2190533543292303e-06,-1.8119191464555343e-06,-1.462388388071996e-06,-1.177281937240671e-06,-9.514377934824345e-07,-7.756686193776563e-07,-6.40314457497021e-07,-5.366915617635094e-07,-4.575708648066155e-07,-3.9723888441683656e-07,-3.514056626058005e-07,-3.17083958606641e-07,-2.924958166787345e-07,-2.7702595786821786e-07,-2.711445006804551e-07,-2.7591606665313273e-07,-2.891506762322279e-07,-2.9151245540541994e-07,-3.397856588034968e-07,-3.922331232936487e-07,-4.365061518019719e-07,-4.701468028242861e-07,-4.938282595395319e-07,-5.089311728965664e-07,-5.168087867019086e-07,-5.186332941870195e-07,-5.153796052379343e-07,-5.078482458231083e-07,-4.966959175252433e-07,-4.824647101987506e-07,-4.656071906479678e-07,-4.465068832707384e-07,-4.2549446231940333e-07,-4.0286022563364477e-07,-3.7886343227950023e-07,-3.537389975550161e-07,-3.2770191899567275e-07,-3.0094967670802044e-07,-2.736627126182977e-07,-2.460029225416454e-07,-2.181098067929699e-07,-1.9009329066704022e-07,-1.6202103351638028e-07,-1.3389510671840613e-07,-1.0561803504580335e-07,-7.69527973575344e-08,-4.787911534373333e-08,-2.0200924282539383e-08,-2.6333934766522103e-08,-6.98507816460244e-08,-1.142768329790646e-07,-1.584964270006398e-07,-2.0251424152475995e-07,-2.4648567160997675e-07,-2.904529166196372e-07,-3.343299925889225e-07,-3.77946275606843e-07,-4.210756849537221e-07,-4.6345350969289334e-07,-5.047851188212441e-07,-5.447499699033146e-07,-5.830024580197795e-07,-6.191702075965013e-07,-6.528499417573245e-07,-6.836008387613402e-07,-7.109351658256484e-07,-7.343059265874248e-07,-7.530912831442818e-07,-7.665756770624428e-07,-7.739279972245302e-07,-7.74178055794253e-07,-7.661945431065e-07,-7.486717562780853e-07,-7.201430799073367e-07,-6.790678230416888e-07,-6.241393770309546e-07,-5.551927567121939e-07,-4.7565867397283414e-07,-3.99016391230995e-07,-4.2346367877198425e-07,-4.3681689458821576e-07,-4.789283111198677e-07,-5.599191738671984e-07,-6.820868362877206e-07,-8.450587412433082e-07,-1.0444120856910703e-06,-1.2662553532159515e-06,-1.4771839623412523e-06,-1.6075265583928347e-06,-1.5276881113414184e-06,-1.0268759305457486e-06,1.3928554866876957e-07,2.083987534132222e-06,4.1356223234929414e-06,5.0566709044719555e-06,4.1571904615116e-06,2.126462559052955e-06,2.0138452094690878e-07,-9.469760229726491e-07,-1.4322217661132244e-06,-1.4989569606200405e-06,-1.3579564683920225e-06,-1.1384752421327946e-06,-9.094310523224111e-07,-7.029495168903768e-07,-5.309823464557791e-07,-3.952305714307983e-07,-2.9268514155597947e-07,-2.1857593591688104e-07,-1.6787391854066024e-07,-1.360151812631656e-07,-1.1922392819463288e-07,-1.146428865235597e-07,-1.2038477260389465e-07,-1.3554995918039504e-07,-1.6014962308091147e-07,-1.9439773981013955e-07,-2.3590377557305794e-07,-2.709164588377444e-07,-3.3125038114023696e-07,-3.936097328939892e-07,-4.477522802566551e-07,-4.910909481249968e-07,-5.237752064299804e-07,-5.468204116410281e-07,-5.614163674642051e-07,-5.686930120867251e-07,-5.69654816116696e-07,-5.651710348238325e-07,-5.559862754701132e-07,-5.427376709823926e-07,-5.259730997930349e-07,-5.061680392764875e-07,-4.837400976209084e-07,-4.59060965726794e-07,-4.3246585303270394e-07,-4.0426059422764093e-07,-3.7472663212797453e-07,-3.441240404912276e-07,-3.126926599787174e-07,-2.806512524265739e-07,-2.4819422740200637e-07,-2.154847938347585e-07,-1.8264200944649085e-07,-1.4971876111338086e-07,-1.1667014937539794e-07,-8.337151026880258e-08,-4.984115205677293e-08,-1.7043066551251365e-08,-2.228239975299948e-08,-7.127272761339226e-08,-1.203375472221093e-07,-1.6940477816378744e-07,-2.1852057665178426e-07,-2.677017185315342e-07,-3.168675258879104e-07,-3.6584094854900837e-07,-4.143721798148116e-07,-4.6216089679502605e-07,-5.088697015762085e-07,-5.541311607895467e-07,-5.975506366280333e-07,-6.387062423269099e-07,-6.771464945935407e-07,-7.123858400073462e-07,-7.438980573636596e-07,-7.711074980619369e-07,-7.933781918360202e-07,-8.100010369681089e-07,-8.201796791471708e-07,-8.230163820533385e-07,-8.175004232115765e-07,-8.025037519575891e-07,-7.76793035587738e-07,-7.390769867099262e-07,-6.881343708890812e-07,-6.231310346965905e-07,-5.443928226518731e-07,-4.553201077341742e-07,-3.673196582535117e-07,-3.525992184935519e-07,-3.2994187424236426e-07,-3.2869131198674664e-07,-3.5487796728463525e-07,-4.067551494211426e-07,-4.777696144882707e-07,-5.543944277020456e-07,-6.108689599551118e-07,-6.012845873300748e-07,-4.503440506259303e-07,-4.8562756702716894e-08,7.278792371696577e-07,1.94820414794708e-06,3.4544600627163268e-06,4.773712272150475e-06,5.317666346033762e-06,4.813720698208298e-06,3.533757142290025e-06,2.0653877664051495e-06,8.809412910238927e-07,1.378818204303295e-07,-2.3333643394708824e-07,-3.5664102977774673e-07,-3.4134870193648134e-07,-2.622421730841782e-07,-1.642797219614497e-07,-7.172713342140895e-08,4.01716915068125e-09,5.8988221924282186e-08,9.320469815212076e-08,1.0859093900047586e-07,1.0777044079819301e-07,9.338581189431713e-08,6.772363260496065e-08,3.251007526115802e-08,-1.1185933847461693e-08,-6.2887188298489e-08,-1.2220935518172705e-07,-1.871721318764888e-07,-2.4952650829425196e-07,-3.1840786440503833e-07,-3.8792904921341837e-07,-4.494413477090378e-07,-5.003802451164118e-07,-5.405168836302933e-07,-5.705023542892125e-07,-5.912798252400394e-07,-6.038434554938881e-07,-6.091411855400357e-07,-6.080389578983913e-07,-6.013117954416011e-07,-5.896473384299842e-07,-5.736548781152185e-07,-5.53876271423569e-07,-5.307968033487558e-07,-5.048550041962537e-07,-4.764509633009914e-07,-4.4595297536814814e-07,-4.1370250315920517e-07,-3.8001749128786424e-07,-3.451940383688926e-07,-3.0950630520958434e-07,-2.732042426574534e-07,-2.3650815991887003e-07,-1.9959855366862312e-07,-1.6259965479178366e-07,-1.2556327789490836e-07,-8.847380546518009e-08,-5.1317015142243464e-08,-1.424025110215466e-08,-1.8659666729598704e-08,-7.200966131313136e-08,-1.2478665107743376e-07,-1.77790106722807e-07,-2.3111546545174367e-07,-2.846466826081885e-07,-3.3816786165784977e-07,-3.9139393974174443e-07,-4.4398758042566873e-07,-4.955715221066137e-07,-5.457366887247387e-07,-5.940463527357415e-07,-6.400373861255939e-07,-6.832193249306703e-07,-7.230716375023378e-07,-7.590393652376508e-07,-7.905272304430446e-07,-8.168923522201342e-07,-8.374358737732436e-07,-8.513941088274999e-07,-8.579303176740054e-07,-8.561290189000461e-07,-8.449959915021917e-07,-8.234691735032481e-07,-7.904493844392938e-07,-7.448678271956823e-07,-6.858255383231315e-07,-6.128851369656275e-07,-5.267147442384311e-07,-4.306223402535561e-07,-3.3450869474448523e-07,-2.786060473567412e-07,-2.1729298128771364e-07,-1.6797148292723097e-07,-1.3212265077316074e-07,-1.044631606917102e-07,-7.411730032457612e-08,-2.2550024614754074e-08,8.002607385711906e-08,2.783607411086523e-07,6.330168626232261e-07,1.2113517389940042e-06,2.058967496144463e-06,3.1408586700965305e-06,4.2837715780411315e-06,5.1874613611625835e-06,5.550721990138952e-06,5.2456571335593304e-06,4.399398950990268e-06,3.312421321004018e-06,2.2843015144798383e-06,1.4877237234545026e-06,9.572570229642192e-07,6.470332495443887e-07,4.896406448125761e-07,4.2472228442380265e-07,4.080565553205976e-07,4.1078149627024015e-07,4.15737229379634e-07,4.1374166830169483e-07,4.006651158779189e-07,3.753709337722541e-07,3.383516806705173e-07,2.9086071779321004e-07,2.343751097159252e-07,1.7027406572654937e-07,9.967002601062033e-08,2.3391815091006546e-08,-5.779324667083113e-08,-1.4252692796033063e-07,-2.2750266802536624e-07,-3.0239408802602737e-07,-3.771060884947304e-07,-4.441485598800046e-07,-5.010251388682298e-07,-5.472406674827981e-07,-5.831385000421997e-07,-6.094118667944216e-07,-6.268821430354729e-07,-6.363927444769293e-07,-6.38757750944153e-07,-6.34738550880513e-07,-6.250356016771297e-07,-6.102884959130035e-07,-5.910803552927183e-07,-5.67944139526498e-07,-5.413694122662168e-07,-5.118087159686885e-07,-4.796830934298701e-07,-4.4538652869908075e-07,-4.092892064901476e-07,-3.717395283462435e-07,-3.330647716966744e-07,-2.9357011693492754e-07,-2.5353552993548273e-07,-2.1320980444487096e-07,-1.7280180213967024e-07,-1.3246936292446903e-07,-9.230075187074934e-08,-5.2242633658522845e-08,-1.1760264803162501e-08,-1.5425386547410876e-08,-7.21307409245315e-08,-1.2781067830374477e-07,-1.8395228015252002e-07,-2.406897219308934e-07,-2.977838295751237e-07,-3.5488389151232877e-07,-4.115920138769626e-07,-4.6747898393341307e-07,-5.220894816753309e-07,-5.749444620618478e-07,-6.255419566402327e-07,-6.733564991223787e-07,-7.178373324464762e-07,-7.584055156228209e-07,-7.944500368793952e-07,-8.253230853726969e-07,-8.503347611092458e-07,-8.687477292182546e-07,-8.79772677159596e-07,-8.825659519419463e-07,-8.762314972653584e-07,-8.598302787312697e-07,-8.324020048878691e-07,-7.930067640558609e-07,-7.407998555548004e-07,-6.751663992894463e-07,-5.959772268545812e-07,-5.041266390018583e-07,-4.028046563986997e-07,-3.008323781849176e-07,-2.0277612612249732e-07,-1.0159928950436202e-07,-2.4337771310311465e-09,9.731490803524968e-08,2.0508942793040423e-07,3.334418740414467e-07,5.014857503291481e-07,7.363698209329687e-07,1.073211054288768e-06,1.5507118444137477e-06,2.1986759982923786e-06,3.0142505673928145e-06,3.933099869042728e-06,4.815637520171409e-06,5.473792012849492e-06,5.740939926484932e-06,5.5497993540839255e-06,4.966848404892419e-06,4.157931282823893e-06,3.310389152060628e-06,2.563150630815406e-06,1.9799891214073296e-06,1.563313035700656e-06,1.2830144430946212e-06,1.1002528357402773e-06,9.799712325944077e-07,8.953175187242623e-07,8.277386180861244e-07,7.654478144600579e-07,7.016012066305465e-07,6.327127760386197e-07,5.574425863933309e-07,4.757342216353428e-07,3.8823051532995066e-07,2.9589681503878483e-07,1.9979763434934119e-07,1.0098657283939234e-07,4.4268764309544616e-10,-1.0119339210278158e-07,-2.0500637866119887e-07,-2.8413771475488717e-07,-3.6263478524195925e-07,-4.3383818094347484e-07,-4.95337546036105e-07,-5.464589839629111e-07,-5.873049233808069e-07,-6.183471244104407e-07,-6.402323361896225e-07,-6.536797317590809e-07,-6.594237488226252e-07,-6.581822301301714e-07,-6.506397790242921e-07,-6.374405202465847e-07,-6.191865895722439e-07,-5.964399103047234e-07,-5.697256319405249e-07,-5.395361765108706e-07,-5.063352368703402e-07,-4.7056134367368363e-07,-4.3263079381000283e-07,-3.929398343750592e-07,-3.518660354080231e-07,-3.097687834429484e-07,-2.66988814803955e-07,-2.2384671705505234e-07,-1.806396522520253e-07,-1.3763086553358918e-07,-9.500451370573416e-08,-5.267599753375765e-08,-9.571718325114334e-09,-1.2541091356577273e-08,-7.175485185785178e-08,-1.296488715326922e-07,-1.8823325867275944e-07,-2.476702491956474e-07,-3.0761206383987203e-07,-3.675823281629591e-07,-4.27072918049944e-07,-4.855630644278772e-07,-5.425202539574554e-07,-5.973980306250295e-07,-6.496336237332823e-07,-6.986455776621327e-07,-7.438311788438815e-07,-7.845635628638608e-07,-8.201885180346259e-07,-8.500211511665841e-07,-8.733427704562241e-07,-8.893985965488776e-07,-8.973972598715195e-07,-8.965135038211757e-07,-8.858961171810678e-07,-8.646839160568098e-07,-8.320337309578925e-07,-7.871662630730984e-07,-7.29439713585329e-07,-6.584714244662567e-07,-5.743572936929769e-07,-4.781270348416875e-07,-3.7284157560665605e-07,-2.6655412840802716e-07,-1.2715621515800925e-07,1.3015792685729813e-08,1.605047744787578e-07,3.2104887822640967e-07,5.02674425108989e-07,7.171875026544996e-07,9.809754812706536e-07,1.3148089386510917e-06,1.7415782239897104e-06,2.280429910401595e-06,2.93605225063506e-06,3.6844174158997417e-06,4.4611244276116824e-06,5.162777497006007e-06,5.669085016182691e-06,5.8817243534829635e-06,5.762363908296217e-06,5.348490728591305e-06,4.7375990399318385e-06,4.049183420863507e-06,3.3858874152439106e-06,2.8114153074438576e-06,2.349161371797399e-06,1.99387141018451e-06,1.7259028035930516e-06,1.5219409126811906e-06,1.360866160682187e-06,1.2260260764194881e-06,1.1054632595455846e-06,9.912466879538559e-07,8.785524742384798e-07,7.647964477611146e-07,6.489283571198752e-07,5.30905293425916e-07,4.1132402764739824e-07,2.911749530510357e-07,1.7164873937322793e-07,5.3807950301212663e-08,-6.247312674800339e-08,-1.8219726531431236e-07,-2.643539401170492e-07,-3.456406685327942e-07,-4.199881843400947e-07,-4.850793273414394e-07,-5.401300797944056e-07,-5.850650175490894e-07,-6.201737101227922e-07,-6.459441696486732e-07,-6.629700179795827e-07,-6.718940661598541e-07,-6.73373073774279e-07,-6.680561877088837e-07,-6.565725914570546e-07,-6.395253372718089e-07,-6.174891974255336e-07,-5.910109809985813e-07,-5.606112267824938e-07,-5.267865387492537e-07,-4.900120990301825e-07,-4.5074409242801813e-07,-4.0942192458179883e-07,-3.664702341893805e-07,-3.2230080824927607e-07,-2.7731459010873035e-07,-2.319037144907729e-07,-1.864514929507058e-07,-1.4131920977169385e-07,-9.677531408523112e-08,-5.2712002182222975e-08,-7.644679536662409e-09,-9.970593372464817e-09,-7.100289454887048e-08,-1.3053841588316213e-07,-1.9097054906603014e-07,-2.524811844923199e-07,-3.146316076269752e-07,-3.768345464551138e-07,-4.384798656314121e-07,-4.989595517836189e-07,-5.576670744261476e-07,-6.139922108373451e-07,-6.673162351195122e-07,-7.170080513844325e-07,-7.624209981809709e-07,-8.028900734808489e-07,-8.377295190694718e-07,-8.662309106360375e-07,-8.87662121292065e-07,-9.012677813467106e-07,-9.062721629719545e-07,-9.018857850535352e-07,-8.873174677596201e-07,-8.617940892030592e-07,-8.245910024227723e-07,-7.750773217999367e-07,-7.127833115126667e-07,-6.37505868790871e-07,-5.494950275733497e-07,-4.498479600042708e-07,-3.4149449841244716e-07,-2.3194477203003547e-07,-5.399854335979306e-08,1.2225397897711034e-07,3.137416205318209e-07,5.283031121355517e-07,7.73236485396864e-07,1.0579476620524237e-06,1.3943707013935553e-06,1.79586682092769e-06,2.2742841756402987e-06,2.834704635612784e-06,3.468141180419565e-06,4.144158343694645e-06,4.807460139396644e-06,5.383032918497859e-06,5.791703668857937e-06,5.9723141451008125e-06,5.901526834263059e-06,5.60178924942448e-06,5.133377087792164e-06,4.574594320620992e-06,3.999602320626147e-06,3.4628606371862885e-06,2.9939777373761865e-06,2.601110110971979e-06,2.2783216231968158e-06,2.0128592704596434e-06,1.7903785694929227e-06,1.597881344629639e-06,1.424943062745199e-06,1.2639157046072672e-06,1.109632398070411e-06,9.58938048544139e-07,8.10217012292783e-07,6.62992981490742e-07,5.176207048971696e-07,3.750482265519027e-07,2.3656021337533287e-07,1.0321920205541272e-07,-2.5876169390480356e-08,-1.5923121973374e-07,-2.4358692767520776e-07,-3.26962076699127e-07,-4.0370323500579914e-07,-4.7158713198846985e-07,-5.297713073619582e-07,-5.780566289240199e-07,-6.165907023679865e-07,-6.457263328014038e-07,-6.659408499956911e-07,-6.777842848182067e-07,-6.81844420595154e-07,-6.787232592106854e-07,-6.690216947279241e-07,-6.53330126142488e-07,-6.322232770027635e-07,-6.062578906353285e-07,-5.75972304544914e-07,-5.418871911334612e-07,-5.045069889362727e-07,-4.6432174676170825e-07,-4.2180927553996503e-07,-3.774376648109612e-07,-3.3166837090837594e-07,-2.8496011136156375e-07,-2.377731732491643e-07,-1.9057050609511142e-07,-1.4379977530651378e-07,-9.779979569439683e-08,-5.244593163158097e-08,-5.9509785640365565e-09,-7.680144361578435e-09,-6.998099100511804e-08,-1.3069127971936864e-07,-1.9247213443394383e-07,-2.5551828347428834e-07,-3.193181898190863e-07,-3.831911771601296e-07,-4.4643698329591216e-07,-5.083678620685028e-07,-5.683086142144146e-07,-6.255900974718737e-07,-6.795429408339794e-07,-7.294926755243518e-07,-7.747561536092557e-07,-8.146389906842152e-07,-8.484339315236447e-07,-8.754202522593226e-07,-8.948645333366881e-07,-9.060233670045861e-07,-9.081488083429513e-07,-9.004976399939184e-07,-8.823457929736722e-07,-8.530095561859346e-07,-8.118755945042681e-07,-7.584426227243631e-07,-6.923800616585534e-07,-6.136170764309127e-07,-5.225014489797682e-07,-4.2014988388632947e-07,-3.0936553497863637e-07,-1.9727521551894335e-07,1.4717064870074005e-08,2.2253025158911235e-07,4.517680345347616e-07,7.114367393696545e-07,1.007257439045624e-06,1.3454408001973234e-06,1.7330625933647158e-06,2.176726010183311e-06,2.6798420606963617e-06,3.2387113894947085e-06,3.838111585083852e-06,4.447976724341031e-06,5.023408107292514e-06,5.509888633569469e-06,5.853742887299725e-06,6.015175823683036e-06,5.979188094193571e-06,5.759836876202042e-06,5.395974001937345e-06,4.940327819942712e-06,4.44645810451039e-06,3.95828406589535e-06,3.5048505263629883e-06,3.100288031957998e-06,2.7470925124385757e-06,2.44048574886144e-06,2.1722802138427457e-06,1.933593100087535e-06,1.7164084898499567e-06,1.5142756160961149e-06,1.322468762495609e-06,1.1378664040629623e-06,9.587190448120745e-07,7.84401982454464e-07,6.151941688459683e-07,4.5207139018155993e-07,2.964076881037628e-07,1.4922539100905778e-07,8.876884376067304e-09,-1.3625912182407038e-07,-2.2225424630023646e-07,-3.072251837643967e-07,-3.8580952363598246e-07,-4.5587417086977674e-07,-5.165551033627956e-07,-5.67572912282376e-07,-6.08969661590433e-07,-6.409882985990884e-07,-6.640043635163158e-07,-6.784806842217526e-07,-6.849350640831288e-07,-6.839169545608111e-07,-6.759909415556242e-07,-6.617254909721012e-07,-6.416856925340596e-07,-6.164289646086225e-07,-5.865028939958807e-07,-5.524445876168372e-07,-5.147811037056114e-07,-4.740307085058976e-07,-4.30704875928416e-07,-3.8531111459782523e-07,-3.383568347527755e-07,-2.903543718372438e-07,-2.4182627486813955e-07,-1.9330579883264454e-07,-1.4531327861815792e-07,-9.824371177109701e-08,-5.196082683543439e-08,-4.464328470689629e-09,-5.638458620416565e-09,-6.877658386735107e-08,-1.3028767565955668e-07,-1.9300698313402398e-07,-2.571361597916255e-07,-3.2210748119015586e-07,-3.87164696212865e-07,-4.51531086555569e-07,-5.144488011704543e-07,-5.751810478639726e-07,-6.330056966841179e-07,-6.872084876220581e-07,-7.370777240004645e-07,-7.819005880397355e-07,-8.20960895375986e-07,-8.535381914594323e-07,-8.78908273196287e-07,-8.963454110507591e-07,-9.051267334976805e-07,-9.045394134147837e-07,-8.938914579449825e-07,-8.725270399747399e-07,-8.398474258641959e-07,-7.953387324617235e-07,-7.386083433362147e-07,-6.694340737657956e-07,-5.878381071239073e-07,-4.942238138138342e-07,-3.896959898756728e-07,-2.769396508212764e-07,-1.628096017890709e-07,7.756179588725914e-08,3.1142661830659415e-07,5.71181885439454e-07,8.662801960605431e-07,1.2004799203194028e-06,1.5766833235347641e-06,1.997523590284886e-06,2.4641947982257767e-06,2.9743116331819577e-06,3.519270572711785e-06,4.0818111749409356e-06,4.6348277656379495e-06,5.142582688742896e-06,5.564999251600292e-06,5.864621864898822e-06,6.0145184668432124e-06,6.004576888384912e-06,5.843907264425832e-06,5.558430562115937e-06,5.184571084546047e-06,4.761338679891377e-06,4.323346633875224e-06,3.896487481430045e-06,3.4966762506451625e-06,3.130980312659676e-06,2.7999853104215367e-06,2.5003623677270022e-06,2.227007408636224e-06,1.9745304557574926e-06,1.738135381524651e-06,1.5140419693728085e-06,1.2996147713825035e-06,1.0933316041574597e-06,8.946811535390664e-07,7.040348031867469e-07,5.224821737114913e-07,3.5150853981887905e-07,1.9209127450287947e-07,4.1899493240267525e-08,-1.1342588090354083e-07,-2.0068228650857473e-07,-2.869031112431302e-07,-3.669290429381102e-07,-4.387107250773455e-07,-5.01387303540444e-07,-5.546320055766375e-07,-5.984119007643729e-07,-6.328839938212137e-07,-6.583383172084813e-07,-6.751597526857064e-07,-6.837996386074722e-07,-6.847540935633143e-07,-6.785476580568828e-07,-6.65721297994553e-07,-6.468239487824409e-07,-6.224068702732662e-07,-5.930201905306944e-07,-5.592111434672955e-07,-5.215236442656213e-07,-4.804989918457716e-07,-4.366776366244974e-07,-3.906020919037972e-07,-3.428211356032581e-07,-2.9389520893682705e-07,-2.4440159504168663e-07,-1.9493316528124388e-07,-1.46069004232597e-07,-9.82473185071061e-08,-5.132473766705689e-08,-3.160341172511669e-09,-3.816658345052979e-09,-6.745941010946139e-08,-1.2947680454318907e-07,-1.9280396553983018e-07,-2.576441650925829e-07,-3.2338768131273747e-07,-3.8921927368272375e-07,-4.542996859126851e-07,-5.178116009837363e-07,-5.789648027784671e-07,-6.369908929229501e-07,-6.911368055554592e-07,-7.406595910035061e-07,-7.848229078097044e-07,-8.228951744421116e-07,-8.541493228194316e-07,-8.778642176248942e-07,-8.933279497800805e-07,-8.998433468101906e-07,-8.967361542358818e-07,-8.833664195100416e-07,-8.591436437399745e-07,-8.235462667075251e-07,-7.761461124994618e-07,-7.166389294049338e-07,-6.448844026145514e-07,-5.609670980658915e-07,-4.65316327540998e-07,-3.5900631418719206e-07,-2.4461467393083884e-07,-1.2879951077115567e-07,1.3373948319249214e-07,3.8777099496119217e-07,6.706285920116483e-07,9.917151149758543e-07,1.352798036942311e-06,1.753784701161593e-06,2.1936524729565156e-06,2.669621422370712e-06,3.1756313990731707e-06,3.7006846817260354e-06,4.227615805481337e-06,4.73293068827883e-06,5.188273945952133e-06,5.5637078717524135e-06,5.832359203052509e-06,5.975342986202587e-06,5.985537117939496e-06,5.868993997229534e-06,5.643512434237298e-06,5.334844370869271e-06,4.971747547408097e-06,4.581307828275453e-06,4.185618760009841e-06,3.8002587710476006e-06,3.4343796341460472e-06,3.09184901177364e-06,2.7728257154145178e-06,2.475293224290693e-06,2.196293867089481e-06,1.9327900790655223e-06,1.6821906725722127e-06,1.4426257159129592e-06,1.2130568120045775e-06,9.932910403670437e-07,7.839355632984785e-07,5.862766907424162e-07,4.0194546635105713e-07,2.3189334482155833e-07,7.319392726483098e-08,-9.086964857309877e-08,-1.7913197832304835e-07,-2.6635938037055043e-07,-3.4753518803339254e-07,-4.206859795061429e-07,-4.849693692381761e-07,-5.400348458422968e-07,-5.857986603444373e-07,-6.223527142097838e-07,-6.499174618374334e-07,-6.688106377152357e-07,-6.794232871035172e-07,-6.822005679967596e-07,-6.776264543459562e-07,-6.662118450611251e-07,-6.484856301062902e-07,-6.249882680117761e-07,-5.962674582752632e-07,-5.628755544532516e-07,-5.25368451678177e-07,-4.843057873674038e-07,-4.4025240614748626e-07,-3.9378113465687e-07,-3.454769062139389e-07,-2.959419041985571e-07,-2.457998451899529e-07,-1.956923631401539e-07,-1.4624437709193504e-07,-9.792626803965839e-08,-5.059166419245266e-08,-2.0164840819761742e-09,-2.188176672841519e-09,-6.608394336909764e-08,-1.2838021876953307e-07,-1.920545385072958e-07,-2.5730704108967536e-07,-3.2349746911339334e-07,-3.8976608324372633e-07,-4.5522419332795844e-07,-5.190057384913571e-07,-5.80275692269983e-07,-6.382265135583711e-07,-6.92072553163906e-07,-7.410453462641168e-07,-7.843905138650592e-07,-8.213663769736396e-07,-8.512442855843093e-07,-8.733107193185526e-07,-8.86871305297544e-07,-8.91256978478009e-07,-8.858325611314532e-07,-8.700080484480491e-07,-8.43252849387668e-07,-8.051131643077752e-07,-7.552326946777864e-07,-6.933773865183617e-07,-6.194672481530731e-07,-5.336266230318907e-07,-4.362913744180282e-07,-3.2849590398745764e-07,-2.1272192336115635e-07,-9.547952517379597e-08,1.830279892126551e-07,4.5147053298722725e-07,7.504153779105424e-07,1.0889104114282855e-06,1.466929918216367e-06,1.8819043380722045e-06,2.3300199938504555e-06,2.8057643499034204e-06,3.300926659969369e-06,3.8036172520815784e-06,4.297728391954513e-06,4.763215463128575e-06,5.177453615662627e-06,5.517663033131277e-06,5.764038468670083e-06,5.902894248433004e-06,5.929001092370714e-06,5.846443761623465e-06,5.66774035339307e-06,5.4114799716912975e-06,5.0991471619190836e-06,4.751953849716985e-06,4.388364258080698e-06,4.022673564890812e-06,3.664644532994815e-06,3.319950195265761e-06,2.9910695512571463e-06,2.678314742014561e-06,2.3807702020399747e-06,2.0970362208178074e-06,1.82575517471314e-06,1.56594826177046e-06,1.317209312719779e-06,1.07979938001059e-06,8.546653242967625e-07,6.43356333475835e-07,4.4768421647501024e-07,2.6860545564363037e-07,1.0270068535054502e-07,-6.872114513977123e-08,-1.578167227819927e-07,-2.458787677337069e-07,-3.2799322625654205e-07,-4.022544173141424e-07,-4.678467286315162e-07,-5.244118711593369e-07,-5.718334580110323e-07,-6.101554364693482e-07,-6.395430712542715e-07,-6.602578883724868e-07,-6.726381024829764e-07,-6.77082248068473e-07,-6.740354722848628e-07,-6.639783232483987e-07,-6.474178781542129e-07,-6.248810068972665e-07,-5.969095412137917e-07,-5.640571301996263e-07,-5.268876048746368e-07,-4.859747373200023e-07,-4.4190334920008483e-07,-3.9527176724582545e-07,-3.466955460410331e-07,-2.9681190521897104e-07,-2.462826421850682e-07,-1.957879527200346e-07,-1.459873269150069e-07,-9.73744278420366e-08,-4.9803573035362745e-08,-1.0120046461666644e-09,-7.286402682878092e-10,-6.469197435985956e-08,-1.2709571711951706e-07,-1.9091670908332794e-07,-2.5634779580422796e-07,-3.2272702694840097e-07,-3.8916223730387364e-07,-4.547269775674771e-07,-5.185165877429226e-07,-5.796597468732413e-07,-6.373169355193142e-07,-6.906760789773366e-07,-7.389486244388422e-07,-7.813670105721096e-07,-8.171837780082576e-07,-8.456723898049623e-07,-8.661298214952476e-07,-8.778810137514923e-07,-8.802853087911029e-07,-8.727449922463723e-07,-8.547160224572557e-07,-8.257209460101354e-07,-7.853638991284507e-07,-7.333476055142549e-07,-6.6949283699436e-07,-5.937632774818405e-07,-5.063073389719395e-07,-4.075560314401598e-07,-2.98501324135418e-07,-1.8154031236668609e-07,-6.306424338328696e-08,2.256469312255597e-07,5.032298279971389e-07,8.120074349411563e-07,1.1605078557808883e-06,1.5472221471053042e-06,1.9676748338976926e-06,2.4160528338608234e-06,2.8850822336327234e-06,3.365428385404514e-06,3.845154403326601e-06,4.3095550391636005e-06,4.7415879277884255e-06,5.12300798515787e-06,5.436136282296524e-06,5.665990235043962e-06,5.802336554677361e-06,5.841177544987261e-06,5.785285826966894e-06,5.643640801621329e-06,5.429911023297027e-06,5.160364735681507e-06,4.851695028654379e-06,4.519194862329014e-06,4.175551738024525e-06,3.830328747937686e-06,3.490031224860318e-06,3.1585670396791083e-06,2.837895595479482e-06,2.528700940902889e-06,2.230985967365227e-06,1.9445422970882894e-06,1.6692915506290578e-06,1.4055156329744986e-06,1.1539982839422101e-06,9.160865653415358e-07,6.936350147326526e-07,4.886629568950171e-07,3.021649987926974e-07,1.3033695809939563e-07,-4.710308677025228e-08,-1.3691464980722388e-07,-2.2568881945587645e-07,-3.0858924819807665e-07,-3.837700360292891e-07,-4.504456433724326e-07,-5.082599323160386e-07,-5.570768565327437e-07,-5.969058759504692e-07,-6.278693726267506e-07,-6.501829055990603e-07,-6.641396769858862e-07,-6.700970006115804e-07,-6.684644100985129e-07,-6.596934582410711e-07,-6.442692681607235e-07,-6.227038236909901e-07,-5.955309259121455e-07,-5.633027150091805e-07,-5.265876592267456e-07,-4.859699357873096e-07,-4.420501552466832e-07,-3.9544737397795095e-07,-3.468022020802132e-07,-2.9678027021892955e-07,-2.4607356288685507e-07,-1.953917609968538e-07,-1.4541955391668196e-07,-9.666704090224536e-08,-4.899247820349201e-08,-1.2783956147782292e-10,5.842545655632787e-10,-6.331487130498805e-08,-1.2570093995988342e-07,-1.8951909007653403e-07,-2.549513454080815e-07,-3.2132058192522665e-07,-3.877118764108138e-07,-4.5317099895042994e-07,-5.167638643560414e-07,-5.775908940279021e-07,-6.347875026817224e-07,-6.875211092377146e-07,-7.349881292940012e-07,-7.764120865367386e-07,-8.110432150667217e-07,-8.381596858152988e-07,-8.570705257985357e-07,-8.671202830152909e-07,-8.676954730958362e-07,-8.582328036678462e-07,-8.382290974537545e-07,-8.072527267119324e-07,-7.649562650368181e-07,-7.110900960777718e-07,-6.455173430658902e-07,-5.682330906815768e-07,-4.793996968771358e-07,-3.794378702719434e-07,-2.6929901513440977e-07,-1.5130613045813597e-07,-3.174663948185903e-08,2.6210563267264977e-07,5.442516446889646e-07,8.575439602530658e-07,1.209918740590778e-06,1.598725494584365e-06,2.0181205170425503e-06,2.4609522634578975e-06,2.9189036304031656e-06,3.382179581820212e-06,3.839240108467822e-06,4.2768228384764945e-06,4.6803882641167236e-06,5.0350234644085465e-06,5.326725409628811e-06,5.54386669092743e-06,5.67856103923827e-06,5.727630021596472e-06,5.692942774055828e-06,5.581042660795576e-06,5.4021444767599075e-06,5.168727713601112e-06,4.8940216465492475e-06,4.590661792627743e-06,4.2697119828500005e-06,3.940129952749836e-06,3.608647400719421e-06,3.2799651292018805e-06,2.9571379893239555e-06,2.642034619223094e-06,2.335787467239582e-06,2.0391838931383457e-06,1.7529788453048476e-06,1.478128792420628e-06,1.2159532141251694e-06,9.682197970736525e-07,7.371055884134249e-07,5.248511932135094e-07,3.325179136599334e-07,1.560231566551823e-07,-2.6129719784472827e-08,-1.1657691839786018e-07,-2.0597470215560664e-07,-2.8955065045597014e-07,-3.6551126206733416e-07,-4.3310090151110653e-07,-4.919709343798865e-07,-5.419743618492573e-07,-5.8309629286149e-07,-6.154263376402287e-07,-6.391432097098748e-07,-6.545026883700558e-07,-6.618267031243901e-07,-6.614932557407087e-07,-6.539273641502386e-07,-6.395932382457377e-07,-6.189878185409808e-07,-5.92635728377469e-07,-5.610856353074035e-07,-5.249079883638527e-07,-4.846940864227541e-07,-4.410564213901248e-07,-3.946301907833762e-07,-3.460756909811207e-07,-2.960807153104652e-07,-2.453603031162119e-07,-1.946458690662089e-07,-1.4463980393876966e-07,-9.58636061679995e-08,-4.818224600823848e-08,6.53480646182555e-10,1.770863076676434e-09,-6.19754132933777e-08,-1.242563986005151e-07,-1.8796454562643877e-07,-2.5326815985866804e-07,-3.194795033051476e-07,-3.8566836390514627e-07,-4.5086099251008494e-07,-5.141019133654732e-07,-5.744706335967794e-07,-6.310839773533083e-07,-6.830944223190027e-07,-7.296880082946822e-07,-7.700830816231741e-07,-8.035303451025811e-07,-8.293144023059403e-07,-8.467568774125011e-07,-8.552211351199313e-07,-8.541185722112587e-07,-8.429163813754131e-07,-8.211465897719579e-07,-7.884160550167071e-07,-7.444170012579677e-07,-6.889377443506322e-07,-6.218739471205314e-07,-5.432434609935857e-07,-4.5321677661308756e-07,-3.52203118661285e-07,-2.411180677011424e-07,-1.222200223973798e-07,-1.6975610694379067e-09,2.9306536970856985e-07,5.759774222506264e-07,8.894439977509158e-07,1.2407925868300817e-06,1.6265556265264174e-06,2.039985618111401e-06,2.473115256020242e-06,2.917097625307958e-06,3.362093526282957e-06,3.797171513627074e-06,4.210417219804177e-06,4.589336019252303e-06,4.9215547155079705e-06,5.195751822572652e-06,5.40267649768312e-06,5.536071478980737e-06,5.5933133654461335e-06,5.575631001790398e-06,5.487849731920357e-06,5.3377113755433945e-06,5.134906691148915e-06,4.890004363375659e-06,4.6134584589620285e-06,4.314832025448777e-06,4.002307321629329e-06,3.6824855439148867e-06,3.360428191172196e-06,3.0398661588421813e-06,2.7234997470170193e-06,2.4133256968026186e-06,2.110947298082574e-06,1.8178432181526324e-06,1.535585148850537e-06,1.2660001132234226e-06,1.0112641167013367e-06,7.738707992545146e-07,5.562815095813823e-07,3.596446528221332e-07,1.7969871241273738e-07,-5.906473009406408e-09,-9.693331704338929e-08,-1.8688939333506701e-07,-2.710605112994186e-07,-3.476989032206753e-07,-4.16076343162023e-07,-4.758536926008519e-07,-5.268783515892452e-07,-5.691183982721769e-07,-6.026387317376623e-07,-6.275890882096195e-07,-6.441948723158127e-07,-6.527484928160552e-07,-6.536009368950483e-07,-6.471538390028204e-07,-6.338523509378378e-07,-6.141790452570232e-07,-5.886489945379587e-07,-5.578060957782433e-07,-5.222206563179968e-07,-4.824882180713259e-07,-4.392295540487943e-07,-3.93091688537061e-07,-3.447495765940235e-07,-2.9490746864317664e-07,-2.442972163737963e-07,-1.9366555403234576e-07,-1.4372678425254193e-07,-9.501028925818942e-08,-4.7390050968964034e-08,1.3479246900115014e-09,2.8497043991290755e-09,-6.068921732651724e-08,-1.2280790588976846e-07,-1.8633325507344567e-07,-2.514175452086398e-07,-3.1736539505026136e-07,-3.832368826952529e-07,-4.480454249892172e-07,-5.108210543754734e-07,-5.706289459193054e-07,-6.265732934685217e-07,-6.77796798642929e-07,-7.234793898925942e-07,-7.628375189684775e-07,-7.95124577325409e-07,-8.196326667205884e-07,-8.356958184411108e-07,-8.426946679743901e-07,-8.40062511464819e-07,-8.272925774109491e-07,-8.039462349343101e-07,-7.696617373205146e-07,-7.241630122058865e-07,-6.672681087952161e-07,-5.988976592991351e-07,-5.190864971898726e-07,-4.2801059393687573e-07,-3.2606942021490874e-07,-2.1414919594634773e-07,-9.445215194686492e-08,2.6933889470686232e-08,3.192319256353397e-07,5.998912738009598e-07,9.101227995377351e-07,1.2566582302588972e-06,1.6354952070323327e-06,2.039361657136572e-06,2.459873380113495e-06,2.8880126872710485e-06,3.31415088477231e-06,3.728047944992553e-06,4.118994605560976e-06,4.476154771743864e-06,4.789102906891761e-06,5.048499567713122e-06,5.246806451354431e-06,5.3789186738846714e-06,5.4425950054511846e-06,5.4385988247136616e-06,5.370517151110212e-06,5.244288201391614e-06,5.0675224642511905e-06,4.8487342695060475e-06,4.596603920247437e-06,4.319367494286298e-06,4.024392308235745e-06,3.7179533885280888e-06,3.4051909250377955e-06,3.090206731383678e-06,2.7762501052401103e-06,2.465947170428847e-06,2.161537998735952e-06,1.865097785248662e-06,1.578728130498663e-06,1.3047081916038387e-06,1.0455859671095942e-06,8.041470682499429e-07,5.830598670256969e-07,3.8357093571963706e-07,2.013292709670785e-07,1.3470264057220837e-08,-7.809604373628815e-08,-1.6856064034270105e-07,-2.5326760106950824e-07,-3.3050894494576956e-07,-3.9957986189133156e-07,-4.601503216659458e-07,-5.120649503377039e-07,-5.552798674706018e-07,-5.898415648699066e-07,-6.158774753255288e-07,-6.335890208175098e-07,-6.43244754317923e-07,-6.45173317783569e-07,-6.397565048257242e-07,-6.274227921132618e-07,-6.086416380408241e-07,-5.839187548681295e-07,-5.537924760618751e-07,-5.188312704990369e-07,-4.796323942508935e-07,-4.368216038358826e-07,-3.910537475114998e-07,-3.430138141381989e-07,-2.934174004080878e-07,-2.4300781300237213e-07,-1.9254191640202618e-07,-1.427416010815795e-07,-9.4141848984998e-08,-4.662750535917908e-08,1.970046572517421e-09,3.837560824068705e-09,-5.946581600665704e-08,-1.213884575045177e-07,-1.8468516771020164e-07,-2.494904014418009e-07,-3.151028666149647e-07,-3.8057697713176977e-07,-4.449186678175481e-07,-5.071493693369467e-07,-5.663257956321351e-07,-6.215449727213523e-07,-6.719446123773124e-07,-7.167024541622567e-07,-7.550359746492396e-07,-7.86203058025126e-07,-8.09503897285572e-07,-8.242842333270595e-07,-8.2993992955438e-07,-8.259227799693754e-07,-8.117473415356228e-07,-7.869984620922466e-07,-7.513390542227586e-07,-7.045175914634305e-07,-6.463749283984783e-07,-5.768508287827984e-07,-4.959933996550934e-07,-4.039836128170421e-07,-3.0121476886994865e-07,-1.8855110632065125e-07,-6.814616156718484e-08,5.401934336420519e-08,3.412817365697745e-07,6.173891469896709e-07,9.218108797962751e-07,1.2607091552060172e-06,1.6297776813677898e-06,2.021516679144419e-06,2.4274213420830045e-06,2.838550249129609e-06,3.245637048101578e-06,3.6391482993411556e-06,4.009431443529033e-06,4.34699700115964e-06,4.6429275029012076e-06,4.88936969189526e-06,5.0800406752879505e-06,5.210666015423959e-06,5.2792720360805395e-06,5.286276394585023e-06,5.234355976658776e-06,5.128111105819295e-06,4.973580062533386e-06,4.777679726237043e-06,4.547652681225261e-06,4.290589344773664e-06,4.013070741748671e-06,3.720950618816148e-06,3.4192713546063757e-06,3.1122910146555176e-06,2.8035904496773406e-06,2.496228574523965e-06,2.1929184257602875e-06,1.8962033075244379e-06,1.608618290469545e-06,1.3328238346150285e-06,1.0716879095991925e-06,8.282498921764947e-07,6.053607817606294e-07,4.043675429402353e-07,2.2090761976475418e-07,3.1913235914106894e-08,-6.016226312194963e-08,-1.5109567913602223e-07,-2.3629327258089844e-07,-3.1408153405092656e-07,-3.8377416598391423e-07,-4.450482560178304e-07,-4.977466850039498e-07,-5.418170021890975e-07,-5.772922061038168e-07,-6.04283084964835e-07,-6.229728383337142e-07,-6.336115403075504e-07,-6.365101465332354e-07,-6.320343432729453e-07,-6.205986323951153e-07,-6.026609902638876e-07,-5.78718346917304e-07,-5.493030412749847e-07,-5.149803267114919e-07,-4.7634692540932615e-07,-4.340305459664315e-07,-3.886901543511501e-07,-3.4101653822665544e-07,-2.9173208544137344e-07,-2.415869857445016e-07,-1.913440792708666e-07,-1.4172970735091046e-07,-9.328312543395617e-08,-4.590151084457569e-08,2.5330614407707898e-09,4.749561080484961e-09,-5.8309443404191114e-08,-1.2001963074379593e-07,-1.8306187388012487e-07,-2.4755139343993074e-07,-3.1278180447071855e-07,-3.778047453545472e-07,-4.416229927601043e-07,-5.032544693192012e-07,-5.617527255298945e-07,-6.16212677847339e-07,-6.6577153349141e-07,-7.096085084625484e-07,-7.46944766368349e-07,-7.770442067170727e-07,-7.992153972032692e-07,-8.128147687240672e-07,-8.17251068145838e-07,-8.119909524491695e-07,-7.965654928512647e-07,-7.705772353012337e-07,-7.337073465218073e-07,-6.857223113442789e-07,-6.264797884369359e-07,-5.559340283556865e-07,-4.741440581361918e-07,-3.8129669944452326e-07,-2.777836953954962e-07,-1.6445504330792493e-07,-4.342229287222846e-08,7.944974774291126e-08,3.598177393846365e-07,6.297033282559768e-07,9.264553471763223e-07,1.2556966862187828e-06,1.6129966943228796e-06,1.9908520147886343e-06,2.3808520975744274e-06,2.7742991318775784e-06,3.1623765719609786e-06,3.5362398944683645e-06,3.8871581382978e-06,4.206743080879997e-06,4.487260013464148e-06,4.7219880621490235e-06,4.905581398338459e-06,5.034375722804248e-06,5.10658849716744e-06,5.1223762962212355e-06,5.083735530606469e-06,4.994258616480004e-06,4.858780585600232e-06,4.682966160424835e-06,4.472891787632539e-06,4.234671240675693e-06,3.974159880690388e-06,3.696755605927576e-06,3.4072980562157652e-06,3.1100548404495023e-06,2.8087758913101966e-06,2.5067944420776478e-06,2.207154370632025e-06,1.9127469571482514e-06,1.6264432218428069e-06,1.3512075970720376e-06,1.0901673121377398e-06,8.465686364952876e-07,6.234131578178706e-07,4.22143077077508e-07,2.3845051088679e-07,4.934429406795078e-08,-4.3215836325088084e-08,-1.3458438449943463e-07,-2.202360993462023e-07,-2.985271184008626e-07,-3.687842643610798e-07,-4.306887678825949e-07,-4.840816216548511e-07,-5.289040433707948e-07,-5.651794591263642e-07,-5.930069061513259e-07,-6.125566061927315e-07,-6.240652513095942e-07,-6.278306885918922e-07,-6.242063004336308e-07,-6.135954853858566e-07,-5.964465963955639e-07,-5.732486039035317e-07,-5.445276580933904e-07,-5.108446367833205e-07,-4.7279368026000216e-07,-4.310016194730859e-07,-3.861280688433855e-07,-3.388656976567823e-07,-2.899395785301399e-07,-2.401028326765062e-07,-1.9012091891757545e-07,-1.4072238712759443e-07,-9.245014635770795e-08,-4.521487964435064e-08,3.0489090511885697e-09,5.599245563906976e-09,-5.721957501725181e-08,-1.1871255903566698e-07,-1.8148792812108762e-07,-2.4564051378516167e-07,-3.1045904172779364e-07,-3.749944897570485e-07,-4.3825011509539e-07,-4.992448993706366e-07,-5.570341544859027e-07,-6.107154914274089e-07,-6.594299187395803e-07,-7.023616492442683e-07,-7.387380553539929e-07,-7.678304218569702e-07,-7.889558069509753e-07,-8.014801393217928e-07,-8.048225484022046e-07,-7.984608085119047e-07,-7.819376602637158e-07,-7.548676513220962e-07,-7.169440254634048e-07,-6.679451317620009e-07,-6.077399719993601e-07,-5.36293293559657e-07,-4.5367338151551383e-07,-3.600743657224095e-07,-2.558914161368123e-07,-1.4196800244487592e-07,-2.03798766964976e-08,1.0313372472834033e-07,3.753481076599767e-07,6.378684690229291e-07,9.256804749288832e-07,1.2438968546843828e-06,1.588095912535244e-06,1.9509339828760045e-06,2.324246649878e-06,2.6996908694466138e-06,3.0689475110060927e-06,3.423829570388075e-06,3.756412500160023e-06,4.059219499437332e-06,4.325458344958032e-06,4.549286792945139e-06,4.726072448609307e-06,4.852609034328881e-06,4.927254390764517e-06,4.949965803927503e-06,4.9222234519664245e-06,4.84684979076603e-06,4.727747976069259e-06,4.56959288454644e-06,4.3775121862309435e-06,4.156792151321539e-06,3.912634879233357e-06,3.649982790792553e-06,3.373415084184746e-06,3.087111498959301e-06,2.794872363062771e-06,2.5001807711998863e-06,2.2062923297467747e-06,1.916339107836146e-06,1.6334355878388042e-06,1.360772510549332e-06,1.1016723237751512e-06,8.595368216480299e-07,6.374814417763717e-07,4.3703291133113076e-07,2.5399316303790816e-07,6.56942597327102e-08,-2.7328476850634258e-08,-1.1910129365535024e-07,-2.051748472031501e-07,-2.839304162601114e-07,-3.547023714859696e-07,-4.171726322178323e-07,-4.7117953550358673e-07,-5.166595559918864e-07,-5.536298775172422e-07,-5.821822011386751e-07,-6.02478671818716e-07,-6.147474884616386e-07,-6.192778795166799e-07,-6.164147344514019e-07,-6.065532942292045e-07,-5.90134260291937e-07,-5.676395949077842e-07,-5.395891928370933e-07,-5.065385143730869e-07,-4.690771804983569e-07,-4.278284305135012e-07,-3.83449201674231e-07,-3.3663032984063377e-07,-2.88095759792883e-07,-2.385980042965032e-07,-1.8890231600927105e-07,-1.3973780909803517e-07,-9.165090037373907e-08,-4.4566762689383256e-08,3.528303307283277e-09,6.398612043864389e-09,-5.6191253001819415e-08,-1.1746852257184852e-07,-1.7997165122910507e-07,-2.4377402704659276e-07,-3.0815935984841634e-07,-3.7217969526764763e-07,-4.34842091659623e-07,-4.951709365490355e-07,-5.522280967398404e-07,-6.051186151002843e-07,-6.529915780835333e-07,-6.950397002462785e-07,-7.304990661651885e-07,-7.586496857921152e-07,-7.788171809212428e-07,-7.903757360236027e-07,-7.927523156182297e-07,-7.854320351815202e-07,-7.679644582479799e-07,-7.399704752314729e-07,-7.011493106025694e-07,-6.512851498110952e-07,-5.902530175162755e-07,-5.180242992911396e-07,-4.3467495362186357e-07,-3.4040784757325616e-07,-2.3562638299682467e-07,-1.211748999106471e-07,9.007088368131324e-10,1.2499584658312743e-07,3.882807695452434e-07,6.427156448670365e-07,9.207869276024851e-07,1.227123143840682e-06,1.5574057667194332e-06,1.904565111113387e-06,2.2607869691917467e-06,2.618154810708919e-06,2.9688700621787143e-06,3.3053681171118333e-06,3.620436264139374e-06,3.907363846365737e-06,4.160123866574946e-06,4.373570016583431e-06,4.543625276852508e-06,4.667435829836375e-06,4.7434666698487055e-06,4.7715223945684655e-06,4.752686912745564e-06,4.689187219090408e-06,4.5841967432909124e-06,4.441601143994617e-06,4.265752619487842e-06,4.061237667018289e-06,3.8326784987611035e-06,3.584581400800821e-06,3.3212377921855074e-06,3.0466769930700406e-06,2.7646646591006883e-06,2.478737823571374e-06,2.192266310377148e-06,1.908530263114052e-06,1.6308033976742874e-06,1.3624286310659424e-06,1.106860007723827e-06,8.676021826617289e-07,6.478454932073768e-07,4.4918671497334044e-07,2.6758277983460617e-07,8.090269163671399e-08,-1.2560484761162547e-08,-1.0470677790890598e-07,-1.9117015305737042e-07,-2.703526573366356e-07,-3.4159070067546995e-07,-4.0456339243980093e-07,-4.59105515253651e-07,-5.051502084030902e-07,-5.427115499040949e-07,-5.718781416291029e-07,-5.928088095867162e-07,-6.057280486357947e-07,-6.109209025713995e-07,-6.087275609856973e-07,-5.995380634436072e-07,-5.83787459282331e-07,-5.619516876404512e-07,-5.345443522678835e-07,-5.021144777420306e-07,-4.652452451316447e-07,-4.245536042607215e-07,-3.8069051765863633e-07,-3.343413303388061e-07,-2.862251540840819e-07,-2.3709052833323046e-07,-1.8769992355728987e-07,-1.3878167324444546e-07,-9.088581064566198e-08,-4.3952910239348986e-08,3.98076678488817e-09,7.158140796253226e-09,-5.521521290877317e-08,-1.162791747655433e-07,-1.7850542065730708e-07,-2.419447800775183e-07,-3.0587577040965223e-07,-3.69353241058068e-07,-4.3139143798765675e-07,-4.9102461057256e-07,-5.473261072545998e-07,-5.994132803393747e-07,-6.464477049194872e-07,-6.87634222217036e-07,-7.222202347397378e-07,-7.49495902310775e-07,-7.687955526756412e-07,-7.795004400791459e-07,-7.810428601686622e-07,-7.729115220980826e-07,-7.546579728478598e-07,-7.259037595824331e-07,-6.863479121531306e-07,-6.357742712186249e-07,-5.740583120890618e-07,-5.01173827607069e-07,-4.1720236118857584e-07,-3.2235632246752823e-07,-2.1705146760382377e-07,-1.0213983809910457e-07,2.035656994710951e-08,1.4497492631899513e-07,3.9892761560827883e-07,6.448832695149294e-07,9.127734231813107e-07,1.2067644596115558e-06,1.5227038067792761e-06,1.8538719416239216e-06,2.1928733258921776e-06,2.5322622232725288e-06,2.8647689122519207e-06,3.183417220277266e-06,3.48163036033504e-06,3.7533534299073543e-06,3.9931939635806576e-06,4.196569676971194e-06,4.359846757643812e-06,4.480450475553263e-06,4.556931844065307e-06,4.588979004475157e-06,4.5773690088897435e-06,4.523863451239879e-06,4.43105852343552e-06,4.3022053118990115e-06,4.141018710817228e-06,3.9514930246292535e-06,3.7377395585767383e-06,3.50385706842785e-06,3.253840851549984e-06,2.991531434385108e-06,2.7205999144184505e-06,2.444564367709989e-06,2.1668302874539224e-06,1.8907473379860567e-06,1.6196737684059467e-06,1.3570361850568458e-06,1.1063593868474865e-06,8.71199136652848e-07,6.547813640433176e-07,4.5875614387012666e-07,2.792719875394619e-07,9.491757653087165e-08,1.0388635280386492e-09,-9.144751184634522e-08,-1.7826512150260498e-07,-2.578323515654361e-07,-3.294824261200694e-07,-3.928885071273067e-07,-4.478812592514399e-07,-4.943921632964623e-07,-5.324355207506751e-07,-5.621011929530576e-07,-5.835495080259834e-07,-5.970060659343644e-07,-6.027561509271881e-07,-6.01139019305711e-07,-5.925424289244879e-07,-5.773977336818023e-07,-5.56175786331427e-07,-5.293838086976097e-07,-4.9756330669137e-07,-4.6128902461402057e-07,-4.21168836807221e-07,-3.778443356448598e-07,-3.319916160192312e-07,-2.84321155105326e-07,-2.3557407557658615e-07,-1.8650744279611396e-07,-1.378474605211925e-07,-9.01479260619859e-08,-4.3365778495456935e-08,4.414649474903481e-09,7.886798407381115e-09,-5.4277813191682174e-08,-1.1512640192405706e-07,-1.770654361993974e-07,-2.4012184805951967e-07,-3.035690246908098e-07,-3.664667701849058e-07,-4.278403681731495e-07,-4.867388351642364e-07,-5.422523326803981e-07,-5.935157491974503e-07,-6.397078541932775e-07,-6.800494896850091e-07,-7.138021962904518e-07,-7.402678982232337e-07,-7.587899432199e-07,-7.687556233105925e-07,-7.696001903521294e-07,-7.608122874565727e-07,-7.419406264034943e-07,-7.126016448130551e-07,-6.724877810112043e-07,-6.213759456176802e-07,-5.591358715261149e-07,-4.857386743098356e-07,-4.012683248278959e-07,-3.0594636814056974e-07,-2.0020384384408667e-07,-8.490649148019149e-08,3.794134186811145e-08,1.6302238967221998e-07,4.075137490183487e-07,6.448365134185862e-07,9.023691072932929e-07,1.183834007639016e-06,1.4852832898837976e-06,1.8003951768032873e-06,2.122235367881768e-06,2.4438543228087955e-06,2.7585106775629593e-06,3.0597860019415735e-06,3.341679320378284e-06,3.598707933796382e-06,3.826017507749403e-06,4.019494284903087e-06,4.175867823779032e-06,4.292791523020554e-06,4.368889601471132e-06,4.403762662331128e-06,4.397948812976683e-06,4.352842684901021e-06,4.270579675187153e-06,4.153896498688003e-06,4.005981161657729e-06,3.830325575599254e-06,3.6305924260122327e-06,3.4105050774090003e-06,3.17376585650009e-06,2.9240046215794332e-06,2.66475657431957e-06,2.3994660642717017e-06,2.131511686505306e-06,1.8642469744917014e-06,1.6010495892166986e-06,1.345367861246967e-06,1.1007405412144348e-06,8.707249676778295e-07,6.585441768519306e-07,4.6588359990844116e-07,2.891127203677959e-07,1.0769496040135141e-07,1.343125107919516e-08,-7.935628813543956e-08,-1.664849141648687e-07,-2.4638468411568444e-07,-3.1838092880592374e-07,-3.82138500975714e-07,-4.3748418545517265e-07,-4.84350192480795e-07,-5.227549424102602e-07,-5.527943207436216e-07,-5.746352344593607e-07,-5.88509326663494e-07,-5.947065783595834e-07,-5.93569041288917e-07,-5.854850288016534e-07,-5.70884047125484e-07,-5.502326754092065e-07,-5.240315283279626e-07,-4.928133644792802e-07,-4.5714233194515823e-07,-4.176142558008075e-07,-3.7485774097199674e-07,-3.295356101251336e-07,-2.8234559881069105e-07,-2.340176292161878e-07,-1.853003861266858e-07,-1.3691627748016022e-07,-8.94228293374784e-08,-4.279448397706561e-08,4.837131201761079e-09,8.592019727626601e-09,-5.3360752650400725e-08,-1.1398178856332091e-07,-1.756109205383697e-07,-2.3824946369905432e-07,-3.0116628880091245e-07,-3.6342914933611337e-07,-4.24079089210513e-07,-4.821855867667562e-07,-5.368616143299916e-07,-5.872653649730402e-07,-6.325979444990257e-07,-6.72100428308149e-07,-7.050516240834214e-07,-7.307671164638402e-07,-7.485998541725514e-07,-7.579423876261283e-07,-7.582307740942466e-07,-7.489500973261271e-07,-7.296414798328829e-07,-6.999103892749082e-07,-6.594359577082694e-07,-6.079809740587744e-07,-5.4540228908075e-07,-4.716619495956726e-07,-3.868415652868574e-07,-2.9116957917075495e-07,-1.8509348007712256e-07,-6.949752861111945e-08,5.362481068348075e-08,1.7910076793565031e-07,4.14188523442556e-07,6.428894667798374e-07,8.90068749587987e-07,1.159019750396532e-06,1.4460204016965783e-06,1.745173781090187e-06,2.050031260835471e-06,2.3541523120749515e-06,2.651318530747887e-06,2.9356424962448953e-06,3.2016517633517523e-06,3.4443726303295674e-06,3.6594176178072473e-06,3.843072101702387e-06,3.9923719929547155e-06,4.105163470367507e-06,4.180136773702629e-06,4.216828504276078e-06,4.215590275198699e-06,4.177525321575094e-06,4.104398207329182e-06,3.998525507544529e-06,3.862656933056133e-06,3.699856659081234e-06,3.513393720075731e-06,3.306648525861727e-06,3.083040232592254e-06,2.8459772715919233e-06,2.5988311339227477e-06,2.344931731527148e-06,2.087581331421435e-06,1.8300829541419981e-06,1.5757774999332874e-06,1.328079646754772e-06,1.0904897796353565e-06,8.665200657683988e-07,6.593535263209179e-07,4.706924275760705e-07,2.9715078368194095e-07,1.1919853734577384e-07,2.4589615612017327e-08,-6.845113452410208e-08,-1.5583528386038718e-07,-2.3599949033602588e-07,-3.082572886164489e-07,-3.722640964100841e-07,-4.2784434890206817e-07,-4.7493452669570774e-07,-5.13561984967517e-07,-5.438340580776004e-07,-5.659297218478072e-07,-5.800918046551607e-07,-5.866194831504581e-07,-5.858612622671833e-07,-5.782087054525999e-07,-5.640911372278809e-07,-5.439714762345652e-07,-5.183432971558852e-07,-4.877291662414163e-07,-4.5268024046628886e-07,-4.1377704972119485e-07,-3.716312634285317e-07,-3.268879988112306e-07,-2.802276361934795e-07,-2.3236451204726818e-07,-1.8403528874030667e-07,-1.359562664601533e-07,-8.868824205816812e-08,-4.2224594935267475e-08,5.254207351187212e-09,9.279667650749017e-09,-5.2440541937821706e-08,-1.1280563076382259e-07,-1.740826801875347e-07,-2.36245146990215e-07,-2.9855890415851464e-07,-3.601039512825936e-07,-4.1994310371580935e-07,-4.771731114954418e-07,-5.309366537135704e-07,-5.804216931496067e-07,-6.248573523945762e-07,-6.635096054336624e-07,-6.956780313479643e-07,-7.206941265826174e-07,-7.379213780149834e-07,-7.467571735960298e-07,-7.466365666338296e-07,-7.370378712182724e-07,-7.174900286441996e-07,-6.875816362018333e-07,-6.469714686538073e-07,-5.954002725139781e-07,-5.32703673460619e-07,-4.588265406459793e-07,-3.7384114006958473e-07,-2.7797807079139606e-07,-1.7169999396542995e-07,-5.591287374756792e-08,6.739323873325235e-08,1.9318233122435896e-07,4.190362465754403e-07,6.392263406143671e-07,8.761657974121643e-07,1.1327307587640374e-06,1.4054345187492762e-06,1.6888185015478615e-06,1.976932284126003e-06,2.26384927954334e-06,2.5438662972445375e-06,2.811604140032184e-06,3.0620817305229233e-06,3.2907863516096677e-06,3.493744352974565e-06,3.667589462256465e-06,3.8096229539049845e-06,3.917859218623813e-06,3.9910509910645596e-06,4.028690241155527e-06,4.0309831529981655e-06,3.99880030142201e-06,3.933605673897397e-06,3.837370207290875e-06,3.712476757189295e-06,3.5616237824026397e-06,3.3877345527675005e-06,3.19387754608816e-06,2.983202139794018e-06,2.7588919937400845e-06,2.524136894968794e-06,2.2821224422177015e-06,2.03603580711279e-06,1.7890847243082175e-06,1.5445251708265102e-06,1.3056889741838962e-06,1.0759902121735128e-06,8.588519053695213e-07,6.573812893162096e-07,4.73278526343335e-07,3.0342110436443855e-07,1.2939921090815458e-07,3.4498891860820756e-08,-5.8733594968448004e-08,-1.4629987935733307e-07,-2.266376179447713e-07,-2.990458325839378e-07,-3.6317115854655543e-07,-4.188390371549919e-07,-4.65995356963414e-07,-5.046824678087776e-07,-5.350254404850422e-07,-5.572213213645679e-07,-5.715294876527571e-07,-5.782628139182644e-07,-5.777797718588018e-07,-5.704776386255822e-07,-5.567869518394126e-07,-5.371673020328289e-07,-5.121045149632096e-07,-4.821092462059729e-07,-4.4771697976584695e-07,-4.0948937484277417e-07,-3.680168074253698e-07,-3.239217255070458e-07,-2.778618556737407e-07,-2.3053071198356936e-07,-1.8264830737776103e-07,-1.3492152572056917e-07,-8.791328358650603e-08,-4.163773443767611e-08,5.670657691276897e-09,9.953970594410147e-09,-5.1487670921018646e-08,-1.1154540161194713e-07,-1.7240090884776512e-07,-2.3399691428315354e-07,-2.955991287740132e-07,-3.563058895153392e-07,-4.1520949634187647e-07,-4.714421869366939e-07,-5.241843184031735e-07,-5.726608773387037e-07,-6.161352638424568e-07,-6.539034706054935e-07,-6.852897554292167e-07,-7.096441835152269e-07,-7.263421560332541e-07,-7.347859545007414e-07,-7.344083103558386e-07,-7.246780117813414e-07,-7.051075630116813e-07,-6.752629016373878e-07,-6.347751519253191e-07,-5.833543636704543e-07,-5.208052419419271e-07,-4.47045314426719e-07,-3.62127776438793e-07,-2.662773918696147e-07,-1.5996744046596736e-07,-4.4126473803475406e-08,7.925059158209451e-08,2.052478672868323e-07,4.220852479886592e-07,6.339194701802899e-07,8.607803743466824e-07,1.1051362611397354e-06,1.363738575844019e-06,1.6315727279259631e-06,1.9031921501568071e-06,2.1731848018562953e-06,2.4363543099741474e-06,2.687810514385033e-06,2.923034306077566e-06,3.137937072921176e-06,3.328919034095653e-06,3.492924599597394e-06,3.6274905388061003e-06,3.7307821849298098e-06,3.8016134367539468e-06,3.839447604661765e-06,3.8443779090041795e-06,3.817088391303011e-06,3.7587978568792123e-06,3.6711909797058255e-06,3.556341686197542e-06,3.4166343098087634e-06,3.2546877895347713e-06,3.0732874762101164e-06,2.875328071272782e-06,2.6637700331747063e-06,2.4416106079062627e-06,2.211869578477791e-06,1.9775888925383986e-06,1.7418443424819352e-06,1.5077658333603196e-06,1.2785586935440648e-06,1.057506685783941e-06,8.47902058980898e-07,6.527413802754689e-07,4.7370309205020365e-07,3.0794352216747563e-07,1.382746396937948e-07,4.3157352979319886e-08,-5.018592654122363e-08,-1.378360027077732e-07,-2.1822532256181696e-07,-2.9063738789109974e-07,-3.5471314055673743e-07,-4.102847958774499e-07,-4.5731481898784706e-07,-4.958681266402908e-07,-5.260947988073264e-07,-5.482164754701308e-07,-5.625146003209224e-07,-5.693201393276172e-07,-5.690047696130024e-07,-5.619735853307561e-07,-5.486593469142294e-07,-5.29518278291503e-07,-5.050274078799937e-07,-4.7568345021618806e-07,-4.420032258475686e-07,-4.0452560045883527e-07,-3.6381485611706293e-07,-3.2046520582671245e-07,-2.751056028651664e-07,-2.284024276251385e-07,-1.8105311505790078e-07,-1.337504506106542e-07,-8.705731140990923e-08,-4.101095115328522e-08,6.089998222718173e-09,1.0617437798062585e-08,-5.046538122613098e-08,-1.1013352229633696e-07,-1.7046205930428312e-07,-2.3135939742355436e-07,-2.9209572630592944e-07,-3.517961328287703e-07,-4.0959220644066107e-07,-4.646615196064313e-07,-5.16231242672399e-07,-5.635714286803811e-07,-6.059865531773037e-07,-6.428081553831503e-07,-6.73389459044402e-07,-6.971021807300591e-07,-7.133355254833675e-07,-7.214973346202827e-07,-7.21017381556588e-07,-7.113528650607661e-07,-6.919962032584912e-07,-6.624852724382546e-07,-6.224162556438589e-07,-5.714592788883644e-07,-5.093770898858763e-07,-4.3604744439908125e-07,-3.5149149586359604e-07,-2.5591612525202857e-07,-1.4979637705253792e-07,-3.408105821943778e-08,8.922097007327166e-08,2.1528560070822838e-07,4.233145446134231e-07,6.269428426815461e-07,8.438806413058944e-07,1.0761957922103968e-06,1.3208782861913688e-06,1.5733601418630258e-06,1.8287014503396567e-06,2.0820036675119785e-06,2.3285692805061335e-06,2.5639810499622257e-06,2.7841581802084462e-06,2.9854072093475377e-06,3.1644713992863798e-06,3.31857721316374e-06,3.4454745857899437e-06,3.5434672952385457e-06,3.611430185635553e-06,3.6488109785479184e-06,3.6556157319121446e-06,3.632378458810857e-06,3.5801168060979602e-06,3.50027684168393e-06,3.394670783156305e-06,3.2654118564146873e-06,3.1148504057094164e-06,2.9455149497633316e-06,2.7600611974548315e-06,2.5612312226139258e-06,2.3518241631492974e-06,2.1346790299417907e-06,1.912669484758361e-06,1.6887096134288276e-06,1.4657682256057688e-06,1.2468853976728401e-06,1.035173926339809e-06,8.33755353336374e-07,6.454807872092949e-07,4.7198603046003787e-07,3.1071887012787227e-07,1.4580877553144675e-07,5.057878616881251e-08,-4.2766822997651795e-08,-1.303683249701151e-07,-2.1064615379650456e-07,-2.8286971009858246e-07,-3.4668056681180995e-07,-4.01926525499451e-07,-4.4859622264510457e-07,-4.867863995395732e-07,-5.166804037124618e-07,-5.385313976206755e-07,-5.526483819476966e-07,-5.593844915559251e-07,-5.591273688021283e-07,-5.522914872770822e-07,-5.393123104444815e-07,-5.206421847620488e-07,-4.96747896481572e-07,-4.68109861050791e-07,-4.352229536291984e-07,-3.9859901175499847e-07,-3.58771012770428e-07,-3.162987666388528e-07,-2.7177544423549126e-07,-2.258327339152452e-07,-1.7913796401722894e-07,-1.3236336423548323e-07,-8.606823203325455e-08,-4.031578912079113e-08,6.514416177436913e-09,1.127075289036538e-08,-4.932790969492934e-08,-1.0848422624048151e-07,-1.6813453989342943e-07,-2.2814864813551993e-07,-2.878082426790534e-07,-3.462764353558758e-07,-4.027363315956066e-07,-4.564224299842495e-07,-5.066189703623269e-07,-5.526497752339779e-07,-5.938675776958809e-07,-6.296452652310864e-07,-6.59369609918997e-07,-6.824374712484763e-07,-6.982543238244519e-07,-7.062349929860499e-07,-7.058065734082381e-07,-6.964136183281866e-07,-6.775258006069534e-07,-6.486483495581338e-07,-6.093356534080722e-07,-5.59208496274867e-07,-4.979755343613562e-07,-4.2546005030515015e-07,-3.4163456872998773e-07,-2.466711610745859e-07,-1.4103226111475778e-07,-2.568013945368638e-08,9.735269513479484e-08,2.2329024011078003e-07,4.2265764013159357e-07,6.181804253283667e-07,8.252967251171211e-07,1.0456798083543853e-06,1.2765599916451899e-06,1.5138195469443195e-06,1.7530283343373409e-06,1.9898005012103217e-06,2.2199304469310877e-06,2.4394601260118776e-06,2.6447273902392782e-06,2.832410339541485e-06,2.9995705828489573e-06,3.143694024849472e-06,3.2627263653538793e-06,3.3551002813241798e-06,3.419751680367495e-06,3.456123219982917e-06,3.464154317917957e-06,3.4442579920405304e-06,3.3972859270611104e-06,3.324484051731526e-06,3.2274415368886677e-06,3.108036447033506e-06,2.9683812965714403e-06,2.810771517788662e-06,2.6376394120796577e-06,2.451515613634966e-06,2.2549995259246833e-06,2.050739649731097e-06,1.8414242006694332e-06,1.6297817688385372e-06,1.4185904986264574e-06,1.2106908388511884e-06,1.0089867970468304e-06,8.163902403708174e-07,6.35571132651173e-07,4.6809948522405197e-07,3.117250210653928e-07,1.5199139846899467e-07,5.679585085660151e-08,-3.640509100238606e-08,-1.2377984300707572e-07,-2.0372956393079833e-07,-2.755143598363384e-07,-3.3878694135310453e-07,-3.934231946424853e-07,-4.3945024505259087e-07,-4.770076159818401e-07,-5.063209902976523e-07,-5.276821043084703e-07,-5.414326535010337e-07,-5.479513808094718e-07,-5.476438853708578e-07,-5.409348033976553e-07,-5.282620746133434e-07,-5.100730722136302e-07,-4.86822451104246e-07,-4.5897165438494874e-07,-4.2699010279760697e-07,-3.913581610831371e-07,-3.5257199722568047e-07,-3.111503452068841e-07,-2.676427272071963e-07,-2.2263724726747038e-07,-1.7676174677102821e-07,-1.30659252696497e-07,-8.488012111033258e-08,-3.9516954582418836e-08,6.944688541364783e-09,1.1912646694480047e-08,-4.80180115948961e-08,-1.0648922035553627e-07,-1.6525290952408741e-07,-2.2413534692060588e-07,-2.8243979569602675e-07,-3.393820480872231e-07,-3.942115760526123e-07,-4.4623307498405813e-07,-4.947990035552547e-07,-5.392960242004557e-07,-5.791324074257028e-07,-6.137282304703097e-07,-6.425085365715938e-07,-6.648991692422885e-07,-6.803249602500392e-07,-6.882100588762264e-07,-6.879803497305863e-07,-6.790680830029902e-07,-6.609190203019804e-07,-6.330025735351945e-07,-5.948255813014986e-07,-5.459505398647598e-07,-4.860193477461453e-07,-4.147841629291062e-07,-3.321485653542946e-07,-2.3822728404766077e-07,-1.3344886843788445e-07,-1.8776182317281248e-08,1.0372469423144895e-07,2.292621356761411e-07,4.200031268492625e-07,6.074288366315996e-07,8.047268392005893e-07,1.0131806973372494e-06,1.2302675595753118e-06,1.4523278883324935e-06,1.6754470185511512e-06,1.8957523566107437e-06,2.109524329591712e-06,2.3132518915524802e-06,2.5036742915338246e-06,2.677820906266265e-06,2.8330508396446735e-06,2.9670906237508828e-06,3.0780673879508273e-06,3.1645348509412505e-06,3.225489937881983e-06,3.260378528537579e-06,3.2690896833942444e-06,3.2519385736072885e-06,3.209639165729414e-06,3.1432684043657024e-06,3.0542241372622657e-06,2.9441793080117573e-06,2.8150350024370833e-06,2.6688748050514775e-06,2.5079226524946784e-06,2.3345060233347137e-06,2.151025938140676e-06,1.9599349016754295e-06,1.7637235938927715e-06,1.5649166827135776e-06,1.3660771423469701e-06,1.1698155427826051e-06,9.787918078575451e-07,7.956695513547211e-07,6.229000049454066e-07,4.619608756248593e-07,3.109125311777209e-07,1.5681764852833658e-07,6.186512158679492e-08,-3.099045967580715e-08,-1.1789907930262193e-07,-1.9723520679644548e-07,-2.682590915631767e-07,-3.3065033242325453e-07,-3.843296519843587e-07,-4.2937780348621626e-07,-4.6598951727365363e-07,-4.944422677281492e-07,-5.150730414282152e-07,-5.282605154557358e-07,-5.344113889246242e-07,-5.339500598503503e-07,-5.273110339779399e-07,-5.149335850241755e-07,-4.972583118249281e-07,-4.747253691334646e-07,-4.477742841960536e-07,-4.168454050342341e-07,-3.823831475247934e-07,-3.448412904370197e-07,-3.046905375433173e-07,-2.624282127022657e-07,-2.1858865869104492e-07,-1.7374884264370778e-07,-1.2851135748924626e-07,-8.340992806622163e-08,-3.8570434642499445e-08,7.380084870980815e-09,1.2539751078777988e-08,-4.6463504186659406e-08,-1.0401175314177855e-07,-1.616101637526833e-07,-2.1903609831511276e-07,-2.7562822328197923e-07,-3.306734515530752e-07,-3.8350507065427136e-07,-4.335125928521065e-07,-4.801282652597769e-07,-5.228105358556078e-07,-5.610301536147387e-07,-5.94259925347138e-07,-6.219678007752356e-07,-6.43612692337207e-07,-6.58642520924113e-07,-6.664941731184278e-07,-6.665952838161104e-07,-6.583679980883828e-07,-6.412351119697386e-07,-6.146292428820103e-07,-5.780059411312743e-07,-5.308619459555014e-07,-4.727601892762223e-07,-4.033638999870969e-07,-3.224840098901676e-07,-2.3014933705066875e-07,-1.2672498106167676e-07,-1.3153462766745229e-08,1.0845610647276395e-07,2.332065250985112e-07,4.151917856027476e-07,5.943940036222833e-07,7.817354465192389e-07,9.781144805570334e-07,1.1812692206520756e-06,1.3880129740041381e-06,1.5949561588673238e-06,1.798741656032588e-06,1.9961305888273215e-06,2.1840471774882045e-06,2.3596157825886236e-06,2.520198411111743e-06,2.6634329472027936e-06,2.787269967508118e-06,2.8900055106029495e-06,2.9703073809624927e-06,3.0272330765686053e-06,3.060238082308275e-06,3.069173986594109e-06,3.0542765917021484e-06,3.016144841119669e-06,2.9557119299941015e-06,2.874210361574486e-06,2.7731329458353635e-06,2.6541918095436403e-06,2.519277423014083e-06,2.3704194866945403e-06,2.2097513087535633e-06,2.0394790914682455e-06,1.8618573652503613e-06,1.679171663610293e-06,1.4937293211994965e-06,1.307858624268739e-06,1.1239142549971329e-06,9.442794031154203e-07,7.713310447651652e-07,6.072614116251387e-07,4.534248551191271e-07,3.0819949469769017e-07,1.602875493911597e-07,6.587452029440994e-08,-2.6360393485090113e-08,-1.124821903995411e-07,-1.9083160460994932e-07,-2.606846187877852e-07,-3.217697862002664e-07,-3.740740100262363e-07,-4.177493840259563e-07,-4.530591416508535e-07,-4.803416497154177e-07,-4.999846889800959e-07,-5.124066604270633e-07,-5.180428868559405e-07,-5.173357881281303e-07,-5.107280224025661e-07,-4.986579088830283e-07,-4.815566446961962e-07,-4.598470181728952e-07,-4.339435070842024e-07,-4.0425383284691416e-07,-3.711822157009745e-07,-3.35134723760142e-07,-2.9652717140044994e-07,-2.557958125111416e-07,-2.1341001889594933e-07,-1.698825085299589e-07,-1.2576131545310695e-07,-8.155296848858065e-08,-3.7420870472002995e-08,7.818255813211732e-09,1.3146437074742087e-08,-4.457250651391728e-08,-1.0087862032285452e-07,-1.5694765902225861e-07,-2.1250251470879084e-07,-2.669355263811192e-07,-3.196270925202459e-07,-3.7001396269131424e-07,-4.1758573545201305e-07,-4.618656593615904e-07,-5.023920719477345e-07,-5.387042113678036e-07,-5.703324075755938e-07,-5.967917685848877e-07,-6.175784528572693e-07,-6.321678383724495e-07,-6.400141770714289e-07,-6.405516124929755e-07,-6.33196732505003e-07,-6.173531339318048e-07,-5.924188009691512e-07,-5.577974590957872e-07,-5.12915496408183e-07,-4.572466486710136e-07,-3.903477168751306e-07,-3.1191095820535385e-07,-2.2184486985399515e-07,-1.2041212404926267e-07,-8.503668326099537e-09,1.1172033821144676e-07,2.3513284217014115e-07,4.0800989032074574e-07,5.78681534266094e-07,7.55743548077136e-07,9.397139106993788e-07,1.1286157718570923e-06,1.3197579745743528e-06,1.5102896326774324e-06,1.6973722525503831e-06,1.8782417452866614e-06,2.0502450208170206e-06,2.210874884101437e-06,2.357807661021234e-06,2.4889422550410985e-06,2.602437954388717e-06,2.696748304429724e-06,2.7706487953229756e-06,2.823256697350411e-06,2.854042004178616e-06,2.8628290694446883e-06,2.8497891091649004e-06,2.815424259949654e-06,2.7605443036462196e-06,2.68623747352372e-06,2.5938369377171283e-06,2.4848846184349154e-06,2.361093970562297e-06,2.2243132430971173e-06,2.076490621930813e-06,1.9196425456232094e-06,1.7558264324458326e-06,1.5871190661835708e-06,1.4156018937162843e-06,1.2433541997643424e-06,1.072453570286468e-06,9.049771643585366e-07,7.429776121993331e-07,5.883449861635494e-07,4.4227373617859266e-07,3.0346526996114575e-07,1.6240551394025306e-07,6.895408269449484e-08,-2.2281423138348368e-08,-1.0718829292409944e-07,-1.8406759101424757e-07,-2.522344773138201e-07,-3.1149570320445256e-07,-3.6193015208517555e-07,-4.0378074622601654e-07,-4.3739229080258624e-07,-4.6317164136079036e-07,-4.815607262789471e-07,-4.930179691317226e-07,-4.980055853146031e-07,-4.969810803965256e-07,-4.903917461296889e-07,-4.786712776398984e-07,-4.6223790758670485e-07,-4.414936992194714e-07,-4.168248718353065e-07,-3.886032563071188e-07,-3.571891993475639e-07,-3.2293644782860853e-07,-2.86199710997095e-07,-2.473455733395523e-07,-2.0676672821239082e-07,-1.6489658785663145e-07,-1.2221150165334264e-07,-7.917684693415703e-08,-3.5997938188656494e-08,8.255109815751071e-09,1.372464293272479e-08,-4.222704134566119e-08,-9.686965163045144e-08,-1.509422950191887e-07,-2.0410793888648028e-07,-2.5583574950488964e-07,-3.0562554358391836e-07,-3.530384129761659e-07,-3.976787783388349e-07,-4.391706141019435e-07,-4.771384583920111e-07,-5.111943844784351e-07,-5.409297655987287e-07,-5.659103904148693e-07,-5.856737434506549e-07,-5.997276177196702e-07,-6.075495737704472e-07,-6.085870897001607e-07,-6.02258573673456e-07,-5.87955754652301e-07,-5.650483511456827e-07,-5.328923696972194e-07,-4.908439578031461e-07,-4.3828157349707966e-07,-3.746407330915314e-07,-2.994687993977138e-07,-2.1251498040090697e-07,-1.1389077879160062e-07,-4.391898664916082e-09,1.1376508390817228e-07,2.3505405796551928e-07,3.981785913465846e-07,5.597808697138697e-07,7.26011710737057e-07,8.970143683255755e-07,1.0711323486853602e-06,1.2462005310608343e-06,1.4199229240241715e-06,1.5899819006457123e-06,1.7540798919033325e-06,1.9099715642276813e-06,2.0554999147549367e-06,2.1886366991846883e-06,2.307524384231867e-06,2.410516487624047e-06,2.4962136266994963e-06,2.563493233553617e-06,2.6115315396966364e-06,2.639817037160646e-06,2.6481551693771688e-06,2.6366644838920923e-06,2.6057648799717974e-06,2.5561588974094727e-06,2.4888072113337227e-06,2.4048996207539715e-06,2.305822853979905e-06,2.1931264800980912e-06,2.068488140495014e-06,1.933679234265013e-06,1.7905321470385765e-06,1.6409101428975625e-06,1.4866811659732687e-06,1.3296969922499798e-06,1.1717792436258455e-06,1.0147130212898467e-06,8.602449644289043e-07,7.100677983543882e-07,5.657241922001047e-07,4.282063362924935e-07,2.965429541240903e-07,1.631798157178489e-07,7.129121279170968e-08,-1.842321328621754e-08,-1.0154605103730176e-07,-1.7633478579477902e-07,-2.421766899435899e-07,-2.989934113887428e-07,-3.4698510501291433e-07,-3.865051775906726e-07,-4.1799108067989725e-07,-4.4192260789914624e-07,-4.5879561004085146e-07,-4.6910529317779494e-07,-4.733358216408799e-07,-4.7195412257480795e-07,-4.654064328970512e-07,-4.5411656500636574e-07,-4.3848520991229555e-07,-4.188898878164305e-07,-3.956854180915079e-07,-3.6920503035876925e-07,-3.397624914463125e-07,-3.0765588919954154e-07,-2.7317398388582706e-07,-2.3660622994888758e-07,-1.9825734186006896e-07,-1.5846542375865812e-07,-1.176152849532493e-07,-7.611346146966315e-08,-3.4211482123949285e-08,8.684682378606748e-09,1.426370213115483e-08,-3.927485832640961e-08,-9.170452061925883e-08,-1.431909295452201e-07,-1.9333202598984496e-07,-2.4170179562482725e-07,-2.8794782745060897e-07,-3.31775931668857e-07,-3.7291776378920846e-07,-4.111047248719049e-07,-4.4605089025850366e-07,-4.774430081764479e-07,-5.049351775168641e-07,-5.281463038237936e-07,-5.466589755526783e-07,-5.600188619623865e-07,-5.677341184240553e-07,-5.692746223303859e-07,-5.640711867755653e-07,-5.515152466096574e-07,-5.309599214129609e-07,-5.017238768932082e-07,-4.631001031995443e-07,-4.143727905560154e-07,-3.54847452721336e-07,-2.839037990464016e-07,-2.0109120360320353e-07,-1.063126011611736e-07,-2.1080485809970107e-10,1.1493975788189565e-07,2.3298601952026043e-07,3.853399783836416e-07,5.370443954177459e-07,6.916177345423904e-07,8.488352399869875e-07,1.007407110928027e-06,1.1657302515440648e-06,1.3220790815163102e-06,1.4746550400656567e-06,1.6216139964393657e-06,1.7610994212001987e-06,1.8912837062377274e-06,2.010414151286904e-06,2.1168596058253247e-06,2.209154429731195e-06,2.286037281117938e-06,2.3464830219030367e-06,2.3897267005555266e-06,2.4152791282099164e-06,2.4229340220530866e-06,2.4127670606661765e-06,2.385127486672703e-06,2.340623104932478e-06,2.2800996604502027e-06,2.2046156420433366e-06,2.115413553767292e-06,2.0138886417219678e-06,1.9015559834005469e-06,1.7800167731270351e-06,1.6509246105667958e-06,1.5159526632156341e-06,1.3767627651437157e-06,1.2349778404598473e-06,1.092159412867376e-06,9.497919916739562e-07,8.09274324952328e-07,6.71908580497876e-07,5.388450151905421e-07,4.1082624874558373e-07,2.872111544078848e-07,1.6262200377677143e-07,7.315151944915691e-08,-1.4323656041809997e-08,-9.490965257102254e-08,-1.6681947057516893e-07,-2.295560984975393e-07,-2.831994043688642e-07,-3.281013459452373e-07,-3.6474287428711004e-07,-3.9366051804117995e-07,-4.154060761772332e-07,-4.305237918347543e-07,-4.395376310532413e-07,-4.4294471431039503e-07,-4.412124776223973e-07,-4.347779530654981e-07,-4.240480882378728e-07,-4.0940041643880063e-07,-3.9118370093865763e-07,-3.6971844162861006e-07,-3.4529738026773025e-07,-3.18186399565596e-07,-2.8862650697066714e-07,-2.568379467499869e-07,-2.2302789744377287e-07,-1.8740357101201663e-07,-1.5019214378303994e-07,-1.1166517383236236e-07,-7.214896569811382e-08,-3.194529010564497e-08,9.099005501429829e-09,1.4750189264798473e-08,-3.5520138473220354e-08,-8.502774248670658e-08,-1.331928943985933e-07,-1.7954404194963344e-07,-2.2379209643704494e-07,-2.657609865204462e-07,-3.0531830925165533e-07,-3.423304483775938e-07,-3.766378878703655e-07,-4.0804322061293927e-07,-4.363063339748543e-07,-4.6114338304738493e-07,-4.822274459868664e-07,-4.991895137965324e-07,-5.116189751346885e-07,-5.190631273290063e-07,-5.210255399742417e-07,-5.169633680268211e-07,-5.062840089674856e-07,-4.883418786009279e-07,-4.6243660553617506e-07,-4.2781470859364997e-07,-3.8367804417330665e-07,-3.292046599183353e-07,-2.6359326795342673e-07,-1.8615693597718437e-07,-9.652732404614248e-08,4.877835453890321e-09,1.1573044097683412e-07,2.2894674467118376e-07,3.69042720654661e-07,5.09665678809953e-07,6.514335365226759e-07,7.9376140484113e-07,9.357814700322159e-07,1.0764893213414442e-06,1.2147390376635699e-06,1.3492405418439802e-06,1.4785820132161744e-06,1.6012710564654614e-06,1.7157856006009741e-06,1.8206278880650006e-06,1.914377007470441e-06,1.995736874946796e-06,2.0635776572819703e-06,2.1169694558540465e-06,2.155207691431235e-06,2.1778300916081224e-06,2.1846255247874066e-06,2.1756351766774443e-06,2.1511467452574604e-06,2.111682446969064e-06,2.05798168437315e-06,1.990979226663902e-06,1.911779705015427e-06,1.8216291361061003e-06,1.7218840784006333e-06,1.613978925196963e-06,1.4993917843204453e-06,1.3796094336708741e-06,1.2560920250905708e-06,1.130238576452772e-06,1.0033548486358652e-06,8.766258489951507e-07,7.510955378702407e-07,6.276541493096697e-07,5.070189317957411e-07,3.8963300033542855e-07,2.751874507448703e-07,1.6074623113937802e-07,7.490528859934281e-08,-9.344487930804572e-09,-8.640319042631799e-08,-1.5444271690594227e-07,-2.1313649675752376e-07,-2.627700505586158e-07,-3.0387464065872183e-07,-3.3706871255125383e-07,-3.6298577176196173e-07,-3.8224038792259325e-07,-3.9541235178743293e-07,-4.030403162279363e-07,-4.0562059957926874e-07,-4.036086424991427e-07,-3.974215442193571e-07,-3.874406855946286e-07,-3.7401384611151096e-07,-3.574565116360716e-07,-3.3805229718998913e-07,-3.160526165051217e-07,-2.916759571483185e-07,-2.651074055690877e-07,-2.364994579946476e-07,-2.0597573423092562e-07,-1.736401855552772e-07,-1.3959596792208638e-07,-1.0397950783633225e-07,-6.701233785331438e-08,-2.9050005343850147e-08,9.487990990903883e-09,1.5167816554240886e-08,-3.071618738504269e-08,-7.639535271313672e-08,-1.2033308799285903e-07,-1.619863014191828e-07,-2.0123823438727518e-07,-2.3811422638173852e-07,-2.7265283340396044e-07,-3.048537990335926e-07,-3.346607224943499e-07,-3.6195787220384076e-07,-3.8657263020130687e-07,-4.082798814747447e-07,-4.268064419805715e-07,-4.418344491019687e-07,-4.5300310076787795e-07,-4.5990841669237174e-07,-4.6210088806513247e-07,-4.5908104149866775e-07,-4.5029312812320667e-07,-4.3511742378247264e-07,-4.128620686743108e-07,-3.8275609724401314e-07,-3.439465470122987e-07,-2.955050265943788e-07,-2.3645535667905568e-07,-1.6585246014018247e-07,-8.299579960519736e-08,1.2009587407335463e-08,1.1679732418942887e-07,2.229556243902331e-07,3.48736545552226e-07,4.7666792501477007e-07,6.041101846367097e-07,7.301310757509424e-07,8.54346946250505e-07,9.76381479918311e-07,1.0956620309226246e-06,1.2113801435478552e-06,1.3225229947300158e-06,1.4279305085739904e-06,1.5263595604260328e-06,1.6165473647451935e-06,1.697269964548698e-06,1.7673935844577887e-06,1.8259177042406067e-06,1.8720094272217363e-06,1.9050291866590096e-06,1.9245481346876585e-06,1.930357750598018e-06,1.9224723258270376e-06,1.9011250528884835e-06,1.8667584732077284e-06,1.8200100263315976e-06,1.7616933898635154e-06,1.692776206704229e-06,1.6143546689263227e-06,1.52762527764472e-06,1.4338539462659668e-06,1.3343424924915509e-06,1.2303925174546398e-06,1.1232667557596102e-06,1.0141482634335403e-06,9.040983603015986e-07,7.940152022554778e-07,6.845966611098162e-07,5.763158922326311e-07,4.694274100394826e-07,3.6402484371472533e-07,2.6013073654960734e-07,1.5756845963191418e-07,7.705570027657371e-08,-2.6209480855574806e-09,-7.485459686212618e-08,-1.377880438024804e-07,-1.9133175831452266e-07,-2.3602312749659814e-07,-2.7258919091575724e-07,-3.017811001681109e-07,-3.243131879998867e-07,-3.4084169434582246e-07,-3.5195972386341566e-07,-3.581994705195691e-07,-3.600375781882167e-07,-3.579014243020575e-07,-3.5217506079018126e-07,-3.43204098096781e-07,-3.312991560933196e-07,-3.167377163124673e-07,-2.9976435206063045e-07,-2.80589435738194e-07,-2.5938657140220856e-07,-2.3628922228789572e-07,-2.1138736006123508e-07,-1.8472560201453545e-07,-1.5630566383172322e-07,-1.2609962738146033e-07,-9.408957314560413e-08,-6.036519982390306e-08,-2.533752290115157e-08,9.839352542660779e-09,1.5497442576638463e-08,-2.457003339838767e-08,-6.527215526933686e-08,-1.0386936844154662e-07,-1.3975830330754142e-07,-1.7303401956076517e-07,-2.0393756487869413e-07,-2.326704835053427e-07,-2.593498399817924e-07,-2.8400584167231394e-07,-3.065905493166095e-07,-3.269888189453363e-07,-3.4502844289117853e-07,-3.60488297726779e-07,-3.7310398163479986e-07,-3.825707258676947e-07,-3.88543490361542e-07,-3.9063418926675164e-07,-3.8840599406200477e-07,-3.813646821058232e-07,-3.689470941349173e-07,-3.505070122359356e-07,-3.252992884657172e-07,-2.92464085278527e-07,-2.5101530332006796e-07,-1.998432768178082e-07,-1.3776096789807774e-07,-6.369322570286808e-08,2.2675141111060927e-08,1.189938426427975e-07,2.1503247658604245e-07,3.2380158174801415e-07,4.3692706421348213e-07,5.48082946352991e-07,6.560335877621166e-07,7.609515624817266e-07,8.630953498466017e-07,9.624238048418034e-07,1.0585553703346579e-06,1.1508262542299536e-06,1.2383693810715528e-06,1.3201931869938533e-06,1.3952534930728164e-06,1.4625160950483484e-06,1.5210093414787712e-06,1.5698667803041534e-06,1.6083603709299532e-06,1.6359249606756445e-06,1.6521748052677903e-06,1.65691293122876e-06,1.6501341253460467e-06,1.6320223060157068e-06,1.6029429848511322e-06,1.563431460272352e-06,1.5141772916967138e-06,1.456005478234943e-06,1.389854607263613e-06,1.3167520485614646e-06,1.237786058539062e-06,1.154074446042733e-06,1.0667292695049166e-06,9.768169356079128e-07,8.853131229500183e-07,7.93052268499971e-07,7.006721566303982e-07,6.085565341259569e-07,5.167866541146279e-07,4.2514724664107745e-07,3.333315653301883e-07,2.416717758739379e-07,1.5310549797934627e-07,8.025277394565589e-08,6.981625602660172e-09,-5.8722249222531084e-08,-1.1501455666919439e-07,-1.6212494020061078e-07,-2.0087503819655641e-07,-2.321753199809156e-07,-2.5687801745738113e-07,-2.757410330897575e-07,-2.894255762711295e-07,-2.985048739916895e-07,-3.034761618098091e-07,-3.0477280912788945e-07,-3.0277513962239887e-07,-2.978193000576078e-07,-2.9020392968478146e-07,-2.8019457392124536e-07,-2.680258607528919e-07,-2.5390147484456164e-07,-2.3799196674147127e-07,-2.20430462417953e-07,-2.013064356600892e-07,-1.8065793925214272e-07,-1.584632119018611e-07,-1.3463399426708176e-07,-1.0901733765792042e-07,-8.14299882873535e-08,-5.179963912913711e-08,-2.0584384795403977e-08,1.0138613411950592e-08,1.571731301907563e-08,-1.678543413126951e-08,-5.105503787298455e-08,-8.292307525136738e-08,-1.117966893903309e-07,-1.3802779910598678e-07,-1.6204993363966654e-07,-1.8418659062247244e-07,-2.0463486725264624e-07,-2.2348213326630607e-07,-2.4072710697327966e-07,-2.562984434952704e-07,-2.700694758463345e-07,-2.8186900845367076e-07,-2.914884039300111e-07,-2.9868523787505186e-07,-3.031837101390146e-07,-3.046718583424027e-07,-3.027954582173655e-07,-2.9714833936567656e-07,-2.8725872788342363e-07,-2.725711993999374e-07,-2.524239867318802e-07,-2.2602194407466412e-07,-1.9240702158736084e-07,-1.504326196442959e-07,-9.876500500864294e-08,-3.599810812369108e-08,3.8735163860161526e-08,1.2330606434169428e-07,2.051963912408166e-07,2.936782957483765e-07,3.892686403635759e-07,4.815938951910617e-07,5.69304400591926e-07,6.532183313061675e-07,7.341529459944711e-07,8.124852991657191e-07,8.881652233181065e-07,9.608085247755876e-07,1.0297968111611997e-06,1.0943666167136037e-06,1.1536848475214865e-06,1.2069107956226123e-06,1.253245918551881e-06,1.2919728004124353e-06,1.3224846766228955e-06,1.3443067714130845e-06,1.357110541247676e-06,1.360721772811323e-06,1.3551233611465933e-06,1.3404534894853428e-06,1.3169998378849055e-06,1.2851903511013725e-06,1.2455809852122427e-06,1.1988407165597075e-06,1.145733926787458e-06,1.0871000677717055e-06,1.023830257319795e-06,9.568401632981475e-07,8.870382117830211e-07,8.152878301401893e-07,7.423621592403343e-07,6.688895346984457e-07,5.952883222846553e-07,5.216913118433947e-07,4.47868624528887e-07,3.731941995762779e-07,2.969052485796873e-07,2.195193645779355e-07,1.4737383028068356e-07,8.524585945397432e-08,2.087794860216514e-08,-3.6010776570019615e-08,-8.37472841245741e-08,-1.2298178281647842e-07,-1.5478727366715767e-07,-1.8018510873039515e-07,-2.0005492018320558e-07,-2.1513262093189336e-07,-2.260295852231792e-07,-2.3325500744374066e-07,-2.3723647319358347e-07,-2.3833727991187324e-07,-2.3687024936277757e-07,-2.3310820938688568e-07,-2.2729145062419175e-07,-2.196324464442412e-07,-2.10318036932893e-07,-1.9950916034924427e-07,-1.8733809225895186e-07,-1.7390304400212125e-07,-1.5925990578553373e-07,-1.434109459984092e-07,-1.2629054200442732e-07,-1.0774898666615973e-07,-8.75396706107633e-08,-6.533154675443503e-08,-4.0855890837339135e-08,-1.4564331032269284e-08,1.0369290653981673e-08,1.580378195099043e-08,-7.208635564533185e-09,-3.3122339062004495e-08,-5.643799817759611e-08,-7.685278749969833e-08,-9.49327782202773e-08,-1.1119164017428036e-07,-1.2598671474322482e-07,-1.3953198837875093e-07,-1.5192975866141622e-07,-1.631988736975722e-07,-1.7329669220044806e-07,-1.821351127505176e-07,-1.895916470517453e-07,-1.9551642881437094e-07,-1.9973581762185046e-07,-2.0205298775995944e-07,-2.0224562795381346e-07,-2.0006061151775966e-07,-1.9520522712483774e-07,-1.8733428557411814e-07,-1.7603214215273784e-07,-1.6078845339149098e-07,-1.409664627788114e-07,-1.1576320930782614e-07,-8.416390710129515e-08,-4.4903296034562726e-08,3.5019324818917004e-09,6.238521527442318e-08,1.3055235175741495e-07,1.9346431930401083e-07,2.582509903114946e-07,3.3263422767719534e-07,4.0263884595513955e-07,4.6750666919611345e-07,5.286002474432114e-07,5.870102663094108e-07,6.433165489108367e-07,6.976559291377983e-07,7.498385461169978e-07,7.994530415333792e-07,8.459529266517342e-07,8.887250632853205e-07,9.271430525864341e-07,9.606082772658746e-07,9.885809238779616e-07,1.0106028483298677e-06,1.0263137465130895e-06,1.0354617727381264e-06,1.0379095094223295e-06,1.0336360150623336e-06,1.0227355457516448e-06,1.005413439996798e-06,9.819795606304014e-07,9.528395864570125e-07,9.184843266815807e-07,8.794770809929035e-07,8.364388755499748e-07,7.900311577162317e-07,7.40935217731954e-07,6.898272125853743e-07,6.373471861210558e-07,5.840599222187964e-07,5.304048836294789e-07,4.766320672683106e-07,4.227213239562408e-07,3.6828774384314103e-07,3.125106620153875e-07,2.5426094986179096e-07,1.9374944140087683e-07,1.4038821425949326e-07,9.265204333462917e-08,4.073436404459693e-08,-4.122959688254432e-09,-4.096710921103042e-08,-7.080585938158494e-08,-9.477056750993092e-08,-1.1382941332706819e-07,-1.28760512815172e-07,-1.401805530244901e-07,-1.4857921911386912e-07,-1.543493921547648e-07,-1.5781129632953785e-07,-1.5923100661147938e-07,-1.588342074754426e-07,-1.5681608710348876e-07,-1.5334808842150454e-07,-1.4858203349931482e-07,-1.4265192882746855e-07,-1.3567355459042045e-07,-1.2774173879995884e-07,-1.1892501261730617e-07,-1.092571380970364e-07,-9.872481913924673e-08,-8.725084037665101e-08,-7.467235952013218e-08,-6.071652645747319e-08,-4.499042933760072e-08,-2.7060348904515757e-08,-7.15912494818452e-09,1.0513444489802167e-08,1.5733030602677573e-08,3.868905674670223e-09,-1.0703355737374097e-08,-2.3123697181598052e-08,-3.353857483242056e-08,-4.2410544156514565e-08,-5.012270211934765e-08,-5.692680536567037e-08,-6.29677204264437e-08,-6.83119591868601e-08,-7.297084267615466e-08,-7.691734829860225e-08,-8.009780550021672e-08,-8.243966910736788e-08,-8.385632404158053e-08,-8.424957623232088e-08,-8.351018891311805e-08,-8.151659822721255e-08,-7.813169513935152e-08,-7.319733888284883e-08,-6.652598691244115e-08,-5.788852117744901e-08,-4.699697972489005e-08,-3.3480558791954417e-08,-1.685319423661492e-08,3.5278260854678948e-09,2.850608423531017e-08,5.9142786394203476e-08,9.65261872749884e-08,1.4069925064271914e-07,1.7984940174238384e-07,2.1861360707582147e-07,2.657981681684704e-07,3.0881074033162527e-07,3.4802471523500947e-07,3.845624412244433e-07,4.192760480548408e-07,4.526219145951713e-07,4.847405991557854e-07,5.155484004594199e-07,5.448145668076295e-07,5.722210084308745e-07,5.974073657693698e-07,6.200046676349108e-07,6.396603051612817e-07,6.560563643013069e-07,6.689228288341925e-07,6.780467453409124e-07,6.832781498662764e-07,6.845333512972265e-07,6.81796026080561e-07,6.751164807562004e-07,6.646093655929319e-07,6.504500602864761e-07,6.328698901009124e-07,6.121502575275092e-07,5.886156811806069e-07,5.626256093398113e-07,5.34564707865578e-07,5.048310941986323e-07,4.738216815412269e-07,4.4191338313799253e-07,4.094383846018417e-07,3.7665102436340666e-07,3.4368316402808264e-07,3.1048479234118485e-07,2.7675024412819656e-07,2.4184555323786265e-07,2.048727975591144e-07,1.6535980371833867e-07,1.3216009446802404e-07,1.0243012299302903e-07,6.875129862328708e-08,4.024340096655932e-08,1.6896745845205957e-08,-2.1125911705457197e-09,-1.759383013600151e-08,-3.019225952639643e-08,-4.040064778894637e-08,-4.859238949834776e-08,-5.5052822798597386e-08,-6.000385801470967e-08,-6.362225901249941e-08,-6.605282911541244e-08,-6.741772978840057e-08,-6.782290316205592e-08,-6.736229769049542e-08,-6.612035801460438e-08,-6.417303732079024e-08,-6.158741003482429e-08,-5.841978744198806e-08,-5.4712051340765167e-08,-5.0485707172256196e-08,-4.573291724892979e-08,-4.040356472247043e-08,-3.438743903167654e-08,-2.7492244626599042e-08,-1.9424595316420877e-08,-9.829527147744138e-09,1.4084766333231455e-09,1.0552985642611125e-08,1.548523822578988e-08,1.6328779000103797e-08,1.7216208970538464e-08,1.8197806644726516e-08,1.931760173105809e-08,2.06123021516437e-08,2.21132345462528e-08,2.384804672107035e-08,2.584188982133067e-08,2.811815460732058e-08,3.0698885323374424e-08,3.36049720762018e-08,3.6856194131403694e-08,4.047116318448365e-08,4.4467198486866836e-08,4.8860153319481215e-08,5.366420313589088e-08,5.889159840971893e-08,6.455237869789309e-08,7.065403768407773e-08,7.720112098274539e-08,8.419472807736675e-08,9.163187549651792e-08,9.950465837734478e-08,1.0779911994994128e-07,1.1649370218996879e-07,1.2555711092662225e-07,1.3494541231141257e-07,1.4459832516319852e-07,1.54435468843899e-07,1.643593935334225e-07,1.7565333599175384e-07,1.868709800545636e-07,1.9791434648594091e-07,2.08695392732659e-07,2.1913806376006413e-07,2.2917426577636842e-07,2.387406281008065e-07,2.477765623687867e-07,2.5622339502560055e-07,2.6402425221245786e-07,2.7112443199570146e-07,2.7747206612898955e-07,2.830189288282295e-07,2.8772129110706217e-07,2.9154074888687244e-07,2.9444497451761143e-07,2.964083569675442e-07,2.974125075485695e-07,2.9744661685038737e-07,2.965076553765094e-07,2.94600415752852e-07,2.917373986837243e-07,2.8793854832561127e-07,2.8323084564939387e-07,2.77647770870685e-07,2.7122864837687523e-07,2.640178900612798e-07,2.5606415598749543e-07,2.474194554107012e-07,2.3813821714255515e-07,2.2827636722374442e-07,2.1789046538873687e-07,2.0703697210652343e-07,1.957717478553055e-07,1.841499286797342e-07,1.7222637680005172e-07,1.600569578340049e-07,1.477008507159016e-07,1.3522361242677653e-07,1.226962694115546e-07,1.1508512323749912e-07,1.0754548684891886e-07,1.0015253817464552e-07,9.296830012827257e-08,8.603922915760053e-08,7.939910589406037e-08,7.307190416826146e-08,6.7074042597159e-08,6.141604261292735e-08,5.6103733234119465e-08,5.113913104169312e-08,4.652109329337683e-08,4.2245814211786546e-08,3.830721319590385e-08,3.46972482978105e-08,3.1406177273344444e-08,2.842278046581503e-08,2.5734553596262532e-08,2.3327873310151438e-08,2.1188133286128623e-08,1.9299843078437548e-08,1.7646674782729585e-08,1.621143305172258e-08,1.4975910729698667e-08,1.3920574339312478e-08,1.3024001608563842e-08,1.2261975661498175e-08,1.1606177915724851e-08,1.1022695388281838e-08,1.0472840807938968e-08,1.4682589938879997e-08,1.2754471992905366e-08,1.0294074250735455e-08,8.462360534031374e-09,7.2923740442522265e-09,6.708082975305744e-09,6.637518367818838e-09,7.031123632584161e-09,7.859898867410748e-09,9.110616385742774e-09,1.0781323077561913e-08,1.2877750027077902e-08,1.5410587055111857e-08,1.8393453497476757e-08,2.1841397608725496e-08,2.5769789291661218e-08,3.01935058590967e-08,3.512634112452521e-08,4.0580593403907565e-08,4.6566808969907194e-08,5.309367542182724e-08,6.016807502534992e-08,6.77953202921162e-08,7.597959722050965e-08,8.472461206468769e-08,9.403431287146354e-08,1.0391296995130101e-07,1.1436225556125766e-07,1.2536040257074005e-07,1.367839837265307e-07,1.4753498883155192e-07,1.6022767658053014e-07,1.7264710764164687e-07,1.846127498103859e-07,1.9609035137831674e-07,2.0706120809490874e-07,2.17499596815122e-07,2.2737238557097808e-07,2.366406086589913e-07,2.4526145797509083e-07,2.531901412320654e-07,2.603815494981524e-07,2.6679172769895103e-07,2.7237915932814874e-07,2.7710587674446186e-07,2.809384062122399e-07,2.838485544673034e-07,2.8581404198352287e-07,2.8681898736926576e-07,2.8685424730503626e-07,2.8591761694614225e-07,2.840138965675695e-07,2.811548312688872e-07,2.7735893167720504e-07,2.726511847276472e-07,2.670626647589393e-07,2.606300563900876e-07,2.5339510206879363e-07,2.454039889808099e-07,2.3670669257670339e-07,2.2735629751040353e-07,2.1740832192802646e-07,2.0692007823010489e-07,1.959501116997422e-07,1.8455776199548898e-07,1.728028824261837e-07,1.6074558784431213e-07,1.4844574859720936e-07,1.3595739440919373e-07,1.2332100444590187e-07,1.1029122001076949e-07,1.0175412956360428e-07,9.264554008298438e-08,8.394369093546051e-08,7.573788629255084e-08,6.803108490024803e-08,6.080941337570647e-08,5.4059948479011226e-08,4.7772500255350695e-08,4.193893088213804e-08,3.655206783271705e-08,3.160480642787418e-08,2.7089479546633817e-08,2.2997471031979668e-08,1.9319030382369038e-08,1.6043254348712455e-08,1.3158215308940923e-08,1.0651232143041088e-08,8.509295978691685e-09,6.719681558704579e-09,5.270796168089747e-09,4.153343067376501e-09,3.3619045549581243e-09,2.8970756486264066e-09,2.768280920599888e-09,2.9973082643294228e-09,3.6220838028762227e-09,4.698156145790635e-09,6.284683510985759e-09,8.355178043252482e-09,1.0021001757063526e-08,1.3826227817325706e-08,9.589334918252281e-09,4.6765478106328816e-09,5.849132751991031e-10,-2.559590420524524e-09,-4.863630769382581e-09,-6.439919752112772e-09,-7.373751669572087e-09,-7.72236233255815e-09,-7.52032013506732e-09,-6.785142109646005e-09,-5.522046801250188e-09,-3.727726917465491e-09,-1.3932582265229568e-09,1.4936985375600226e-09,4.947258117811143e-09,8.982116479338254e-09,1.3612715280845873e-08,1.885270738899568e-08,2.4714691576862174e-08,3.121020667336798e-08,3.834999255288773e-08,4.614453350604133e-08,5.460488617936026e-08,6.374372455488163e-08,7.357625969194567e-08,8.411980495819335e-08,9.538627733142244e-08,1.0734796733718766e-07,1.1973989671378556e-07,1.3133272738659247e-07,1.4499623901655174e-07,1.5832445248771605e-07,1.7103121801105594e-07,1.8311185636478224e-07,1.9457304730927877e-07,2.0540989785771253e-07,2.156052599894698e-07,2.2513295182100864e-07,2.3396067563731008e-07,2.420525090646321e-07,2.4937099110489916e-07,2.558788657619403e-07,2.6154053102174383e-07,2.6632323392024634e-07,2.701980457902457e-07,2.731406457317153e-07,2.751319349386118e-07,2.7615850007526705e-07,2.7621294052233656e-07,2.752940719290286e-07,2.7340701694366753e-07,2.7056319305364334e-07,2.6678020696963304e-07,2.620816647950949e-07,2.5649690723269494e-07,2.500606792460448e-07,2.428127439116238e-07,2.347974507344619e-07,2.260632692501447e-07,2.1666230061174015e-07,2.0664977837216587e-07,1.960835727378012e-07,1.8502370035927032e-07,1.735318141702825e-07,1.6167052305901827e-07,1.49502074274906e-07,1.370841892566058e-07,1.244591047620186e-07,1.1159358246560818e-07,9.833025679045428e-08,8.890226162987694e-08,7.882070899070584e-08,6.916946795384772e-08,6.016355993822186e-08,5.180821274521047e-08,4.407739717936943e-08,3.6943741286683803e-08,3.038453752184422e-08,2.438153391788989e-08,1.891964001767317e-08,1.3985624376506029e-08,9.56708676198581e-09,5.651744138997671e-09,2.227010396044832e-09,-7.201592722118554e-10,-3.2031789583849534e-09,-5.235500694653653e-09,-6.8300241805259615e-09,-7.998208116848974e-09,-8.748819208791937e-09,-9.086229472668303e-09,-9.008149330277739e-09,-8.502672365827286e-09,-7.544535207131997e-09,-6.090667165511007e-09,-4.07584318060659e-09,-1.4128186133257738e-09,1.98214526050178e-09,6.015785702712581e-09,9.518923652498465e-09,1.2920897169677629e-08,6.728025318313813e-09,8.123373978598175e-11,-5.751026585782352e-09,-1.0554018506323815e-08,-1.4395237496890286e-08,-1.7379347272404344e-08,-1.9594241461248546e-08,-2.11037119443349e-08,-2.1949904441204408e-08,-2.215753170083629e-08,-2.1737966703950575e-08,-2.0692785553147487e-08,-1.9016685649776963e-08,-1.6699813513805617e-08,-1.3729570842998615e-08,-1.0091972250206387e-08,-5.7726191942185485e-09,-7.573399822282129e-10,4.967469615489753e-09,1.1414782703044654e-08,1.8597136521076337e-08,2.6527057624378262e-08,3.5217644505692246e-08,4.468310427460105e-08,5.4938652420308205e-08,6.59976992572509e-08,7.785929438666169e-08,9.045450533757895e-08,1.0346076966900961e-07,1.1575212581659027e-07,1.3013960211919184e-07,1.4406152706803227e-07,1.5732610907425246e-07,1.6990576680710168e-07,1.8180488740596068e-07,1.9302018871715088e-07,2.0353841484090368e-07,2.1333830689593398e-07,2.2239301436036603e-07,2.3067222163606774e-07,2.3814399922708158e-07,2.447763943400157e-07,2.505387764897145e-07,2.554029557095843e-07,2.593440951427765e-07,2.623414413955365e-07,2.643788952292063e-07,2.6544544296334144e-07,2.655354663047454e-07,2.6464894577525417e-07,2.627915707427084e-07,2.5997476732383467e-07,2.5621565407974133e-07,2.515369343762324e-07,2.4596673343679565e-07,2.395383873896703e-07,2.3229019093256546e-07,2.2426510950757364e-07,2.1551046104598032e-07,2.0607757084157872e-07,1.9602140002862307e-07,1.8540014044991554e-07,1.7427474670969934e-07,1.6270831086325425e-07,1.5076500785450662e-07,1.3850771463115276e-07,1.2599214561100762e-07,1.1324837504255228e-07,1.0024601310407535e-07,8.681396847850297e-08,7.666333695102133e-08,6.59543014100285e-08,5.566549253808358e-08,4.6063549876862185e-08,3.719141047933277e-08,2.903424498285155e-08,2.1567233448657108e-08,1.4766417493878248e-08,8.610838076120078e-09,3.082268964644652e-09,-1.8355794937325367e-09,-6.157855037034415e-09,-9.899179129049512e-09,-1.3074027164623861e-08,-1.569685722169786e-08,-1.778198159023524e-08,-1.934317144823719e-08,-2.039297434600914e-08,-2.0941710649321892e-08,-2.0996102056349096e-08,-2.0557476624043394e-08,-1.9619496334319038e-08,-1.8165376345654742e-08,-1.616464207678583e-08,-1.356973131877909e-08,-1.031382967473505e-08,-6.316091909494712e-09,-1.522543512307022e-09,3.902640922190388e-09,8.970462233093677e-09,1.197250871848223e-08,4.234416555171972e-09,-3.7134121750318537e-09,-1.0886648826437567e-08,-1.7058495508176896e-08,-2.2242061603898652e-08,-2.6507468372544907e-08,-2.992406564334261e-08,-3.2546603890447286e-08,-3.4413751508420816e-08,-3.554985494668282e-08,-3.5967482701333674e-08,-3.5670010973005624e-08,-3.465398540174182e-08,-3.2911156121719024e-08,-3.0430157177100496e-08,-2.719783813716144e-08,-2.3200272340332816e-08,-1.8423471677943737e-08,-1.285383910666712e-08,-6.478393235451301e-09,7.151891082710143e-10,8.73863703732292e-09,1.7603112828188272e-08,2.7318890605043025e-08,3.789386785577759e-08,4.9328501468192235e-08,6.159883836101762e-08,7.460321429914488e-08,8.800586801217925e-08,1.0079264279551944e-07,1.1569136120775004e-07,1.3001323729099555e-07,1.436766951880483e-07,1.5665149474083115e-07,1.6892431855909905e-07,1.804819149839172e-07,1.9130625565137168e-07,2.0137487281709737e-07,2.1066199546746083e-07,2.191398244335667e-07,2.2677978052136336e-07,2.335536733392703e-07,2.3943475128931066e-07,2.443986107463799e-07,2.4842395853497876e-07,2.514932333728342e-07,2.535930983460089e-07,2.547148190348396e-07,2.548545421192374e-07,2.5401348829930045e-07,2.521980718904155e-07,2.494199578763209e-07,2.4569606569507164e-07,2.4104852762706983e-07,2.3550460831624809e-07,2.2909659061471253e-07,2.2186163150011778e-07,2.1384159014805875e-07,2.0508282808396883e-07,1.9563597813429614e-07,1.8555567318477317e-07,1.7490021357580857e-07,1.6373112202727604e-07,1.5211245885847102e-07,1.401095510362787e-07,1.2778627097846565e-07,1.1519825604539738e-07,1.0237756402382007e-07,8.929387269687924e-08,7.574294168834112e-08,6.507960552079295e-08,5.395743692007855e-08,4.3244947557561404e-08,3.322049884694094e-08,2.395804879831975e-08,1.546447336025532e-08,7.726817611057875e-09,7.273623528321461e-10,-5.5519875567122266e-09,-1.112855948650978e-08,-1.6018838463915386e-08,-2.0238707861259904e-08,-2.3803715229083757e-08,-2.672923163874531e-08,-2.9030439316669663e-08,-3.0722111554038634e-08,-3.181816063968626e-08,-3.2330932845499776e-08,-3.2270230252554193e-08,-3.164204261510866e-08,-3.044698398089884e-08,-2.8678455164243586e-08,-2.632060634525497e-08,-2.3346292265590674e-08,-1.9715564529133772e-08,-1.5376555508851926e-08,-1.0275718212243234e-08,-4.402177876349876e-09,2.0703227598803593e-09,8.380444528301011e-09,1.0987095285785962e-08,2.074539597011137e-09,-6.864158275782777e-09,-1.5090936446026e-08,-2.2388728009327913e-08,-2.8727261551418862e-08,-3.4135318827198225e-08,-3.8653577733614346e-08,-4.23184738261505e-08,-4.515757941263911e-08,-4.718897011693908e-08,-4.8422047789413756e-08,-4.885891774624751e-08,-4.849592993838777e-08,-4.7325183457213354e-08,-4.5335887345452266e-08,-4.2515526637578504e-08,-3.885081763064122e-08,-3.4328458801831215e-08,-2.893570014290383e-08,-2.2660770239811104e-08,-1.5493223861360195e-08,-7.424312809263749e-09,1.5524391084573278e-09,1.1440089520273731e-08,2.2235675709728305e-08,3.3923644150534866e-08,4.6458211615322237e-08,5.971492338606788e-08,7.335621775840264e-08,8.645368217688377e-08,1.0169422300594547e-07,1.1628181360015484e-07,1.3022773393109734e-07,1.4350532527430593e-07,1.5608528745921343e-07,1.6793973036704096e-07,1.7904121104885722e-07,1.893620422769486e-07,1.988742974470584e-07,2.075501506982836e-07,2.1536241650276577e-07,2.222851848392304e-07,2.2829447405329512e-07,2.3336884655581593e-07,2.374899555228767e-07,2.406430087586687e-07,2.428171479305574e-07,2.4400574836625917e-07,2.4420664800207254e-07,2.434223152176695e-07,2.4165996515145017e-07,2.389316332723066e-07,2.3525421383058053e-07,2.3064946948114142e-07,2.2514401690643778e-07,2.1876929163694476e-07,2.1156149339197623e-07,2.0356151100573222e-07,1.9481482310344248e-07,1.8537136656916392e-07,1.7528535805717618e-07,1.6461504047780333e-07,1.534222966025795e-07,1.4177199642350074e-07,1.2973075914080457e-07,1.1736427672916365e-07,1.0473118558746928e-07,9.186738356161871e-08,7.874142128813241e-08,6.51176158098231e-08,5.4125461891663723e-08,4.274455169897447e-08,3.17587216455575e-08,2.1447646508822076e-08,1.1907313598819176e-08,3.165659946483728e-09,-4.775042616089771e-09,-1.1922488728236193e-08,-1.8288441869718795e-08,-2.3886445789552275e-08,-2.8730900347803906e-08,-3.2836688645522503e-08,-3.621900685779654e-08,-3.8893223164034175e-08,-4.087466867656194e-08,-4.2178303348953675e-08,-4.2818223106142316e-08,-4.280698991958218e-08,-4.2154780344819905e-08,-4.08683655284994e-08,-3.8949962188173004e-08,-3.639603573396129e-08,-3.319620577278624e-08,-2.933254450105217e-08,-2.47799441494246e-08,-1.9509473981540216e-08,-1.3500535788465629e-08,-6.776856872620576e-09,4.956657877998226e-10,7.753814967961698e-09,9.970407988391854e-09,1.802155434756121e-10,-9.514376850255801e-09,-1.8574911816004788e-08,-2.6799188924386657e-08,-3.4122528778077175e-08,-4.053487946209394e-08,-4.6045612889604336e-08,-5.0668564757222906e-08,-5.4415772395852294e-08,-5.729504043790806e-08,-5.930927305563683e-08,-6.045669519423318e-08,-6.07315318690928e-08,-6.012489823220764e-08,-5.8625748706957214e-08,-5.62217950075479e-08,-5.2900346332109404e-08,-4.864905713284317e-08,-4.345659370603363e-08,-3.73132554304339e-08,-3.021161545462077e-08,-2.214728778941726e-08,-1.3120005265276352e-08,-3.1353720692713304e-09,7.79185105524378e-09,1.9630692323400313e-08,3.231704878705743e-08,4.57098844782126e-08,5.947203064823618e-08,7.273457891782759e-08,8.819107116969371e-08,1.0294719717277859e-07,1.1708778843049988e-07,1.305914006377463e-07,1.4341564850008038e-07,1.555182848988567e-07,1.6686083345239014e-07,1.7740833855247018e-07,1.8712869303399557e-07,1.9599223651275341e-07,2.0397164753943279e-07,2.1104204967185736e-07,2.1718124281918012e-07,2.223699897804112e-07,2.2659231017700957e-07,2.2983575344893185e-07,2.3209163699320803e-07,2.3335524506803504e-07,2.3362598979193734e-07,2.3290753858008218e-07,2.3120791361845382e-07,2.2853956914733887e-07,2.2491945182749671e-07,2.203690485260993e-07,2.149144245840967e-07,2.0858625402451515e-07,2.0141984118522834e-07,1.9345513080765688e-07,1.8473670048389417e-07,1.7531372510933185e-07,1.6523989645239332e-07,1.5457326909021892e-07,1.4337597801207263e-07,1.3171371037000333e-07,1.196546402214455e-07,1.0726707010658683e-07,9.461351205168412e-08,8.173406815097903e-08,6.8596173863552e-08,5.493823694525594e-08,4.375957588358691e-08,3.223436076691938e-08,2.108670347666418e-08,1.0595386547566059e-08,8.725001447286881e-10,-8.036168369445094e-09,-1.6113452197485876e-08,-2.3355853974550198e-08,-2.9767155878131564e-08,-3.535542121781783e-08,-4.0131436819255895e-08,-4.4107817868825455e-08,-4.7298430071030227e-08,-4.971794822416101e-08,-5.138144530489912e-08,-5.230394821284823e-08,-5.2499924759389564e-08,-5.198268920474988e-08,-5.0763735742586256e-08,-4.885203515756316e-08,-4.625336360941642e-08,-4.296977928455049e-08,-3.89994345681947e-08,-3.433704971508094e-08,-2.8975712598225544e-08,-2.2911574228091004e-08,-1.6155132807525928e-08,-8.757748507039314e-09,-8.734664494624504e-10,7.095301915462796e-09,8.92775320508368e-09,-1.5148148067547885e-09,-1.1786349069011226e-08,-2.150790547915395e-08,-3.049314543631022e-08,-3.865052627162071e-08,-4.593595620747718e-08,-5.232878828612168e-08,-5.78192895516146e-08,-6.24019849948483e-08,-6.607212540246902e-08,-6.882390875190088e-08,-7.064974293627004e-08,-7.154014979730641e-08,-7.148406017045659e-08,-7.046933414009737e-08,-6.848339814369314e-08,-6.551393404174923e-08,-6.154958987797622e-08,-5.658071114871747e-08,-5.060011833563376e-08,-4.360398546223984e-08,-3.559291342708926e-08,-2.6573361741569866e-08,-1.655976601126184e-08,-5.5781035715576026e-09,6.327118080479279e-09,1.9077030886777175e-08,3.251834698011774e-08,4.6314344854209564e-08,5.963460336785719e-08,7.521685677182035e-08,9.007082593951264e-08,1.0433890246934053e-07,1.1800520508079266e-07,1.3101717651759787e-07,1.4331992481621405e-07,1.5486421703319064e-07,1.6560722057766828e-07,1.7551167505299412e-07,1.8454501526685984e-07,1.9267875804942953e-07,1.9988814765930347e-07,2.0615199192341764e-07,2.1145262156807901e-07,2.1577592073148096e-07,2.19111393162086e-07,2.2145224221091882e-07,2.227954526575446e-07,2.2314186908453048e-07,2.2249626967044503e-07,2.208674366247161e-07,2.1826822560308198e-07,2.147156367084004e-07,2.1023088933314078e-07,2.048395022549284e-07,1.9857137909178397e-07,1.914608974431037e-07,1.8354699773068197e-07,1.7487326479955928e-07,1.654879914692926e-07,1.5544420766877077e-07,1.4479964912422e-07,1.3361661850221413e-07,1.2196163533528956e-07,1.0990460620617353e-07,9.751671453121104e-08,8.486450712987076e-08,7.199211892356197e-08,5.886623050819135e-08,4.520486752511468e-08,3.3943571627034074e-08,2.235809866752827e-08,1.1132661600864224e-08,5.448934162136372e-10,-9.281291916448817e-09,-1.828568216494414e-08,-2.6437932669821548e-08,-3.372375201453892e-08,-4.013858364769469e-08,-4.568431074661288e-08,-5.036731109523663e-08,-5.4197187310368875e-08,-5.718586550329322e-08,-5.934690022588242e-08,-6.069488924589824e-08,-6.124493994784238e-08,-6.10121572782209e-08,-6.001114789279285e-08,-5.825556022609806e-08,-5.575770852229624e-08,-5.2528363270768546e-08,-4.8576835030288756e-08,-4.39115433936448e-08,-3.854137678310319e-08,-3.2478384626574946e-08,-2.574282834911101e-08,-1.837258732239527e-08,-1.0440751938331448e-08,-2.0888254912891176e-09,6.409280178856001e-09,7.863940661465503e-09,-3.0642735145125196e-09,-1.377713148870593e-08,-2.4023141858779886e-08,-3.363181026934454e-08,-4.2491311752552255e-08,-5.0529004935774084e-08,-5.7697235673090075e-08,-6.39637125246491e-08,-6.930520217659621e-08,-7.370349231775123e-08,-7.714288657199275e-08,-7.960874794405609e-08,-8.108676904764845e-08,-8.156274691905045e-08,-8.102270490846528e-08,-7.945325161809719e-08,-7.684210491780953e-08,-7.31787409117199e-08,-6.845515519792438e-08,-6.266674873590262e-08,-5.5813376123561016e-08,-4.790062700974057e-08,-3.894147134908532e-08,-2.8958542540337968e-08,-1.7987721523304832e-08,-6.084790238848795e-09,6.659864918649357e-09,2.00840265717181e-08,3.3851004127489785e-08,4.715297263777433e-08,6.27975743227826e-08,7.769810681835117e-08,9.204204865886016e-08,1.0581900296324928e-07,1.1896881153196671e-07,1.314260857778263e-07,1.4313197796613672e-07,1.5403610979968403e-07,1.6409589724985194e-07,1.7327544186124662e-07,1.8154456421133528e-07,1.8887808010370908e-07,1.9525529262362995e-07,2.0065964930615468e-07,2.0507851792302898e-07,2.0850304502263937e-07,2.109280718374021e-07,2.1235209073277596e-07,2.1277723176695738e-07,2.1220927343144478e-07,2.1065767464716614e-07,2.0813562696322924e-07,2.0466012692065654e-07,2.0025206887946012e-07,1.949363583584726e-07,1.8874204513714955e-07,1.8170247401366732e-07,1.7385544918216768e-07,1.6524340564174218e-07,1.5591357774532198e-07,1.459181503831264e-07,1.3531437027323754e-07,1.2416457572792436e-07,1.1253604725351914e-07,1.005003997246366e-07,8.813164426735755e-08,7.550014354088452e-08,6.265370996014217e-08,4.955866839177411e-08,3.591741434469311e-08,2.464663733518995e-08,1.3061489372496624e-08,1.8212299954736269e-09,-8.797431220153668e-09,-1.8662077636433538e-08,-2.7701256484268833e-08,-3.587360224915676e-08,-4.31552033805716e-08,-4.9533635347902516e-08,-5.500464237942113e-08,-5.9570012263409426e-08,-6.323607554212552e-08,-6.601257778378077e-08,-6.791179492360744e-08,-6.894781568366813e-08,-6.913594645280973e-08,-6.84922183191245e-08,-6.703299875633328e-08,-6.477473427277382e-08,-6.173387678186198e-08,-5.7927077154586935e-08,-5.337176698393593e-08,-4.80872999719833e-08,-4.20969000940932e-08,-3.5430780355205626e-08,-2.813095353742037e-08,-2.025836182602258e-08,-1.1902630904130017e-08,-3.1928128654380985e-09,5.699724938571969e-09,6.783280498682955e-09,-4.50845289601925e-09,-1.5560236604675093e-08,-2.622281224599841e-08,-3.634105142951757e-08,-4.5788443704305426e-08,-5.446924558965512e-08,-6.231255810944437e-08,-6.926565168020793e-08,-7.528844530763031e-08,-8.034938727482236e-08,-8.442254725009234e-08,-8.748566672577117e-08,-8.951894715188422e-08,-9.050440052590854e-08,-9.042562759190174e-08,-8.926792307594562e-08,-8.701863707329021e-08,-8.366774772398396e-08,-7.920862317324459e-08,-7.36389712589734e-08,-6.69619954284286e-08,-5.918780111372437e-08,-5.0335146117736184e-08,-4.043375401518912e-08,-2.9527765069788887e-08,-1.7681941645255253e-08,-4.99534991289248e-09,8.36341719807369e-09,2.2057131720635017e-08,3.528886577799356e-08,5.095157168768139e-08,6.586147780464672e-08,8.02414834921245e-08,9.408631424584167e-08,1.0733030218852288e-07,1.1989969001449702e-07,1.3172752573624416e-07,1.4275676104436247e-07,1.529398873317417e-07,1.6223775894381998e-07,1.7061839964149002e-07,1.7805599652685198e-07,1.8453010513461003e-07,1.900250399581577e-07,1.9452941592923554e-07,1.9803580951306925e-07,2.0054051411995642e-07,2.020433706060795e-07,2.0254765887069182e-07,2.020600407721905e-07,2.0059054784060518e-07,1.9815260968364185e-07,1.947631206838806e-07,1.9044254364488527e-07,1.8521504950019725e-07,1.7910869205329686e-07,1.7215561595072596e-07,1.6439229468256828e-07,1.5585979332735535e-07,1.4660404790232339e-07,1.3667614899359006e-07,1.261326094808776e-07,1.1503557600894036e-07,1.0345288147468475e-07,9.145763388628205e-08,7.912638903111799e-08,6.653292009162708e-08,5.372831852095973e-08,4.067897836904445e-08,2.707566207029593e-08,1.5845406163158902e-08,4.303284403868388e-09,-6.905392612434147e-09,-1.7504416329307245e-08,-2.735542026486541e-08,-3.63785027344731e-08,-4.452349101414229e-08,-5.1758383041661685e-08,-5.8063849416778576e-08,-6.34300522079901e-08,-6.785448349349679e-08,-7.13403476532506e-08,-7.389529288622908e-08,-7.553039889219938e-08,-7.625936970300218e-08,-7.609790413958622e-08,-7.506323509420346e-08,-7.317384739172528e-08,-7.04494039197415e-08,-6.691093166943792e-08,-6.258134378903649e-08,-5.748640148393392e-08,-5.165625146157504e-08,-4.512770777661269e-08,-3.794745973343564e-08,-3.017628955994339e-08,-2.189387515050954e-08,-1.3201920090892664e-08,-4.217455569912078e-09,4.9702064962076735e-09,5.689600824396609e-09,-5.876333912266245e-09,-1.7189655230874466e-08,-2.818351954455279e-08,-3.871731592604591e-08,-4.86543707624188e-08,-5.788082790322804e-08,-6.630649989033349e-08,-7.386092596208852e-08,-8.048883033356845e-08,-8.614619321592201e-08,-9.079718158068881e-08,-9.441189488076226e-08,-9.69648093689842e-08,-9.843380108617341e-08,-9.879964304338638e-08,-9.804589201087432e-08,-9.615910044426202e-08,-9.312930796879028e-08,-8.895078376723612e-08,-8.36230060191183e-08,-7.715187846552091e-08,-6.955120244052995e-08,-6.084446200378943e-08,-5.106709050192969e-08,-4.026972019077821e-08,-2.8523929698947754e-08,-1.593508841467766e-08,-2.6762908228022526e-09,1.091403819971617e-08,2.404144044624464e-08,3.9691303426797365e-08,5.4583388678812215e-08,6.896842330784609e-08,8.28456449076264e-08,9.61454490651417e-08,1.0878761676697656e-07,1.2069870099806473e-07,1.3181615882336201e-07,1.4208834088202016e-07,1.5147333451811866e-07,1.599376279025891e-07,1.6745489011288626e-07,1.740049407104786e-07,1.795729108614659e-07,1.8414857650110105e-07,1.877258393656023e-07,1.9030233284094465e-07,1.918791326774811e-07,1.9246055624872013e-07,1.920540376011044e-07,1.9067006879207142e-07,1.8832220083266605e-07,1.8502709988345247e-07,1.8080465615977938e-07,1.7567814424201734e-07,1.696744341054318e-07,1.6282425212227494e-07,1.551624904818117e-07,1.467285618410752e-07,1.3756679335654493e-07,1.2772684978954148e-07,1.1726416626776763e-07,1.0624034752683433e-07,9.472341926555636e-08,8.278759523007458e-08,7.05115329239806e-08,5.7971925008511064e-08,4.522278507854651e-08,3.223106137789204e-08,1.8679306481437658e-08,7.522618991866032e-09,-3.947181891565839e-09,-1.509078074178425e-08,-2.5631919090554418e-08,-3.54281493632903e-08,-4.4393450542077174e-08,-5.247092980749332e-08,-5.962215383255046e-08,-6.582213140181007e-08,-7.105634336980263e-08,-7.531862954789697e-08,-7.860953111855383e-08,-8.093494541601775e-08,-8.230503578468677e-08,-8.273337057970818e-08,-8.22362810477412e-08,-8.083244043040248e-08,-7.854267995811162e-08,-7.539007227057115e-08,-7.140032903993693e-08,-6.660257660683184e-08,-6.103059004358999e-08,-5.472457832314036e-08,-4.773360722245806e-08,-4.011867507202804e-08,-3.195617228383102e-08,-2.334051774151023e-08,-1.4381862127326765e-08,-5.185921705813619e-09,4.223902508660253e-09,4.5862719399172965e-09,-7.188138818989913e-09,-1.8704074542952103e-08,-2.99614220364561e-08,-4.083293217290009e-08,-5.1175252735419853e-08,-6.086074979221219e-08,-6.978377451239147e-08,-7.785909016758436e-08,-8.501832941230341e-08,-9.120639749259266e-08,-9.637840099668235e-08,-1.0049722984249772e-07,-1.0353177145342341e-07,-1.0545569231818467e-07,-1.0624671511365595e-07,-1.0588632565409904e-07,-1.0435985460681025e-07,-1.0165689062414605e-07,-9.77719924107674e-08,-9.270567634050256e-08,-8.646566413886901e-08,-7.906838637121277e-08,-7.054076789366608e-08,-6.092242077234532e-08,-5.026869087180559e-08,-3.8656012091832827e-08,-2.6194138489001528e-08,-1.3059376775850537e-08,4.079282315656963e-10,1.340984973173613e-08,2.9024849444881373e-08,4.38787670450127e-08,5.8244013005753454e-08,7.212351417214107e-08,8.544483255923337e-08,9.812291177415077e-08,1.1007938623711798e-07,1.2124754672706846e-07,1.3157264333425933e-07,1.410107714550665e-07,1.495274361831781e-07,1.5709616306373584e-07,1.6369727229793248e-07,1.6931684438789238e-07,1.7394587254698476e-07,1.7757958528408943e-07,1.802169190036302e-07,1.818601206378896e-07,1.8251446231292954e-07,1.8218805289552582e-07,1.8089173444198655e-07,1.7863905474321847e-07,1.7544631011913215e-07,1.713326552050021e-07,1.6632027856587383e-07,1.6043464445301723e-07,1.5370480175399046e-07,1.4616376104306293e-07,1.378489394151546e-07,1.2880267008949304e-07,1.1907276849670997e-07,1.0871313522643238e-07,9.778434769223369e-08,8.635411189561119e-08,7.449720649081875e-08,6.229382894315454e-08,4.9823064788841006e-08,3.7141566403352983e-08,2.4217405627618146e-08,1.0727985151125294e-08,-3.342635304089013e-10,-1.1712318014846945e-08,-2.2767211782744204e-08,-3.322199635420773e-08,-4.293142747655129e-08,-5.180523383221211e-08,-5.97816810090923e-08,-6.681757004218241e-08,-7.288363910399694e-08,-7.796181201840814e-08,-8.204316738719488e-08,-8.512628252093952e-08,-8.721585160041819e-08,-8.832155198678478e-08,-8.845715500780237e-08,-8.763988617009277e-08,-8.589004651053074e-08,-8.323091489167518e-08,-7.968896070050516e-08,-7.529440677286039e-08,-7.00821918747923e-08,-6.409338771134119e-08,-5.73771196743968e-08,-4.99930019047605e-08,-4.201396280116983e-08,-3.352892255763645e-08,-2.464354657885605e-08,-1.547361297794601e-08,-6.114461644436482e-09,3.4636163025828063e-09,3.476230533373973e-09,-8.457519789683946e-09,-2.013045211726983e-08,-3.159657732617192e-08,-4.27406227460034e-08,-5.3415147164831416e-08,-6.34823923580462e-08,-7.282478785229343e-08,-8.134531634710093e-08,-8.896486907091724e-08,-9.561901791244491e-08,-1.0125502711424174e-07,-1.0582936492508194e-07,-1.093057729002056e-07,-1.1165387675629204e-07,-1.1284829750936567e-07,-1.1286821593847161e-07,-1.1169734584967931e-07,-1.0932427701736337e-07,-1.05743154221458e-07,-1.0095466287744259e-07,-9.496729437532955e-08,-8.779886937290993e-08,-7.947832040277548e-08,-7.004782641436592e-08,-5.956570703119913e-08,-4.811150084058e-08,-3.579782584180046e-08,-2.280337661856492e-08,-9.471180758257956e-09,3.3932582942205277e-09,1.8957058407362236e-08,3.3756870708437956e-08,4.8081576713683515e-08,6.193679494825648e-08,7.524798199085366e-08,8.79266108274454e-08,9.989089968917778e-08,1.1107137977041707e-07,1.2141141567206262e-07,1.3086610653954902e-07,1.3940075652633672e-07,1.4698933755996803e-07,1.536130956963492e-07,1.592593500278776e-07,1.6392049154370741e-07,1.6759317142121754e-07,1.7027766071532819e-07,1.7197736114430185e-07,1.7269844731301955e-07,1.7244962301838214e-07,1.712419774816507e-07,1.690889309451671e-07,1.660062627092365e-07,1.6201221811713624e-07,1.571276940213184e-07,1.5137650469687901e-07,1.4478573181200008e-07,1.3738616267693898e-07,1.2921282022301275e-07,1.2030558537195996e-07,1.1070990615389756e-07,1.004775740375409e-07,8.966751446468864e-08,7.834644957150552e-08,6.658903800489509e-08,5.447635140321245e-08,4.208931514266282e-08,2.9487004751589178e-08,1.6639281343806965e-08,3.221304726443246e-09,-7.734175825027841e-09,-1.9008130766150584e-08,-2.9957988126333024e-08,-4.030541338840916e-08,-4.990318776673218e-08,-5.865825733305704e-08,-6.650570421293093e-08,-7.339917932907464e-08,-7.930661268184246e-08,-8.420763701737455e-08,-8.809163155366473e-08,-9.095607788910502e-08,-9.280515971819079e-08,-9.364860478980534e-08,-9.350078298273681e-08,-9.238007714899741e-08,-9.030854514666568e-08,-8.73118950097988e-08,-8.341980024073975e-08,-7.866658732599377e-08,-7.309233037667913e-08,-6.674438389275506e-08,-5.96793640957e-08,-5.196552605090999e-08,-4.368530522120847e-08,-3.4937287936597496e-08,-2.583542249637641e-08,-1.6499001394267064e-08,-7.014102242453731e-09,2.6917956561411593e-09,2.3620006100228702e-09,-9.69322223184126e-09,-2.1486760256718013e-08,-3.311634068408937e-08,-4.4477125433268e-08,-5.5419472048743986e-08,-6.579855190566733e-08,-7.54880872669713e-08,-8.438220799515581e-08,-9.239352919100593e-08,-9.945025183275982e-08,-1.054932816833084e-07,-1.1047372178821131e-07,-1.1435085491647235e-07,-1.1709063798709425e-07,-1.1866469234173068e-07,-1.1904975928608716e-07,-1.1822758654006255e-07,-1.1618521189958385e-07,-1.129156119749013e-07,-1.0841868418554838e-07,-1.0270252879509559e-07,-9.57849982211288e-08,-8.769549850718888e-08,-7.847711375352638e-08,-6.818943813120105e-08,-5.691353134613415e-08,-4.476365195151638e-08,-3.192039120904531e-08,-1.8730245888274573e-08,-6.009142729792813e-09,9.490341284487045e-09,2.4222581517426404e-08,3.8488213472482084e-08,5.229440634590471e-08,6.55649784955184e-08,7.82091166599647e-08,9.014307014946675e-08,1.0129607383854471e-07,1.1161095330230309e-07,1.2104297652343057e-07,1.2955820760752944e-07,1.3713182392117618e-07,1.437465713870172e-07,1.493914207673423e-07,1.5406043967476547e-07,1.5775187274827352e-07,1.604674121319243e-07,1.622116365083946e-07,1.6299159681775165e-07,1.6281652894012478e-07,1.6169767709667639e-07,1.5964821589082644e-07,1.5668326333269805e-07,1.528199815485849e-07,1.4807776592039201e-07,1.424785268964442e-07,1.3604707140166135e-07,1.2881159230867665e-07,1.2080427429762193e-07,1.1206202173578029e-07,1.02627307073418e-07,9.254912206760331e-08,8.188397626336679e-08,7.069679088628392e-08,5.9061272215716835e-08,4.7058586518475476e-08,3.477089760691374e-08,2.225952549041815e-08,9.496888267614746e-09,-3.8411353816007375e-09,-1.4683246993276682e-08,-2.5845567278431905e-08,-3.6679133937713654e-08,-4.690349793909272e-08,-5.6369955850883046e-08,-6.49838342068094e-08,-7.267850803420044e-08,-7.940603594676902e-08,-8.513303717373145e-08,-8.983821023909216e-08,-9.351041181035904e-08,-9.614701056754552e-08,-9.775246895922902e-08,-9.833716774923806e-08,-9.791649874845946e-08,-9.651024958395683e-08,-9.41423024083245e-08,-9.084066856576212e-08,-8.663788278884818e-08,-8.157178161013693e-08,-7.568668831772815e-08,-6.903501565879054e-08,-6.167926619302579e-08,-5.3694330029797154e-08,-4.516977145538344e-08,-3.621122944146723e-08,-2.6938443537486687e-08,-1.7472665685878205e-08,-7.891945454901234e-09,1.9105492932728995e-09,1.2457096785984593e-09,-1.09002670993394e-08,-2.278396414182884e-08,-3.453786956292096e-08,-4.606593732766778e-08,-5.7217713076196895e-08,-6.784389234191204e-08,-7.781242059551497e-08,-8.701140158564469e-08,-9.534768052295017e-08,-1.0274418223535636e-07,-1.0913711764122507e-07,-1.1447347544082695e-07,-1.1870895317370983e-07,-1.218063749264602e-07,-1.2373459701194386e-07,-1.2446788331016488e-07,-1.2398572456411525e-07,-1.222730739194871e-07,-1.193209703786097e-07,-1.151275200819165e-07,-1.0969920162054521e-07,-1.0305245918439068e-07,-9.521556156270062e-08,-8.62307877476259e-08,-7.615731428596191e-08,-6.507622583600327e-08,-5.3102369709056974e-08,-4.041794122765437e-08,-2.737371014970728e-08,-1.479812243369071e-08,6.251769120187618e-10,1.527723255520455e-08,2.9465826504266604e-08,4.319841611624098e-08,5.639750593448267e-08,6.897110103890924e-08,8.083493160232067e-08,9.191847132828803e-08,1.0216546975161538e-07,1.1153266524937796e-07,1.1998797995188555e-07,1.2750868109981578e-07,1.340796954733219e-07,1.3969214498247285e-07,1.443421192797099e-07,1.4802967647418048e-07,1.507580514079942e-07,1.525330465482273e-07,1.5336258045244988e-07,1.532563712958913e-07,1.5222573704436637e-07,1.5028349881945835e-07,1.4744397932235928e-07,1.4372309357100864e-07,1.3913853433842335e-07,1.3371005936494023e-07,1.2745989131184268e-07,1.204132441314673e-07,1.1259899037582995e-07,1.0405048182835548e-07,9.480652849632325e-08,8.491252333880083e-08,7.442165893023768e-08,6.339608029501651e-08,5.190754552328925e-08,4.003639184630666e-08,2.7865326239054128e-08,1.545772364760573e-08,2.7894315369320373e-09,-1.0459722828121327e-08,-2.1185321669118716e-08,-3.223139822441197e-08,-4.2940523137280626e-08,-5.302938405683992e-08,-6.234807920683318e-08,-7.080129207643844e-08,-7.832205774525961e-08,-8.486237019923914e-08,-9.038906411248531e-08,-9.488132373149333e-08,-9.832873557872746e-08,-1.0072960950671318e-07,-1.0208953107693344e-07,-1.024201676640782e-07,-1.0173835823877743e-07,-1.0006551270043704e-07,-9.742734256285578e-08,-9.385394300583397e-08,-8.938024591055357e-08,-8.404686229001157e-08,-7.790132709101913e-08,-7.099974382933077e-08,-6.340878866874541e-08,-5.520794294699839e-08,-4.6491595589510225e-08,-3.737004554201041e-08,-2.7966695873081057e-08,-1.840360159592792e-08,-8.752095900708247e-09,1.1216597833469523e-09,1.2909959239771314e-10,-1.2080741279417921e-08,-2.4027361596075693e-08,-3.586985507233967e-08,-4.751926112020993e-08,-5.882539934888574e-08,-6.963679043421239e-08,-7.981833768870499e-08,-8.925486106145989e-08,-9.784995099391886e-08,-1.0552342541129498e-07,-1.1220857772290498e-07,-1.1784966497204073e-07,-1.2239980763555733e-07,-1.258193596995543e-07,-1.2807475884449601e-07,-1.2913784550373306e-07,-1.289856314585101e-07,-1.2760049634073658e-07,-1.2497078971030766e-07,-1.2109181454627142e-07,-1.1596716402499816e-07,-1.0961038040578426e-07,-1.0204691790732792e-07,-9.331647302970258e-08,-8.347606152125066e-08,-7.260528019099006e-08,-6.081854270873391e-08,-4.829941841853938e-08,-3.5403772537140237e-08,-2.297439874492548e-08,-7.639616737553563e-09,6.919047258036141e-09,2.1011662964198685e-08,3.464460655585979e-08,4.7739369668764206e-08,6.020391891417703e-08,7.195499905075376e-08,8.292396867776912e-08,9.305708444962225e-08,1.023139719606307e-07,1.1066561053257236e-07,1.1809232409275272e-07,1.245819640774574e-07,1.3012834787340987e-07,1.347299624906028e-07,1.3838891807411136e-07,1.4111012464967146e-07,1.4290066187938815e-07,1.4376931245435214e-07,1.4372623329258072e-07,1.4278274381816168e-07,1.4095121656750664e-07,1.3824506172295748e-07,1.34678803626443e-07,1.302682536358308e-07,1.2503078964266918e-07,1.189857578750618e-07,1.1215501679997645e-07,1.0456364527219653e-07,9.624083622887051e-08,8.722099067584137e-08,7.754500893160385e-08,6.726173332103463e-08,5.6429390907138584e-08,4.5116606284751784e-08,3.340177300211061e-08,2.1367287532419064e-08,9.078316979658491e-09,-3.484884218782188e-09,-1.6634815531871317e-08,-2.724224706043589e-08,-3.8168708094682536e-08,-4.874650483689642e-08,-5.868869586124823e-08,-6.784438992472199e-08,-7.61185477681532e-08,-8.34452165796215e-08,-8.977787414228013e-08,-9.508513959260554e-08,-9.934815339246526e-08,-1.0255853106701752e-07,-1.0471661260483405e-07,-1.0582996902879672e-07,-1.0591218630593242e-07,-1.0498195347758674e-07,-1.030624772804185e-07,-1.0018124119020709e-07,-9.63701248816554e-08,-9.166589952704227e-08,-8.611111279984626e-08,-7.975537130577974e-08,-7.265701130461477e-08,-6.48851082299899e-08,-5.652167985334908e-08,-4.7663698454197594e-08,-3.842388316054789e-08,-2.892740630192249e-08,-1.9296213450410982e-08,-9.596282580902674e-09,3.2659227735641274e-10,-9.864681166043406e-10,-1.3234276127885584e-08,-2.5217403217716355e-08,-3.7113601694865886e-08,-4.883924767736054e-08,-6.024539909573813e-08,-7.118058207985522e-08,-8.150930733013475e-08,-9.111581367896567e-08,-9.99029547158682e-08,-1.0778964757077734e-07,-1.1470810707041938e-07,-1.206013193150865e-07,-1.2542092361293735e-07,-1.2912555863857785e-07,-1.3167968176759384e-07,-1.3305285177368994e-07,-1.332194592551445e-07,-1.321588890555247e-07,-1.2985610037040945e-07,-1.2630261050496034e-07,-1.2149786633318818e-07,-1.154509863696344e-07,-1.0818287105511498e-07,-9.972876183446496e-08,-9.014164794983721e-08,-7.949798938114636e-08,-6.791061767899537e-08,-5.556416662662661e-08,-4.2820441373217064e-08,-3.053862915914641e-08,-1.530681277382513e-08,-8.567616065596251e-10,1.311841072256881e-08,2.6622535435317618e-08,3.957649284851705e-08,5.188952272053816e-08,6.348109726048361e-08,7.428626800820893e-08,8.425551374496328e-08,9.335286177966405e-08,1.0155361277698084e-07,1.088421510569794e-07,1.1521001131185553e-07,1.2065424968845604e-07,1.2517611479517637e-07,1.287799913124816e-07,1.3147258004389345e-07,1.3326227683780112e-07,1.3415871560895113e-07,1.3417244586396425e-07,1.333147216378175e-07,1.3159738588885473e-07,1.2903284185078008e-07,1.2563411035505816e-07,1.21414979615918e-07,1.1639026125809661e-07,1.1057617324649026e-07,1.0399087641101287e-07,9.665519567547474e-08,8.85935584856835e-08,7.983517855157339e-08,7.041549700573438e-08,6.037785114596408e-08,4.977523465273939e-08,3.8671732317720124e-08,2.7142429156087655e-08,1.5268317610292096e-08,3.1159428343372027e-09,-9.328954585485295e-09,-2.236672808855053e-08,-3.2853956906066965e-08,-4.365703762915142e-08,-5.409607114710934e-08,-6.387970398275733e-08,-7.28563151240338e-08,-8.093214620297855e-08,-8.804370040124482e-08,-9.414757183055983e-08,-9.921579977127753e-08,-1.0323299605437095e-07,-1.0619412615334764e-07,-1.0810264954406525e-07,-1.0896896669448003e-07,-1.0880918013679112e-07,-1.0764418536950787e-07,-1.0549910444923092e-07,-1.024030725461973e-07,-9.83893875251289e-08,-9.349603374627138e-08,-8.776659143750578e-08,-8.125153859226125e-08,-7.400993721939003e-08,-6.611145678236913e-08,-5.763859176841848e-08,-4.8688685105662313e-08,-3.937470194830748e-08,-2.982178548914809e-08,-2.0150957655702848e-08,-1.0424235372527234e-08,-4.735011115167325e-10,-2.1000123536307513e-09,-1.4358270036744584e-08,-2.6350078311045096e-08,-3.8263547770020396e-08,-5.001861470753072e-08,-6.146859014274333e-08,-7.246423606341282e-08,-8.287235121365793e-08,-9.257931054678474e-08,-1.0148975539178846e-07,-1.0952391595959775e-07,-1.1661478335117927e-07,-1.2270556215822084e-07,-1.2774755027565845e-07,-1.3169848527692083e-07,-1.3452135631663805e-07,-1.3618366766613949e-07,-1.3665713928160596e-07,-1.3591783424888464e-07,-1.33946708651356e-07,-1.3073058395344859e-07,-1.262635445604201e-07,-1.2054876689228973e-07,-1.1360080614390587e-07,-1.0544845524360253e-07,-9.613861504874761e-08,-8.574269620041274e-08,-7.437050507554978e-08,-6.220719438964896e-08,-4.962137469101526e-08,-3.749140381183464e-08,-2.2380897956802214e-08,-8.058221126905462e-09,5.773860320991776e-09,1.911509113275308e-08,3.1886378631815004e-08,4.399985613167356e-08,5.537971635613896e-08,6.596672565248156e-08,7.57174402095834e-08,8.46018779397096e-08,9.260094718607926e-08,9.970408117008228e-08,1.0590721735109426e-07,1.1121114210774095e-07,1.1562017400483815e-07,1.1914114117116196e-07,1.2178260395562889e-07,1.2355427631758843e-07,1.2446660509599432e-07,1.245304736912512e-07,1.2375700484624407e-07,1.221574456048796e-07,1.1974312601566576e-07,1.1652549160376232e-07,1.1251621818093285e-07,1.0772742613822703e-07,1.0217201992302664e-07,9.586418659548598e-08,8.882009449629629e-08,8.1058837745454e-08,7.260367174369157e-08,6.348357302244243e-08,5.373511905702285e-08,4.340458118574299e-08,3.254984662548662e-08,2.1241010150587554e-08,9.556229403985068e-09,-2.437235275543779e-09,-1.4746987808369017e-08,-2.7655721286865396e-08,-3.801836213129242e-08,-4.8692191429287304e-08,-5.8982577300196914e-08,-6.859295665923358e-08,-7.737142691022613e-08,-8.522674618242795e-08,-9.209952205609242e-08,-9.795124698949417e-08,-1.0275910561706812e-07,-1.0651273220302188e-07,-1.0921175631444597e-07,-1.1086380850236023e-07,-1.1148290471808296e-07,-1.1108819303265253e-07,-1.0970305909162655e-07,-1.0735458806834297e-07,-1.0407338213654532e-07,-9.989373585709682e-08,-9.485417652338366e-08,-8.899838034624625e-08,-8.237647505972168e-08,-7.504672910535902e-08,-6.70775937762064e-08,-5.854997353203771e-08,-4.95593554506811e-08,-4.021674974587118e-08,-3.064543103053455e-08,-2.096464331442832e-08,-1.1233859003182959e-08,-1.2777812813933246e-09,-3.2109378532282587e-09,-1.544788444504016e-08,-2.7416913325828755e-08,-3.930728097589939e-08,-5.1040694054521164e-08,-6.247394923674468e-08,-7.34624878628075e-08,-8.387821611310449e-08,-9.361242358679116e-08,-1.0257406909732545e-07,-1.1068688523000179e-07,-1.178864629685992e-07,-1.2411769395138836e-07,-1.2933267492001272e-07,-1.3348908442627491e-07,-1.3654901271427764e-07,-1.3847822203264308e-07,-1.392458214792393e-07,-1.3882435146697808e-07,-1.3719028473764663e-07,-1.34324961652035e-07,-1.3021598690735028e-07,-1.2485912644868982e-07,-1.1826077266746185e-07,-1.1044114575683598e-07,-1.0143873771995286e-07,-9.131760789518894e-08,-8.01826190401577e-08,-6.821848193285116e-08,-5.580148516305237e-08,-4.383324108559551e-08,-2.886840322998411e-08,-1.4697182165483455e-08,-1.0399024233934085e-09,1.2097503052858203e-08,2.4636999379183653e-08,3.6495692427474856e-08,4.7604866631288526e-08,5.791327871346177e-08,6.738555036990736e-08,7.599931408425799e-08,8.37423376674516e-08,9.061001353230979e-08,9.660330059128868e-08,1.0172709920137368e-07,1.0598900254688136e-07,1.0939835852757111e-07,1.1196557852557251e-07,1.1370163677441199e-07,1.1461771345137366e-07,1.1472494459514106e-07,1.1403425185043524e-07,1.1255623459597681e-07,1.1030111628855911e-07,1.072787460147802e-07,1.0349866556260452e-07,9.8970262019444e-08,9.370303609138326e-08,8.770702689848972e-08,8.099344441550223e-08,7.357556978712602e-08,6.546998882922486e-08,5.66982192414488e-08,4.7288762911469296e-08,3.727952260431052e-08,2.6720258768961765e-08,1.5674010669687705e-08,4.2142220017155306e-09,-7.59216442174602e-09,-1.9744861539963398e-08,-3.250199466695866e-08,-4.273103430036916e-08,-5.326568706498871e-08,-6.339298292866254e-08,-7.28103495884384e-08,-8.136639489045116e-08,-8.89740183916148e-08,-9.557989550997511e-08,-1.0115240425629994e-07,-1.0567569923050206e-07,-1.0914600217551401e-07,-1.1156887386155142e-07,-1.1295708215539926e-07,-1.1332893981317519e-07,-1.1270706021102566e-07,-1.1111750033243117e-07,-1.0858926852964204e-07,-1.0515418169931658e-07,-1.0084706515614896e-07,-9.570629822381316e-08,-8.977471774904458e-08,-8.310089757110905e-08,-7.574081898942754e-08,-6.775992260277239e-08,-5.923545119768181e-08,-5.0258758989628306e-08,-4.093658737305001e-08,-3.138833058304341e-08,-2.1730425099424376e-08,-1.2021226802913765e-08,-2.0857263594733117e-09,-4.319045587020951e-09,-1.6495817403388836e-08,-2.8404591740216326e-08,-4.0225064145515686e-08,-5.187893022950617e-08,-6.322808949026137e-08,-7.413546754008546e-08,-8.44811206645081e-08,-9.416411560188851e-08,-1.0310024197053087e-07,-1.112188528187344e-07,-1.1845987534984617e-07,-1.247712816332748e-07,-1.3010706279537585e-07,-1.3442567672902906e-07,-1.3768892605327504e-07,-1.398612312730514e-07,-1.4090928023996964e-07,-1.408020539175704e-07,-1.3951124777485916e-07,-1.3701212676792279e-07,-1.3328487024188743e-07,-1.2831648571747905e-07,-1.2210341431676508e-07,-1.1465507023453926e-07,-1.0599892345329054e-07,-9.618888027102283e-08,-8.532227818151482e-08,-7.358180059702975e-08,-6.135225946778883e-08,-4.956458594944722e-08,-3.4778484858879654e-08,-2.0790326118426705e-08,-7.347853944707165e-09,5.535727329875727e-09,1.778504483022367e-08,2.9324868395995934e-08,4.0096404577302935e-08,5.0058941318680724e-08,5.9187248653836894e-08,6.746816627094525e-08,7.489746090548398e-08,8.147723856693568e-08,8.721392673371591e-08,9.211675528408846e-08,9.619664378621032e-08,9.946540527194808e-08,1.0193518758315893e-07,1.036180869005457e-07,1.0452588166339853e-07,1.0466984778507569e-07,1.0406062753073748e-07,1.0270813481620192e-07,1.0062148931668987e-07,9.780898116300967e-08,9.42780776507078e-08,9.003549380524523e-08,8.50873602186545e-08,7.943953448153898e-08,7.309811657643183e-08,6.607024292028092e-08,5.836524617435583e-08,4.999627322841904e-08,4.098243844149208e-08,3.1351516500831126e-08,2.114294464827162e-08,1.0410203368265895e-08,-7.804237940550612e-10,-1.23638616639824e-08,-2.4330672713859657e-08,-3.690568211651441e-08,-4.698464216406398e-08,-5.736378176405491e-08,-6.73065380810711e-08,-7.650355753409972e-08,-8.480527347953898e-08,-9.21309030781094e-08,-9.84355644873412e-08,-1.036967450429705e-07,-1.0790747659286301e-07,-1.1107210138802251e-07,-1.1320327167728629e-07,-1.1431971114382893e-07,-1.1444454857702542e-07,-1.1360412578433289e-07,-1.1182721528256397e-07,-1.0914460097609513e-07,-1.0558898978517453e-07,-1.0119523743357957e-07,-9.600088755576608e-08,-9.004703897254747e-08,-8.337956939584611e-08,-7.60507505029979e-08,-6.81212775655749e-08,-5.966267339822779e-08,-5.0759814321721026e-08,-4.1512678334207595e-08,-3.203447528897863e-08,-2.2437494073735306e-08,-1.2780396709313227e-08,-2.897139972565957e-09,-5.424547814331978e-09,-1.749183555386412e-08,-2.9294170081472627e-08,-4.0988852438919096e-08,-5.2495827790258245e-08,-6.368426479512435e-08,-7.442786045100979e-08,-8.46181302261967e-08,-9.416484550495492e-08,-1.0299306828391727e-07,-1.1103974881112389e-07,-1.1825072909025884e-07,-1.245783177540224e-07,-1.299794024437937e-07,-1.3441402258132057e-07,-1.3784433187917293e-07,-1.4023390167036556e-07,-1.4154734230410014e-07,-1.4175024712439693e-07,-1.4080949091245958e-07,-1.3869394207872476e-07,-1.3537567678076474e-07,-1.3083181947324532e-07,-1.250471976751732e-07,-1.180181485288337e-07,-1.0975823068409994e-07,-1.0030782387085144e-07,-8.975331574959168e-08,-7.827291356698072e-08,-6.626070894819294e-08,-5.4685811224546337e-08,-4.012382932633744e-08,-2.6360709262594028e-08,-1.3184070617382306e-08,-6.159130568572086e-10,1.1273435781434892e-08,2.2419856325438266e-08,3.2777808724366214e-08,4.2319879628250493e-08,5.103307916689647e-08,5.8914910767522275e-08,6.597006227577479e-08,7.220785729896133e-08,7.764038813042976e-08,8.228119856119657e-08,8.614438573904965e-08,8.924400763440652e-08,9.159370378486013e-08,9.320645725864746e-08,9.409444363374175e-08,9.426892785046504e-08,9.374018235090697e-08,9.251741049126121e-08,9.060866856042193e-08,8.802078867437545e-08,8.475931411212291e-08,8.082846917736648e-08,7.623119808328758e-08,7.096932225823795e-08,6.504388310674303e-08,5.845575733455656e-08,5.120665304908417e-08,4.3300612987895076e-08,3.4746155262246316e-08,2.555913969807162e-08,1.5766263993290783e-08,5.408486672119552e-09,-5.458193709541724e-09,-1.6772808692417438e-08,-2.8515551737824537e-08,-4.086685055102314e-08,-5.076807312079681e-08,-6.096596924075395e-08,-7.069279061778991e-08,-7.963171031826707e-08,-8.763702855303504e-08,-9.463716162536447e-08,-1.0059852005444705e-07,-1.055101489292594e-07,-1.0937588859586771e-07,-1.1220962169312846e-07,-1.1403205870249436e-07,-1.1486846826019814e-07,-1.1474708204038095e-07,-1.1369802123513852e-07,-1.1175264186829313e-07,-1.0894322556637606e-07,-1.0530296611055532e-07,-1.00866224716474e-07,-9.566904962197819e-08,-8.974997813039374e-08,-8.315116085466752e-08,-7.591986562493223e-08,-6.811042293973165e-08,-5.978663622596136e-08,-5.1024506953456294e-08,-4.191454002127449e-08,-3.256106698278448e-08,-2.307044518663065e-08,-1.3503033615927997e-08,-3.71216327824825e-09,-6.528087205308413e-09,-1.8422026417166462e-08,-3.005983852457968e-08,-4.156076000491604e-08,-5.2841333658415194e-08,-6.378086275366446e-08,-7.426765476592816e-08,-8.420823733998658e-08,-9.352599978366505e-08,-1.0215754537787369e-07,-1.1004915679529082e-07,-1.1715392373732479e-07,-1.2342953938343295e-07,-1.288366442803832e-07,-1.3333759191322725e-07,-1.3689553879275942e-07,-1.3947379717286013e-07,-1.410354239809887e-07,-1.4154305435351682e-07,-1.4095902299411592e-07,-1.39245852712813e-07,-1.3636722965274072e-07,-1.3228963663462586e-07,-1.2698490314236378e-07,-1.2043412109163938e-07,-1.1263386755633626e-07,-1.0360705054371423e-07,-9.34246993310514e-08,-8.225697799545963e-08,-7.050783508852943e-08,-5.919722195550255e-08,-4.4921988748905265e-08,-3.144000810896864e-08,-1.859462475816669e-08,-6.4179889385468214e-09,5.027995272650582e-09,1.5694621355017555e-08,2.555340347358242e-08,3.459310374229352e-08,4.281492053172879e-08,5.022818787481754e-08,5.684708355431897e-08,6.268829136749866e-08,6.776942899753905e-08,7.210804634356044e-08,7.572102739076807e-08,7.862426301647997e-08,8.083249391511754e-08,8.235924961773257e-08,8.32168310104444e-08,8.34163003485609e-08,8.296745545144042e-08,8.187877463662897e-08,8.015732713023266e-08,7.78086513009571e-08,7.483661116777437e-08,7.124325134441002e-08,6.702868295177504e-08,6.219104910082408e-08,5.672663915633114e-08,5.063024661398997e-08,4.3895895723771854e-08,3.651809486874705e-08,2.849380299605438e-08,1.9825295332638304e-08,1.0524009393451072e-08,6.15000458339346e-10,-9.859897237135326e-09,-2.0846931737010318e-08,-3.2314838409478567e-08,-4.438550176396234e-08,-5.406514212472849e-08,-6.404279651046741e-08,-7.350874891987893e-08,-8.213816324328966e-08,-8.979219034599255e-08,-9.641215321535306e-08,-1.0197908054273321e-07,-1.0649616932062936e-07,-1.099799060480399e-07,-1.124548932671119e-07,-1.1395055298487812e-07,-1.1449895477302179e-07,-1.1413340395360011e-07,-1.1288757720364238e-07,-1.1079506342139492e-07,-1.0788921037601567e-07,-1.0420321089966135e-07,-9.977039232962331e-08,-9.462470172993304e-08,-8.88014081705508e-08,-8.233807254420356e-08,-7.527586420006568e-08,-6.766132624497157e-08,-5.954868469188297e-08,-5.100268224672132e-08,-4.2101444640673636e-08,-3.293728490566394e-08,-2.360827947055535e-08,-1.4177807088956366e-08,-4.531290295916633e-09,-7.630759093979574e-09,-1.926772678589846e-08,-3.066716921487237e-08,-4.189093704958515e-08,-5.2850655095186215e-08,-6.343943265748983e-08,-7.356456111842338e-08,-8.315125928427646e-08,-9.213927547615002e-08,-1.004786948026046e-07,-1.0812649278230103e-07,-1.1504398889356142e-07,-1.2119502274423446e-07,-1.265446443523206e-07,-1.3105815070078778e-07,-1.3470035100106727e-07,-1.3743498979609953e-07,-1.3922429928625362e-07,-1.4002869207692508e-07,-1.39806645631117e-07,-1.385148730704611e-07,-1.3610892584660574e-07,-1.3254444188316815e-07,-1.277793663901094e-07,-1.21777713486272e-07,-1.1451603479631722e-07,-1.0599536720102044e-07,-9.626593586534256e-08,-8.548493938894425e-08,-7.406647172408585e-08,-6.309906301980248e-08,-4.9197282784780265e-08,-3.607166952447169e-08,-2.3641550809713215e-08,-1.1950296732829048e-08,-1.046824091690074e-09,9.040736657797216e-09,1.8305067202081576e-08,2.6753859890311114e-08,3.440406611794062e-08,4.1277516641219e-08,4.73979267441596e-08,5.278899842115463e-08,5.7473316122357664e-08,6.147178426657684e-08,6.480341309553504e-08,6.748531068813727e-08,6.953278043393326e-08,7.095945510359835e-08,7.17774220639247e-08,7.199731076053481e-08,7.16283250862183e-08,7.067821125330142e-08,6.915315779311052e-08,6.705762963879994e-08,6.439414416644628e-08,6.11630048798106e-08,5.7362019493704255e-08,5.2986245004847613e-08,4.8027824482154495e-08,4.247601019929614e-08,3.6317506425081145e-08,2.953731295892086e-08,2.212030567210597e-08,1.405384306243321e-08,5.3316923644779575e-09,-4.040644237782268e-09,-1.4040122771752136e-08,-2.4624347249173427e-08,-3.5749739679970745e-08,-4.746157754631774e-08,-5.685277136733563e-08,-6.655282428334458e-08,-7.569501130812678e-08,-8.394620052529802e-08,-9.117852031205314e-08,-9.735077929533593e-08,-1.0246232778479472e-07,-1.0653308022231868e-07,-1.095937178073835e-07,-1.1168031729347036e-07,-1.1283119344221202e-07,-1.1308501291028182e-07,-1.1247971457836026e-07,-1.110519658997128e-07,-1.0883697789145287e-07,-1.0586855776381805e-07,-1.021793204661028e-07,-9.780101640299377e-08,-9.276496572693789e-08,-8.710262243545075e-08,-8.084632621389865e-08,-7.403033810740783e-08,-6.669229650402971e-08,-5.887526032930186e-08,-5.0630471587649765e-08,-4.2020670740588636e-08,-3.312258047216939e-08,-2.4022995000639422e-08,-1.4789528708007564e-08,-5.355385767894986e-09,-8.734135215609759e-09,-2.000411565331172e-08,-3.1070844733450485e-08,-4.191487503133534e-08,-5.244157140616338e-08,-6.256234786792144e-08,-7.22082366304399e-08,-8.132670686600743e-08,-8.987617923431186e-08,-9.782161464992664e-08,-1.0513150029190554e-07,-1.1177589846768985e-07,-1.1772519157160079e-07,-1.2294924502052545e-07,-1.274167952601745e-07,-1.310949373091582e-07,-1.3394863970273548e-07,-1.3594025905254915e-07,-1.3702906663772558e-07,-1.3717084042866898e-07,-1.3631762282008027e-07,-1.3441780326965175e-07,-1.3141676774922406e-07,-1.2725849609241065e-07,-1.218887844721278e-07,-1.1526150542354828e-07,-1.0735125983582333e-07,-9.81810810635028e-08,-8.788875263422604e-08,-7.689839731231892e-08,-6.639152998528499e-08,-5.298340008815099e-08,-4.0315165000891354e-08,-2.8408082471668763e-08,-1.7317408468210445e-08,-7.073221063816162e-09,2.322778926394558e-09,1.088852191531173e-08,1.8652873063865177e-08,2.5649368094374024e-08,3.19122247696989e-08,3.747402740559958e-08,4.2364544821672056e-08,4.66102805684126e-08,5.0234467934078604e-08,5.325730859090435e-08,5.5696318837261966e-08,5.75666952663053e-08,5.888164544215343e-08,5.965265181731443e-08,5.988965147256656e-08,5.960112289099275e-08,5.879407583913797e-08,5.7473943279799885e-08,5.56443764056707e-08,5.3306946669641006e-08,5.046076342227204e-08,4.710202399605919e-08,4.322352667664541e-08,3.881419822093026e-08,3.385871896686787e-08,2.83373728227266e-08,2.2226309497142595e-08,1.549848668820284e-08,8.125669290942816e-09,8.200861025012698e-11,-8.650149688733551e-09,-1.8071763937598506e-08,-2.8157044752396758e-08,-3.884958350873192e-08,-5.0094968140297656e-08,-5.9098548833011376e-08,-6.843858851510925e-08,-7.71707076235683e-08,-8.495353923820822e-08,-9.167560340270561e-08,-9.731856283734024e-08,-1.0190392552333658e-07,-1.0547055294730216e-07,-1.0806428025883575e-07,-1.0973273028241579e-07,-1.1052261838764101e-07,-1.1047839852180334e-07,-1.0964169379851528e-07,-1.0805119627864609e-07,-1.057428352031289e-07,-1.0275008164580135e-07,-9.910430654388112e-08,-9.483514794768876e-08,-8.997087717123882e-08,-8.453878657248398e-08,-7.856565803854996e-08,-7.20784148423259e-08,-6.510511403906807e-08,-5.76765037742491e-08,-4.9828433718486126e-08,-4.160535340466548e-08,-3.3064514981890296e-08,-2.427776063717112e-08,-1.5318019631272498e-08,-6.185704204815124e-09,-9.840285953216439e-09,-2.059860239692527e-08,-3.121203951320103e-08,-4.155031329577743e-08,-5.1511405048829667e-08,-6.103026952835595e-08,-7.00664962385169e-08,-7.859282634426476e-08,-8.658785483944971e-08,-9.403197162425388e-08,-1.0090525584355575e-07,-1.071864356621287e-07,-1.1285239792556399e-07,-1.1787794114028716e-07,-1.222355825862567e-07,-1.2589530550499027e-07,-1.288241847233678e-07,-1.309858685470458e-07,-1.3233992857376004e-07,-1.328411242683397e-07,-1.3243867295841957e-07,-1.310756767752007e-07,-1.286889497702674e-07,-1.2520964747182685e-07,-1.2056544120204653e-07,-1.146858677666129e-07,-1.0751490640347387e-07,-9.90413592618099e-08,-8.937551077174695e-08,-7.895081367574498e-08,-6.907478295652023e-08,-5.632671391083142e-08,-4.4251410205747925e-08,-3.300525216376659e-08,-2.2655512019214487e-08,-1.3206338138338383e-08,-4.626899791066393e-09,3.1293938232932006e-09,1.011369267416314e-08,1.637572150936376e-08,2.1960861400559627e-08,2.690897543159056e-08,3.1254233176374416e-08,3.502548501135829e-08,3.82469016151135e-08,4.0938699020484294e-08,4.311784097807787e-08,4.47986583274988e-08,4.5993355631183976e-08,4.671239338744925e-08,4.6964743637681586e-08,4.6758020779018624e-08,4.609849005768213e-08,4.499095516883883e-08,4.3438524812793443e-08,4.1442257025166177e-08,3.900068075645976e-08,3.610919799022567e-08,3.275937866165166e-08,2.8938177500576683e-08,2.4627130233393948e-08,1.9801630754388453e-08,1.4430456619028444e-08,8.47580769804805e-09,1.8942787333278544e-09,-5.360520673920817e-09,-1.3332388628109339e-08,-2.2051687560651704e-08,-3.1515548871205114e-08,-4.165467329884074e-08,-5.2285523959017445e-08,-6.075774150076156e-08,-6.962162389341524e-08,-7.782725216065477e-08,-8.502558032010178e-08,-9.112830639733301e-08,-9.614585373068318e-08,-1.0012539264273188e-07,-1.0312611275836837e-07,-1.052089190217022e-07,-1.0643202135290314e-07,-1.068491282475381e-07,-1.0650891227858525e-07,-1.0545513676679783e-07,-1.0372711115505669e-07,-1.0136027380345274e-07,-9.83867771211069e-08,-9.483600047211752e-08,-9.073495259160075e-08,-8.610855420217552e-08,-8.097981919471335e-08,-7.536998494008043e-08,-6.929868499849425e-08,-6.278431841916998e-08,-5.5844863774421955e-08,-4.8499549343735733e-08,-4.0772069209268524e-08,-3.269628129118952e-08,-2.432481211506909e-08,-1.5736813550231657e-08,-7.0239076877060076e-09,-1.0951795575293118e-08,-2.1009572470726474e-08,-3.101608995668283e-08,-4.069420396651859e-08,-4.9933917479875934e-08,-5.869960730908944e-08,-6.698373174326212e-08,-7.478608562336996e-08,-8.210552944812293e-08,-8.893721247240309e-08,-9.52719359313543e-08,-1.0109632595184243e-07,-1.063932641263122e-07,-1.1114230425212446e-07,-1.153199296403198e-07,-1.188995736957596e-07,-1.218513674335719e-07,-1.2414160341964256e-07,-1.257319250606852e-07,-1.2657827138481928e-07,-1.2662963903355704e-07,-1.2582677539719223e-07,-1.2410100576990655e-07,-1.2137356029370301e-07,-1.1755612680853132e-07,-1.1255431795929001e-07,-1.062787297698852e-07,-9.867680271260269e-08,-8.9821294199576e-08,-8.015298227053563e-08,-7.114896257399982e-08,-5.928986778821656e-08,-4.798894733789578e-08,-3.757969140587012e-08,-2.814053881314826e-08,-1.9641517345535748e-08,-1.2013819326143556e-08,-5.180595228498866e-09,9.30574765266032e-10,6.383326280176655e-09,1.1231488950593716e-08,1.5519514424424245e-08,1.9283544827067113e-08,2.25527106004278e-08,2.535043178127387e-08,2.7695602302960075e-08,2.9603601695845173e-08,3.108711700522715e-08,3.2156778469100806e-08,3.282162172962237e-08,3.3089391496413553e-08,3.2966699667357334e-08,3.2459046805690633e-08,3.157071077461995e-08,3.030450097670322e-08,2.8661371662505645e-08,2.6639883869391786e-08,2.4235503792972922e-08,2.1439727496270596e-08,1.8239030521452913e-08,1.4613660210434597e-08,1.0536324041643826e-08,5.9708871382228115e-09,8.712904102507089e-10,-4.8189229156591596e-09,-1.11656971176891e-08,-1.82403284734545e-08,-2.6107383449089778e-08,-3.479417997413197e-08,-4.421933140088623e-08,-5.40330701744722e-08,-6.177041596866001e-08,-6.999721615244456e-08,-7.752124042620791e-08,-8.39874143611908e-08,-8.933901335698205e-08,-9.362117448984213e-08,-9.690901544007536e-08,-9.928168490535076e-08,-1.0081334941476755e-07,-1.0157037098501145e-07,-1.0161086728461647e-07,-1.009852742753363e-07,-9.973731530179186e-08,-9.790507542398459e-08,-9.552201423072107e-08,-9.261782389073406e-08,-8.921908252498606e-08,-8.534967897152627e-08,-8.103100234166982e-08,-7.628190547546729e-08,-7.111847224985985e-08,-6.555365186315137e-08,-5.959687853471582e-08,-5.325389641621469e-08,-4.6527232606575525e-08,-3.941837440607122e-08,-3.193428014106929e-08,-2.410358333410327e-08,-1.6012147625935145e-08,-7.872077938376643e-09,-1.2071759942315792e-08,-2.1187238826064904e-08,-3.03920229604999e-08,-3.9220411349278494e-08,-4.7556257660139665e-08,-5.5400078469489867e-08,-6.277987055675284e-08,-6.972155475869164e-08,-7.624204859521256e-08,-8.234892793004357e-08,-8.804171732123245e-08,-9.331344888625088e-08,-9.81520509786411e-08,-1.0254140739076561e-07,-1.0646202817880085e-07,-1.0989131722676845e-07,-1.1280343924881264e-07,-1.1516879274296222e-07,-1.1695309374880884e-07,-1.1811607544766089e-07,-1.1860981854603134e-07,-1.1837675736849661e-07,-1.1734747344745416e-07,-1.1543853005144539e-07,-1.1255092741588095e-07,-1.085707034287358e-07,-1.0337620799756945e-07,-9.686772069852689e-08,-8.906722428955528e-08,-8.041585056515855e-08,-7.261420613589129e-08,-6.19537660762709e-08,-5.1669431955391364e-08,-4.232227265994736e-08,-3.3997704820366334e-08,-2.662244543466618e-08,-2.008689303041291e-08,-1.4286537913050522e-08,-9.132290154183904e-09,-4.5515325617751574e-09,-4.865261296382204e-10,3.1079078912583603e-09,6.266765731593584e-09,9.017033631531941e-09,1.1379550749156507e-08,1.3370538640980752e-08,1.5002814564482462e-08,1.6286723927952953e-08,1.7230831857584297e-08,1.7842410919844747e-08,1.812775566823436e-08,1.8092346524544044e-08,1.7740877119857756e-08,1.7077150680924207e-08,1.610384266564384e-08,1.4822118580346331e-08,1.3231087849914112e-08,1.1327067141464213e-08,9.102620618400344e-09,6.545342143246524e-09,3.6363488713931077e-09,3.4847260674816424e-10,-3.3558263516753402e-09,-7.52672210933139e-09,-1.2229207614731838e-08,-1.7544552781989564e-08,-2.356915271720695e-08,-3.040425572379216e-08,-3.811557054339293e-08,-4.6613438509647696e-08,-5.533742305426042e-08,-6.206101894917014e-08,-6.943093381239096e-08,-7.606715058076738e-08,-8.161435031555477e-08,-8.605840560404871e-08,-8.948393318951002e-08,-9.199297251616631e-08,-9.368095368364597e-08,-9.463085403890783e-08,-9.491278036543109e-08,-9.45852881483363e-08,-9.36971960318133e-08,-9.228942234282982e-08,-9.039663715642372e-08,-8.80486396353488e-08,-8.527142544730402e-08,-8.20879336385531e-08,-7.85184703054003e-08,-7.458080628398497e-08,-7.028994433549716e-08,-6.565755397074911e-08,-6.069108592840795e-08,-5.539261365132821e-08,-4.975752979142706e-08,-4.377344956802116e-08,-3.7420406937778496e-08,-3.067630134875854e-08,-2.3540339455696218e-08,-1.6103649081532335e-08,-8.732714122909127e-09,-1.3203746049453369e-08,-2.108115544753002e-08,-2.92365927331731e-08,-3.697797748340068e-08,-4.4195186267989504e-08,-5.09327482645637e-08,-5.7250762467671214e-08,-6.319517658380683e-08,-6.87954348437689e-08,-7.406717489182286e-08,-7.901548489881139e-08,-8.363770059887992e-08,-8.792556240987594e-08,-9.186674063558332e-08,-9.5445785353625e-08,-9.864456126347823e-08,-1.0144221389097266e-07,-1.0381469184904834e-07,-1.0573382574715372e-07,-1.0716594182271302e-07,-1.0806997199396036e-07,-1.0839501915574406e-07,-1.0807736166714227e-07,-1.0703696663530251e-07,-1.0517382822641327e-07,-1.0236517425399297e-07,-9.846733623827868e-08,-9.333574641401562e-08,-8.692275088304667e-08,-7.964283401390223e-08,-7.347065921465234e-08,-6.44125306336996e-08,-5.5469607874057504e-08,-4.747814308269693e-08,-4.0513338294553526e-08,-3.4449145479026245e-08,-2.9142083640537376e-08,-2.447051512980121e-08,-2.0338549441107425e-08,-1.6672823317051112e-08,-1.3418156914860128e-08,-1.0533514139565418e-08,-7.988585980499121e-09,-5.761030391662684e-09,-3.83430835389304e-09,-2.1960261506313674e-09,-8.366909616176846e-10,2.512037937238881e-10,1.0738327627028551e-09,1.6364874549009428e-09,1.943859865134468e-09,2.0001888569086645e-09,1.8092860085954941e-09,1.3744472347984437e-09,6.982466787993371e-10,-2.1780063544025887e-10,-1.3737315741067304e-09,-2.771819018465112e-09,-4.417496201628781e-09,-6.320583723433064e-09,-8.49689438253394e-09,-1.0970299114372443e-08,-1.377533380976943e-08,-1.6960397315572377e-08,-2.0591497121671315e-08,-2.4756214057779782e-08,-2.9566444514474393e-08,-3.515404838780371e-08,-4.163182434853113e-08,-4.891752121297047e-08,-5.619840532159291e-08,-6.154719494713607e-08,-6.776107713686327e-08,-7.322961587440257e-08,-7.7619649022908e-08,-8.097513881026998e-08,-8.341798046821749e-08,-8.506849294343519e-08,-8.602934727074926e-08,-8.638422537266865e-08,-8.62002315952481e-08,-8.553097934354749e-08,-8.441950933627392e-08,-8.29007863202729e-08,-8.100372126998643e-08,-7.87527356017744e-08,-7.61689040010245e-08,-7.327070976769325e-08,-7.007443255577155e-08,-6.659416960364925e-08,-6.284147128098934e-08,-5.8824553503170227e-08,-5.454703761913786e-08,-5.000617054336366e-08,-4.5190516247361045e-08,-4.007725949494333e-08,-3.462993657082501e-08,-2.880018447745996e-08,-2.255145478972061e-08,-1.5970390623401246e-08,-9.608699688264711e-09,-1.4351670367018483e-08,-2.0665172560276804e-08,-2.7442449161807214e-08,-3.378397239512644e-08,-3.963324596703358e-08,-4.507123819640572e-08,-5.0172803569384655e-08,-5.4990447215844236e-08,-5.955657659425073e-08,-6.388850547281022e-08,-6.799284536667553e-08,-7.186886519578957e-08,-7.551089600308962e-08,-7.890994896635879e-08,-8.205470033916827e-08,-8.493196018680038e-08,-8.75267008404527e-08,-8.982168101249845e-08,-9.17966631714718e-08,-9.34271845662181e-08,-9.468280610907701e-08,-9.552473032379641e-08,-9.590265761506062e-08,-9.575076362083957e-08,-9.498279788307077e-08,-9.348680195474388e-08,-9.112165082739812e-08,-8.772599774518117e-08,-8.317907964430353e-08,-7.77726580899022e-08,-7.371847302225236e-08,-6.674731592328804e-08,-5.9600411474185395e-08,-5.336511354731635e-08,-4.804570677678508e-08,-4.348029267953764e-08,-3.951882318072115e-08,-3.604447582374197e-08,-3.2970857316684604e-08,-3.023546539002039e-08,-2.7793689991946842e-08,-2.5613991690288247e-08,-2.3674208343118496e-08,-2.1958794041250163e-08,-2.0456788304067283e-08,-1.9160341487935937e-08,-1.806365707673869e-08,-1.716224341125545e-08,-1.645239660300285e-08,-1.5930854371664748e-08,-1.5594582881765018e-08,-1.5440668467302458e-08,-1.5466299306067825e-08,-1.566883124921092e-08,-1.6045941186970646e-08,-1.659588072317232e-08,-1.731785354797728e-08,-1.8212552692163192e-08,-1.928290981842749e-08,-2.0535128812192764e-08,-2.198010081068889e-08,-2.3635327140326702e-08,-2.5527507704422365e-08,-2.769597592714896e-08,-3.0197150153097814e-08,-3.3110016028744713e-08,-3.65419692022607e-08,-4.0630709558086773e-08,-4.552259602065683e-08,-5.1198521752364036e-08,-5.6615854692295104e-08,-6.017518321876747e-08,-6.480926304933296e-08,-6.870816003656885e-08,-7.16404258980628e-08,-7.370979979911337e-08,-7.505180458726693e-08,-7.578443884302562e-08,-7.600121145742506e-08,-7.577418822525865e-08,-7.515846194037141e-08,-7.419626548158461e-08,-7.29203341981919e-08,-7.135652587765113e-08,-6.952580034718018e-08,-6.74456704384951e-08,-6.51312168076694e-08,-6.25957315048372e-08,-5.985102474901756e-08,-5.69073984467079e-08,-5.377325811328256e-08,-5.045430175699799e-08,-4.69521901639636e-08,-4.326257219050408e-08,-3.9372325239295964e-08,-3.5255942504647e-08,-3.087139362492188e-08,-2.6158158317266033e-08,-2.105006704989036e-08,-1.55910190753983e-08,-1.0503203458428503e-08,-1.5519507196491693e-08,-1.9985913646078245e-08,-2.4873288175828644e-08,-2.9415435583115042e-08,-3.36270658551864e-08,-3.7576271175559505e-08,-4.131997133766997e-08,-4.489583734205308e-08,-4.832608796900036e-08,-5.162196266861812e-08,-5.478732835034845e-08,-5.782127694594687e-08,-6.071990077739887e-08,-6.347744533420367e-08,-6.608699739858181e-08,-6.8540818187713e-08,-7.083038854912536e-08,-7.294619657509132e-08,-7.487726491846369e-08,-7.661038260054249e-08,-7.812897141662054e-08,-7.941147838302149e-08,-8.042914450258732e-08,-8.114296720490618e-08,-8.149969523347757e-08,-8.14269046046132e-08,-8.082830541715979e-08,-7.958393466590875e-08,-7.758366130886145e-08,-7.488340438575207e-08,-7.335776252880636e-08,-6.89710981430731e-08,-6.435028616058082e-08,-6.038345384834641e-08,-5.701167301219431e-08,-5.4110587400096944e-08,-5.157420383519925e-08,-4.932464352265706e-08,-4.7307168847297806e-08,-4.5484164944739414e-08,-4.383016873366514e-08,-4.2328156715691407e-08,-4.0966870023973835e-08,-3.973892035256167e-08,-3.8639462361775085e-08,-3.7665270167656944e-08,-3.6814099765120636e-08,-3.6084253493217205e-08,-3.5474287799218354e-08,-3.498282363836477e-08,-3.460843244489902e-08,-3.434958027604088e-08,-3.4204620214877024e-08,-3.417182948913765e-08,-3.424949349383288e-08,-3.4436044973006366e-08,-3.473027374110639e-08,-3.513163143604681e-08,-3.564066802564788e-08,-3.625965356161426e-08,-3.699346171088516e-08,-3.785082270676796e-08,-3.88460935382646e-08,-4.0001739756529974e-08,-4.135175833955405e-08,-4.294623071566065e-08,-4.485676016635112e-08,-4.718076433522268e-08,-5.003118984249242e-08,-5.34570078322868e-08,-5.658961030176171e-08,-5.800497929482873e-08,-6.035736326453848e-08,-6.211848625492115e-08,-6.32464707588206e-08,-6.383475426001088e-08,-6.398378441975818e-08,-6.37739615723761e-08,-6.326570031995191e-08,-6.250343325171041e-08,-6.151975152909685e-08,-6.033875802681012e-08,-5.897860340821694e-08,-5.745334461167591e-08,-5.577428047314527e-08,-5.395089107055717e-08,-5.1991472055043996e-08,-4.9903523389460864e-08,-4.769392303827875e-08,-4.536888824512114e-08,-4.293370102872265e-08,-4.03921431730085e-08,-3.774555131422172e-08,-3.49913625474763e-08,-3.212098580949329e-08,-2.91168418157131e-08,-2.5948677100719258e-08,-2.2570376052446977e-08,-1.8926309838153983e-08,-1.500307288181011e-08,-1.1419443271106034e-08,-1.6710572536515525e-08,-1.9032443162236218e-08,-2.1354138587754205e-08,-2.366878663913772e-08,-2.5970322070444184e-08,-2.8253642501067377e-08,-3.051437556243004e-08,-3.2748674558550744e-08,-3.495307846287087e-08,-3.7124426042853216e-08,-3.925980800174963e-08,-4.135654417191004e-08,-4.341217660553292e-08,-4.542447248892342e-08,-4.7391433050284164e-08,-4.931130623292884e-08,-5.1182602075466633e-08,-5.300411065394629e-08,-5.477492324181411e-08,-5.649445815759709e-08,-5.816249372170943e-08,-5.977921197130828e-08,-6.134525845222758e-08,-6.286182571811818e-08,-6.433077131418869e-08,-6.575478503995033e-08,-6.713762434314354e-08,-6.848443708908683e-08,-6.980216839743708e-08,-7.10999451427315e-08,-7.238850371087683e-08,-7.121908964764568e-08,-7.005386226770163e-08,-6.890212582937418e-08,-6.777153621629201e-08,-6.666803394578035e-08,-6.559624952574238e-08,-6.45598598483037e-08,-6.356184888389955e-08,-6.260468726633254e-08,-6.169045295739698e-08,-6.082091118531096e-08,-5.999756688563726e-08,-5.922169884594718e-08,-5.8494381836193314e-08,-5.781650097423072e-08,-5.718876118423115e-08,-5.661169365945964e-08,-5.6085660597865945e-08,-5.5610859040269983e-08,-5.518732433837647e-08,-5.4814933566171896e-08,-5.449340902999438e-08,-5.4222321905110946e-08,-5.40010959101374e-08,-5.382901080694502e-08,-5.3705205363655086e-08,-5.362867921866201e-08,-5.359829280336761e-08,-5.3612764076932835e-08,-5.36706602352033e-08,-5.377038168738974e-08,-5.391013431851751e-08,-5.408788419477817e-08,-5.4301286201358164e-08,-5.454757443372448e-08,-5.4823397678627225e-08,-5.512457982109741e-08,-5.5445792626526606e-08,-5.578018531232656e-08,-5.6119467659381256e-08,-5.512321362635822e-08,-5.412024828270657e-08,-5.3101549984787166e-08,-5.2059466089311e-08,-5.098817170858761e-08,-4.988334548718779e-08,-4.874182918659981e-08,-4.756135830669538e-08,-4.634036579351636e-08,-4.507784254615817e-08,-4.377323890317793e-08,-4.242639473661749e-08,-4.103748915997398e-08,-3.960700349498139e-08,-3.8135693075323526e-08,-3.662456486058678e-08,-3.507485885671964e-08,-3.348803212890299e-08,-3.186574486558904e-08,-3.020984861069395e-08,-2.8522377528775044e-08,-2.680554452345972e-08,-2.5061745337626166e-08,-2.3293575598338654e-08,-2.1503868293599992e-08,-1.9695762307855405e-08,-1.7872815291520694e-08,-1.6039169548987444e-08,-1.4199742826573643e-08,-1.2360107067091824e-08
rz,0.0,0.0,-0.0,0.0,0.0,0.0,-0.0,-0.0,-0.0,-0.0,-0.0,-0.0,0.0,0.0,0.0,-0.0,-0.0,0.0,0.0,-0.0,-0.0,-0.0,-0.0,-0.0,0.0,-0.0,0.0,0.0,-0.0,0.0,-0.0,0.0,-0.0,0.0,0.0,0.0,0.0,-0.0,-0.0,0.0,-0.0,0.0,-0.0,0.0,-0.0,-0.0,0.0,-0.0,-0.0,-0.0,-0.0,0.0,0.0,0.0,-0.0,-0.0,0.0,-0.0,0.0,-0.0,0.0,-0.0,-0.0,0.0,0.0,0.0,0.0,-0.0,0.0,-0.0,0.0,0.0,-0.0,-0.0,-0.0,-0.0,0.0,-0.0,0.0,0.0,-0.0,-0.0,-0.0,-0.0,-0.0,-0.0,-0.0,0.0,0.0,0.0,-0.0,-0.0,0.0,-0.0,0.0,0.0,0.0,-0.0,-0.0,-0.0,-0.0,-0.0,0.0,0.0,0.0,0.0,0.0,0.0,0.0,0.0,0.0,0.0,0.0,0.0,0.0,0.0,0.0,0.0,0.0,0.0,0.0,0.0,0.0,0.0,0.0,0.0,0.0,0.0,0.0,0.0,0.0,-0.0,0.0,0.0,0.0,0.0,0.0,0.0,0.0,0.0,0.0,0.0,0.0,0.0,0.0,0.0,0.0,0.0,0.0,0.0,0.0,0.0,0.0,0.0,0.0,0.0,0.0,0.0,0.0,0.0,0.0,0.0,0.0,0.0,0.0,0.0,0.0,0.0,0.0,0.0,0.0,0.0,0.0,0.0,0.0,0.0,0.0,0.0,0.0,0.0,0.0,0.0,0.0,0.0,0.0,0.0,0.0,0.0,0.0,0.0,0.0,0.0,0.0,0.0,0.0,0.0,0.0,0.0,0.0,0.0,0.0,-0.0,0.0,0.0,0.0,0.0,0.0,0.0,0.0,0.0,0.0,0.0,0.0,0.0,0.0,0.0,0.0,0.0,0.0,0.0,0.0,0.0,0.0,0.0,0.0,0.0,0.0,0.0,0.0,0.0,0.0,0.0,0.0,0.0,0.0,0.0,0.0,0.0,0.0,0.0,0.0,0.0,0.0,0.0,0.0,0.0,0.0,0.0,0.0,0.0,0.0,0.0,0.0,0.0,0.0,0.0,0.0,0.0,0.0,0.0,0.0,0.0,0.0,0.0,0.0,0.0,0.0,0.0,0.0,0.0,0.0,0.0,0.0,0.0,0.0,0.0,0.0,0.0,0.0,0.0,0.0,0.0,0.0,0.0,0.0,0.0,0.0,0.0,0.0,0.0,0.0,0.0,0.0,0.0,0.0,0.0,0.0,0.0,0.0,0.0,0.0,0.0,0.0,-0.0,0.0,0.0,0.0,0.0,0.0,0.0,0.0,0.0,0.0,0.0,0.0,0.0,0.0,0.0,0.0,0.0,0.0,0.0,0.0,0.0,0.0,0.0,0.0,0.0,0.0,0.0,0.0,0.0,0.0,0.0,0.0,0.0,0.0,0.0,0.0,0.0,0.0,0.0,0.0,0.0,0.0,0.0,0.0,0.0,0.0,0.0,0.0,0.0,0.0,0.0,0.0,0.0,0.0,0.0,0.0,0.0,0.0,0.0,0.0,0.0,0.0,0.0,0.0,0.0,0.0,0.0,0.0,0.0,0.0,0.0,0.0,0.0,0.0,0.0,0.0,0.0,0.0,0.0,0.0,0.0,0.0,0.0,0.0,0.0,0.0,0.0,0.0,0.0,0.0,0.0,0.0,0.0,0.0,0.0,0.0,0.0,0.0,0.0,0.0,-0.0,-0.0,0.0,0.0,0.0,0.0,0.0,0.0,0.0,0.0,0.0,0.0,0.0,0.0,0.0,0.0,0.0,0.0,0.0,0.0,0.0,0.0,0.0,0.0,0.0,0.0,0.0,0.0,0.0,0.0,0.0,0.0,0.0,0.0,0.0,0.0,0.0,0.0,0.0,0.0,0.0,0.0,0.0,0.0,0.0,0.0,0.0,0.0,0.0,0.0,0.0,0.0,0.0,0.0,0.0,0.0,0.0,0.0,0.0,0.0,0.0,0.0,0.0,0.0,0.0,0.0,0.0,0.0,0.0,0.0,0.0,0.0,0.0,0.0,0.0,0.0,0.0,0.0,0.0,0.0,0.0,0.0,0.0,0.0,0.0,0.0,0.0,0.0,0.0,0.0,0.0,0.0,0.0,0.0,0.0,0.0,0.0,0.0,0.0,0.0,0.0,0.0,0.0,0.0,0.0,0.0,0.0,0.0,0.0,0.0,0.0,0.0,0.0,0.0,0.0,0.0,0.0,0.0,0.0,0.0,0.0,0.0,0.0,0.0,0.0,0.0,0.0,0.0,0.0,0.0,0.0,0.0,0.0,0.0,0.0,0.0,0.0,0.0,0.0,0.0,0.0,0.0,0.0,0.0,0.0,0.0,0.0,0.0,0.0,0.0,0.0,0.0,0.0,0.0,0.0,0.0,0.0,0.0,0.0,0.0,0.0,0.0,0.0,0.0,0.0,0.0,0.0,0.0,0.0,0.0,0.0,0.0,0.0,0.0,0.0,0.0,0.0,0.0,0.0,0.0,0.0,0.0,0.0,0.0,0.0,0.0,0.0,0.0,0.0,0.0,0.0,0.0,0.0,0.0,0.0,0.0,0.0,0.0,0.0,0.0,0.0,0.0,0.0,0.0,0.0,0.0,0.0,0.0,0.0,0.0,0.0,0.0,0.0,0.0,0.0,0.0,0.0,0.0,0.0,0.0,0.0,0.0,0.0,0.0,0.0,0.0,0.0,0.0,0.0,0.0,0.0,0.0,0.0,0.0,0.0,0.0,0.0,0.0,0.0,0.0,0.0,0.0,0.0,0.0,0.0,0.0,0.0,0.0,0.0,0.0,0.0,0.0,0.0,0.0,0.0,0.0,0.0,0.0,0.0,0.0,0.0,0.0,0.0,0.0,0.0,0.0,0.0,0.0,0.0,0.0,0.0,0.0,0.0,0.0,0.0,0.0,0.0,0.0,0.0,0.0,0.0,0.0,0.0,0.0,0.0,0.0,0.0,0.0,0.0,0.0,0.0,0.0,0.0,0.0,0.0,0.0,0.0,0.0,0.0,0.0,0.0,0.0,0.0,0.0,0.0,0.0,0.0,0.0,0.0,0.0,0.0,0.0,0.0,0.0,0.0,0.0,0.0,0.0,0.0,0.0,0.0,0.0,0.0,0.0,0.0,0.0,0.0,0.0,0.0,0.0,0.0,0.0,0.0,0.0,0.0,0.0,0.0,0.0,0.0,0.0,0.0,0.0,0.0,0.0,0.0,0.0,0.0,0.0,0.0,0.0,0.0,0.0,0.0,0.0,0.0,0.0,0.0,0.0,0.0,0.0,0.0,0.0,0.0,0.0,0.0,0.0,0.0,0.0,0.0,0.0,0.0,0.0,0.0,0.0,0.0,0.0,0.0,0.0,0.0,0.0,0.0,0.0,0.0,0.0,0.0,0.0,0.0,0.0,0.0,0.0,0.0,0.0,0.0,0.0,0.0,0.0,0.0,0.0,0.0,0.0,0.0,0.0,0.0,0.0,0.0,0.0,0.0,0.0,0.0,0.0,0.0,0.0,0.0,0.0,0.0,0.0,0.0,0.0,0.0,0.0,0.0,0.0,0.0,0.0,0.0,0.0,0.0,0.0,0.0,0.0,0.0,0.0,0.0,0.0,0.0,0.0,0.0,0.0,0.0,0.0,0.0,0.0,0.0,0.0,0.0,0.0,0.0,0.0,0.0,0.0,0.0,0.0,0.0,0.0,0.0,0.0,0.0,0.0,0.0,0.0,0.0,0.0,0.0,0.0,0.0,0.0,0.0,0.0,0.0,0.0,0.0,0.0,0.0,0.0,0.0,0.0,0.0,0.0,0.0,0.0,0.0,0.0,0.0,0.0,0.0,0.0,0.0,0.0,0.0,0.0,0.0,0.0,0.0,0.0,0.0,0.0,0.0,0.0,0.0,0.0,0.0,0.0,0.0,0.0,0.0,0.0,0.0,0.0,0.0,0.0,0.0,0.0,0.0,0.0,0.0,0.0,0.0,0.0,0.0,0.0,0.0,0.0,0.0,0.0,0.0,0.0,0.0,0.0,0.0,0.0,0.0,0.0,0.0,0.0,0.0,0.0,0.0,0.0,0.0,0.0,0.0,0.0,0.0,0.0,0.0,0.0,0.0,0.0,0.0,0.0,0.0,0.0,0.0,0.0,0.0,0.0,0.0,0.0,0.0,0.0,0.0,0.0,0.0,0.0,0.0,0.0,0.0,0.0,0.0,0.0,0.0,0.0,0.0,0.0,0.0,0.0,0.0,0.0,0.0,0.0,0.0,0.0,0.0,0.0,0.0,0.0,0.0,0.0,0.0,0.0,0.0,0.0,0.0,0.0,0.0,0.0,0.0,0.0,0.0,0.0,0.0,0.0,0.0,0.0,0.0,0.0,0.0,0.0,0.0,0.0,0.0,0.0,0.0,0.0,0.0,0.0,0.0,0.0,0.0,0.0,0.0,0.0,0.0,0.0,0.0,0.0,0.0,0.0,0.0,0.0,0.0,0.0,0.0,0.0,0.0,0.0,0.0,0.0,0.0,0.0,0.0,0.0,0.0,0.0,0.0,0.0,0.0,0.0,0.0,0.0,0.0,0.0,0.0,0.0,0.0,0.0,0.0,0.0,0.0,0.0,0.0,0.0,0.0,0.0,0.0,0.0,0.0,0.0,0.0,0.0,0.0,0.0,0.0,0.0,0.0,0.0,0.0,0.0,0.0,0.0,0.0,0.0,0.0,0.0,0.0,0.0,0.0,0.0,0.0,0.0,0.0,0.0,0.0,0.0,0.0,0.0,0.0,0.0,0.0,0.0,0.0,0.0,0.0,0.0,0.0,0.0,0.0,0.0,0.0,0.0,0.0,0.0,0.0,0.0,0.0,0.0,0.0,0.0,0.0,0.0,0.0,0.0,0.0,0.0,0.0,0.0,0.0,0.0,0.0,0.0,0.0,0.0,0.0,0.0,0.0,0.0,0.0,0.0,0.0,0.0,0.0,0.0,0.0,0.0,0.0,0.0,0.0,0.0,0.0,0.0,0.0,0.0,0.0,0.0,0.0,0.0,0.0,0.0,0.0,0.0,0.0,0.0,0.0,0.0,0.0,0.0,0.0,0.0,0.0,0.0,0.0,0.0,0.0,0.0,0.0,0.0,0.0,0.0,0.0,0.0,0.0,0.0,0.0,0.0,0.0,0.0,0.0,0.0,0.0,0.0,0.0,0.0,0.0,0.0,0.0,0.0,0.0,0.0,0.0,0.0,0.0,0.0,0.0,0.0,0.0,0.0,0.0,0.0,0.0,-0.0,0.0,0.0,0.0,0.0,0.0,0.0,0.0,0.0,0.0,0.0,0.0,0.0,0.0,0.0,0.0,0.0,0.0,0.0,0.0,0.0,0.0,0.0,0.0,0.0,0.0,0.0,0.0,0.0,0.0,0.0,0.0,0.0,0.0,0.0,0.0,0.0,0.0,0.0,0.0,0.0,0.0,0.0,0.0,0.0,0.0,0.0,0.0,0.0,0.0,0.0,0.0,0.0,0.0,0.0,0.0,0.0,0.0,0.0,0.0,0.0,0.0,0.0,0.0,0.0,0.0,0.0,0.0,0.0,0.0,-0.0,0.0,0.0,0.0,0.0,0.0,0.0,0.0,0.0,0.0,0.0,0.0,0.0,0.0,0.0,0.0,0.0,0.0,0.0,0.0,0.0,0.0,0.0,0.0,0.0,0.0,0.0,0.0,0.0,0.0,-0.0,0.0,0.0,0.0,0.0,0.0,0.0,0.0,0.0,0.0,0.0,0.0,0.0,0.0,0.0,0.0,0.0,0.0,0.0,0.0,0.0,0.0,0.0,0.0,0.0,0.0,0.0,0.0,0.0,0.0,0.0,0.0,0.0,0.0,0.0,0.0,0.0,0.0,0.0,0.0,0.0,0.0,0.0,0.0,0.0,0.0,0.0,0.0,0.0,0.0,0.0,0.0,0.0,0.0,0.0,0.0,0.0,0.0,0.0,0.0,0.0,0.0,0.0,0.0,0.0,0.0,0.0,0.0,0.0,0.0,0.0,0.0,0.0,0.0,0.0,0.0,0.0,0.0,0.0,0.0,0.0,0.0,0.0,0.0,0.0,0.0,0.0,0.0,0.0,0.0,0.0,0.0,0.0,0.0,0.0,0.0,0.0,0.0,0.0,0.0,0.0,0.0,0.0,0.0,0.0,0.0,0.0,0.0,0.0,0.0,0.0,0.0,0.0,0.0,0.0,0.0,0.0,0.0,0.0,0.0,0.0,0.0,0.0,0.0,0.0,0.0,0.0,0.0,0.0,0.0,0.0,0.0,0.0,0.0,0.0,0.0,0.0,0.0,0.0,0.0,0.0,0.0,0.0,0.0,0.0,0.0,0.0,0.0,0.0,0.0,0.0,0.0,0.0,0.0,0.0,0.0,0.0,0.0,0.0,0.0,0.0,0.0,0.0,0.0,0.0,0.0,0.0,0.0,0.0,0.0,0.0,0.0,-0.0,0.0,0.0,0.0,0.0,0.0,0.0,0.0,0.0,0.0,0.0,0.0,0.0,0.0,0.0,0.0,0.0,0.0,0.0,0.0,0.0,0.0,0.0,0.0,0.0,0.0,0.0,0.0,0.0,0.0,0.0,0.0,0.0,0.0,0.0,0.0,0.0,0.0,0.0,0.0,0.0,0.0,0.0,0.0,0.0,0.0,0.0,0.0,0.0,0.0,0.0,0.0,0.0,0.0,0.0,0.0,0.0,0.0,0.0,0.0,0.0,-0.0,0.0,0.0,0.0,0.0,0.0,0.0,0.0,0.0,0.0,0.0,0.0,0.0,0.0,0.0,0.0,0.0,0.0,0.0,0.0,0.0,0.0,0.0,0.0,0.0,0.0,0.0,0.0,0.0,0.0,0.0,0.0,0.0,0.0,0.0,0.0,0.0,0.0,0.0,0.0,0.0,0.0,0.0,0.0,0.0,0.0,0.0,0.0,0.0,0.0,0.0,0.0,0.0,0.0,0.0,0.0,0.0,0.0,0.0,0.0,0.0,0.0,0.0,0.0,0.0,0.0,0.0,0.0,0.0,0.0,0.0,0.0,0.0,0.0,0.0,0.0,0.0,0.0,0.0,0.0,0.0,0.0,0.0,0.0,0.0,0.0,0.0,0.0,0.0,0.0,0.0,0.0,0.0,0.0,0.0,0.0,0.0,0.0,0.0,0.0,0.0,0.0,0.0,0.0,0.0,0.0,0.0,0.0,0.0,0.0,0.0,0.0,0.0,0.0,0.0,0.0,0.0,0.0,0.0,0.0,0.0,0.0,0.0,0.0,0.0,0.0,0.0,0.0,0.0,0.0,0.0,0.0,0.0,0.0,0.0,0.0,0.0,0.0,0.0,0.0,0.0,0.0,0.0,0.0,0.0,0.0,0.0,0.0,0.0,0.0,0.0,0.0,0.0,0.0,0.0,0.0,0.0,0.0,0.0,0.0,0.0,0.0,0.0,0.0,0.0,0.0,0.0,0.0,0.0,0.0,0.0,0.0,-0.0,0.0,0.0,0.0,0.0,0.0,0.0,0.0,0.0,0.0,0.0,0.0,0.0,0.0,0.0,0.0,0.0,0.0,0.0,0.0,0.0,0.0,0.0,0.0,0.0,0.0,0.0,0.0,0.0,0.0,-0.0,0.0,0.0,0.0,0.0,0.0,0.0,0.0,0.0,0.0,0.0,0.0,0.0,0.0,0.0,0.0,0.0,0.0,0.0,0.0,0.0,0.0,0.0,0.0,0.0,0.0,0.0,0.0,0.0,0.0,0.0,0.0,0.0,0.0,0.0,0.0,0.0,0.0,0.0,0.0,0.0,0.0,0.0,0.0,0.0,0.0,0.0,0.0,0.0,0.0,0.0,0.0,0.0,0.0,0.0,0.0,0.0,0.0,0.0,0.0,0.0,0.0,0.0,0.0,0.0,0.0,0.0,0.0,0.0,0.0,0.0,0.0,0.0,0.0,0.0,0.0,0.0,0.0,0.0,0.0,0.0,0.0,0.0,0.0,0.0,0.0,0.0,0.0,0.0,0.0,0.0,0.0,0.0,0.0,0.0,0.0,0.0,0.0,0.0,0.0,0.0,0.0,0.0,0.0,0.0,0.0,0.0,0.0,0.0,0.0,0.0,0.0,0.0,0.0,0.0,0.0,0.0,0.0,0.0,0.0,0.0,0.0,0.0,0.0,0.0,0.0,0.0,0.0,0.0,0.0,0.0,0.0,0.0,0.0,0.0,0.0,0.0,0.0,0.0,0.0,0.0,0.0,0.0,0.0,0.0,0.0,0.0,0.0,0.0,0.0,0.0,0.0,0.0,0.0,0.0,0.0,0.0,0.0,0.0,0.0,0.0,0.0,0.0,0.0,0.0,0.0,0.0,0.0,0.0,0.0,0.0,-0.0,0.0,0.0,0.0,0.0,0.0,0.0,0.0,0.0,0.0,0.0,0.0,0.0,0.0,0.0,0.0,0.0,0.0,0.0,0.0,0.0,0.0,0.0,0.0,0.0,0.0,0.0,0.0,0.0,0.0,0.0,-0.0,0.0,0.0,0.0,0.0,0.0,0.0,0.0,0.0,0.0,0.0,0.0,0.0,0.0,0.0,0.0,0.0,0.0,0.0,0.0,0.0,0.0,0.0,0.0,0.0,0.0,0.0,0.0,0.0,0.0,0.0,0.0,0.0,0.0,0.0,0.0,0.0,0.0,0.0,0.0,0.0,0.0,0.0,0.0,0.0,0.0,0.0,0.0,0.0,0.0,0.0,0.0,0.0,0.0,0.0,0.0,0.0,0.0,0.0,0.0,0.0,0.0,0.0,0.0,0.0,0.0,0.0,0.0,0.0,0.0,0.0,-0.0,0.0,0.0,0.0,0.0,0.0,0.0,0.0,0.0,0.0,0.0,0.0,0.0,0.0,0.0,0.0,0.0,0.0,0.0,0.0,0.0,0.0,0.0,0.0,0.0,0.0,0.0,0.0,0.0,0.0,0.0,0.0,0.0,0.0,0.0,0.0,0.0,0.0,0.0,0.0,0.0,0.0,0.0,0.0,0.0,0.0,0.0,0.0,0.0,0.0,0.0,0.0,0.0,0.0,0.0,0.0,0.0,0.0,0.0,0.0,0.0,0.0,0.0,0.0,0.0,0.0,0.0,0.0,0.0,0.0,0.0,0.0,0.0,0.0,0.0,0.0,0.0,0.0,0.0,0.0,0.0,0.0,0.0,0.0,0.0,0.0,0.0,0.0,0.0,0.0,0.0,0.0,0.0,0.0,0.0,0.0,0.0,0.0,0.0,0.0,0.0,-0.0,0.0,0.0,0.0,0.0,0.0,0.0,0.0,0.0,0.0,0.0,0.0,0.0,0.0,0.0,0.0,0.0,0.0,0.0,0.0,0.0,0.0,0.0,0.0,0.0,0.0,0.0,0.0,0.0,0.0,0.0,0.0,0.0,0.0,0.0,0.0,0.0,0.0,0.0,0.0,0.0,0.0,0.0,0.0,0.0,0.0,0.0,0.0,0.0,0.0,0.0,0.0,0.0,0.0,0.0,0.0,0.0,0.0,0.0,0.0,0.0,0.0,0.0,0.0,0.0,0.0,0.0,0.0,0.0,0.0,0.0,0.0,0.0,0.0,0.0,0.0,0.0,0.0,0.0,0.0,0.0,0.0,0.0,0.0,0.0,0.0,0.0,0.0,0.0,0.0,0.0,0.0,0.0,0.0,0.0,0.0,0.0,0.0,0.0,0.0,0.0,0.0,0.0,0.0,0.0,0.0,0.0,0.0,0.0,0.0,0.0,0.0,0.0,0.0,0.0,0.0,0.0,0.0,0.0,0.0,0.0,0.0,0.0,0.0,0.0,0.0,0.0,0.0,0.0,0.0,0.0,0.0,0.0,0.0,0.0,0.0,0.0,0.0,0.0,0.0,0.0,0.0,0.0,0.0,0.0,0.0,0.0,0.0,0.0,0.0,0.0,0.0,0.0,0.0,0.0,0.0,0.0,0.0,0.0,0.0,0.0,0.0,0.0,0.0,0.0,0.0,0.0,0.0,0.0,0.0,0.0,0.0,0.0,0.0,0.0,0.0,0.0,0.0,0.0,0.0,0.0,0.0,0.0,0.0,0.0,0.0,0.0,0.0,0.0,0.0,0.0,0.0,0.0,0.0,0.0,0.0,0.0,0.0,0.0,0.0,0.0,0.0,0.0,0.0,0.0,0.0,0.0,0.0,0.0,0.0,0.0,0.0,0.0,0.0,0.0,0.0,0.0,0.0,0.0,0.0,0.0,0.0,0.0,0.0,0.0,0.0,0.0,0.0,0.0,0.0,0.0,0.0,0.0,0.0,0.0,0.0,0.0,0.0,0.0,0.0,0.0,0.0,0.0,0.0,0.0,0.0,0.0,0.0,0.0,0.0,0.0,0.0,0.0,0.0,0.0,0.0,0.0,0.0,0.0,0.0,0.0,0.0,0.0,0.0,0.0,0.0,0.0,0.0,0.0,0.0,0.0,0.0,0.0,0.0,0.0,0.0,0.0,0.0,0.0,0.0,0.0,0.0,0.0,0.0,0.0,0.0,0.0,0.0,0.0,0.0,0.0,0.0,0.0,0.0,0.0,0.0,0.0,0.0,0.0,0.0,0.0,0.0,0.0,-0.0,0.0,0.0,0.0,0.0,0.0,0.0,0.0,0.0,0.0,0.0,0.0,0.0,0.0,0.0,0.0,0.0,0.0,0.0,0.0,0.0,0.0,0.0,0.0,0.0,0.0,0.0,0.0,0.0,0.0,0.0,0.0,0.0,0.0,0.0,0.0,0.0,0.0,0.0,0.0,0.0,0.0,0.0,0.0,0.0,0.0,0.0,0.0,0.0,0.0,0.0,0.0,0.0,0.0,0.0,0.0,0.0,0.0,0.0,0.0,0.0,0.0,0.0,0.0,0.0,0.0,0.0,0.0,0.0,0.0,-0.0,0.0,0.0,0.0,0.0,0.0,0.0,0.0,0.0,0.0,0.0,0.0,0.0,0.0,0.0,0.0,0.0,0.0,0.0,0.0,0.0,0.0,0.0,0.0,0.0,0.0,0.0,0.0,0.0,0.0,-0.0,-0.0,0.0,0.0,0.0,0.0,0.0,0.0,0.0,0.0,0.0,0.0,0.0,0.0,0.0,0.0,0.0,0.0,0.0,0.0,0.0,0.0,0.0,0.0,0.0,0.0,0.0,0.0,0.0,0.0,0.0,0.0,0.0,0.0,0.0,0.0,0.0,0.0,0.0,0.0,0.0,0.0,0.0,0.0,0.0,0.0,0.0,0.0,0.0,0.0,0.0,0.0,0.0,0.0,0.0,0.0,0.0,0.0,0.0,0.0,0.0,0.0,0.0,0.0,0.0,0.0,0.0,0.0,0.0,0.0,0.0,0.0,0.0,0.0,0.0,0.0,0.0,0.0,0.0,0.0,0.0,0.0,0.0,0.0,0.0,0.0,0.0,0.0,0.0,0.0,0.0,0.0,0.0,0.0,0.0,0.0,0.0,0.0,0.0,0.0,0.0,0.0,0.0,0.0,0.0,0.0,0.0,0.0,0.0,0.0,0.0,0.0,0.0,0.0,0.0,0.0,0.0,0.0,0.0,0.0,0.0,0.0,0.0,0.0,0.0,0.0,0.0,0.0,0.0,0.0,0.0,0.0,0.0,0.0,0.0,0.0,0.0,0.0,0.0,0.0,0.0,0.0,0.0,0.0,0.0,0.0,0.0,0.0,0.0,0.0,0.0,0.0,0.0,0.0,0.0,0.0,0.0,0.0,0.0,0.0,0.0,0.0,0.0,0.0,0.0,0.0,0.0,0.0,0.0,0.0,0.0,0.0,0.0,0.0,0.0,0.0,0.0,0.0,0.0,0.0,0.0,0.0,0.0,0.0,0.0,0.0,0.0,0.0,0.0,0.0,0.0,0.0,0.0,0.0,0.0,0.0,0.0,0.0,0.0,0.0,0.0,0.0,0.0,0.0,0.0,0.0,0.0,0.0,0.0,0.0,0.0,0.0,0.0,0.0,0.0,0.0,0.0,0.0,0.0,0.0,0.0,0.0,0.0,0.0,0.0,0.0,0.0,0.0,0.0,0.0,0.0,0.0,0.0,0.0,0.0,0.0,0.0,0.0,0.0,0.0,0.0,0.0,0.0,0.0,0.0,0.0,0.0,0.0,0.0,0.0,0.0,0.0,0.0,0.0,0.0,0.0,0.0,0.0,0.0,0.0,0.0,0.0,0.0,0.0,0.0,0.0,0.0,0.0,0.0,0.0,0.0,0.0,0.0,0.0,0.0,0.0,0.0,0.0,0.0,0.0,0.0,0.0,0.0,0.0,0.0,0.0,0.0,0.0,0.0,0.0,0.0,0.0,0.0,0.0,0.0,0.0,0.0,0.0,0.0,0.0,0.0,0.0,0.0,0.0,0.0,0.0,0.0,0.0,0.0,0.0,0.0,0.0,0.0,0.0,0.0,0.0,0.0,0.0,0.0,0.0,0.0,0.0,0.0,0.0,0.0,0.0,0.0,0.0,0.0,0.0,0.0,0.0,0.0,0.0,0.0,0.0,0.0,0.0,0.0,0.0,0.0,0.0,0.0,0.0,0.0,0.0,0.0,0.0,0.0,0.0,0.0,0.0,0.0,0.0,0.0,0.0,0.0,0.0,0.0,0.0,0.0,0.0,0.0,0.0,0.0,0.0,0.0,0.0,0.0,0.0,0.0,0.0,0.0,0.0,0.0,0.0,0.0,0.0,0.0,0.0,0.0,0.0,0.0,0.0,0.0,0.0,0.0,0.0,0.0,0.0,0.0,0.0,0.0,0.0,0.0,0.0,0.0,0.0,0.0,0.0,0.0,0.0,0.0,0.0,0.0,0.0,0.0,0.0,0.0,0.0,0.0,0.0,0.0,0.0,0.0,0.0,0.0,0.0,0.0,0.0,0.0,0.0,0.0,0.0,0.0,0.0,0.0,0.0,0.0,0.0,0.0,0.0,0.0,0.0,0.0,0.0,0.0,0.0,0.0,0.0,0.0,0.0,0.0,0.0,0.0,0.0,0.0,0.0,0.0,0.0,0.0,0.0,0.0,0.0,0.0,0.0,0.0,0.0,0.0,0.0,0.0,0.0,0.0,0.0,0.0,0.0,0.0,0.0,0.0,0.0,0.0,0.0,0.0,0.0,0.0,0.0,0.0,0.0,0.0,0.0,0.0,0.0,0.0,0.0,0.0,0.0,0.0,0.0,0.0,0.0,0.0,0.0,0.0,0.0,0.0,0.0,0.0,0.0,0.0,0.0,0.0,0.0,0.0,0.0,0.0,0.0,0.0,0.0,0.0,0.0,0.0,0.0,0.0,0.0,0.0,0.0,0.0,0.0,0.0,0.0,0.0,0.0,0.0,0.0,0.0,0.0,0.0,0.0,0.0,0.0,0.0,0.0,0.0,0.0,0.0,0.0,-0.0,-0.0,-0.0,-0.0,0.0,-0.0,0.0,-0.0,0.0,0.0,0.0,0.0,0.0,0.0,0.0,0.0,0.0,0.0,0.0,0.0,0.0,0.0,0.0,0.0,0.0,0.0,0.0,0.0,0.0,0.0,0.0,0.0,0.0,0.0,0.0,0.0,0.0,0.0,0.0,0.0,-0.0,0.0,-0.0,0.0,0.0,0.0,0.0,0.0,0.0,0.0,0.0,0.0,0.0,0.0,0.0,0.0,0.0,0.0,0.0,0.0,-0.0,-0.0,0.0,-0.0,0.0,0.0,0.0,0.0,0.0,0.0,0.0,-0.0,0.0,0.0,0.0,0.0,0.0,0.0,0.0,0.0,0.0,0.0,0.0,0.0,0.0,0.0,0.0,0.0,0.0,0.0,0.0,0.0,0.0,0.0,0.0,0.0,0.0,0.0,0.0,0.0,0.0,-0.0,0.0,0.0,0.0,0.0,0.0,0.0,0.0,0.0,0.0,0.0,0.0,0.0,0.0,0.0,0.0,0.0,0.0,0.0,0.0,0.0,0.0,0.0,0.0,0.0,0.0,0.0,0.0,0.0,0.0,0.0,0.0,0.0,0.0,0.0,0.0,0.0,0.0,0.0,0.0,-0.0,0.0,0.0,0.0,0.0,0.0,0.0,0.0,0.0,0.0,0.0,0.0,0.0,0.0,0.0,0.0,0.0,0.0,0.0,0.0,0.0,0.0,0.0,0.0,0.0,0.0,0.0,0.0,0.0,0.0,-0.0,0.0,0.0,0.0,0.0,0.0,0.0,0.0,0.0,0.0,0.0,0.0,0.0,0.0,0.0,0.0,0.0,0.0,0.0,0.0,0.0,0.0,0.0,0.0,0.0,0.0,0.0,0.0,0.0,0.0,0.0,0.0,0.0,0.0,0.0,0.0,0.0,0.0,0.0,0.0,0.0,0.0,0.0,0.0,0.0,0.0,0.0,0.0,0.0,0.0,0.0,0.0,0.0,0.0,0.0,0.0,0.0,0.0,0.0,0.0,0.0,0.0,0.0,0.0,0.0,0.0,0.0,0.0,0.0,0.0,0.0,0.0,0.0,0.0,0.0,0.0,0.0,0.0,0.0,0.0,0.0,0.0,0.0,0.0,0.0,0.0,0.0,0.0,0.0,0.0,0.0,0.0,0.0,0.0,0.0,0.0,0.0,0.0,0.0,0.0,0.0,0.0,-0.0,0.0,0.0,0.0,0.0,0.0,0.0,0.0,0.0,0.0,0.0,0.0,0.0,0.0,0.0,0.0,0.0,0.0,0.0,0.0,0.0,0.0,0.0,0.0,0.0,0.0,0.0,0.0,0.0,0.0,0.0,0.0,0.0,0.0,0.0,0.0,0.0,0.0,0.0,0.0,0.0,0.0,0.0,0.0,0.0,0.0,0.0,0.0,0.0,0.0,0.0,0.0,0.0,0.0,0.0,0.0,0.0,0.0,0.0,0.0,0.0,0.0,0.0,0.0,0.0,0.0,0.0,0.0,0.0,0.0,0.0,0.0,0.0,0.0,0.0,0.0,0.0,0.0,0.0,0.0,0.0,0.0,0.0,0.0,0.0,0.0,0.0,0.0,0.0,0.0,0.0,0.0,0.0,0.0,0.0,0.0,0.0,0.0,0.0,0.0,-0.0,-0.0,0.0,0.0,0.0,0.0,0.0,0.0,0.0,0.0,0.0,0.0,0.0,0.0,0.0,0.0,0.0,0.0,0.0,0.0,0.0,0.0,0.0,0.0,0.0,0.0,0.0,0.0,0.0,0.0,0.0,0.0,0.0,0.0,0.0,0.0,0.0,0.0,0.0,0.0,0.0,0.0,0.0,0.0,0.0,0.0,0.0,0.0,0.0,0.0,0.0,0.0,0.0,0.0,0.0,0.0,0.0,0.0,0.0,0.0,0.0,0.0,0.0,0.0,0.0,0.0,0.0,0.0,0.0,0.0,0.0,0.0,0.0,0.0,0.0,0.0,0.0,0.0,0.0,0.0,0.0,0.0,0.0,0.0,0.0,0.0,0.0,0.0,0.0,0.0,0.0,0.0,0.0,0.0,0.0,0.0,0.0,0.0,0.0,0.0,0.0,-0.0,0.0,0.0,0.0,0.0,0.0,0.0,0.0,0.0,0.0,0.0,0.0,0.0,0.0,0.0,0.0,0.0,0.0,0.0,0.0,0.0,0.0,0.0,0.0,0.0,0.0,0.0,0.0,0.0,0.0,0.0,0.0,0.0,0.0,0.0,0.0,0.0,0.0,0.0,0.0,0.0,0.0,0.0,0.0,0.0,0.0,0.0,0.0,0.0,0.0,0.0,0.0,0.0,0.0,0.0,0.0,0.0,0.0,0.0,0.0,0.0,0.0,0.0,0.0,0.0,0.0,0.0,0.0,0.0,0.0,0.0,0.0,0.0,0.0,0.0,0.0,0.0,0.0,0.0,0.0,0.0,0.0,0.0,0.0,0.0,0.0,0.0,0.0,0.0,0.0,0.0,0.0,0.0,0.0,0.0,0.0,0.0,0.0,0.0,0.0,0.0,0.0,-0.0,0.0,0.0,0.0,0.0,0.0,0.0,0.0,0.0,0.0,0.0,0.0,0.0,0.0,0.0,0.0,0.0,0.0,0.0,0.0,0.0,0.0,0.0,0.0,0.0,0.0,0.0,0.0,0.0,0.0,0.0,0.0,0.0,0.0,0.0,0.0,0.0,0.0,0.0,0.0,0.0,0.0,0.0,0.0,0.0,0.0,0.0,0.0,0.0,0.0,0.0,0.0,0.0,0.0,0.0,0.0,0.0,0.0,0.0,0.0,0.0,0.0,0.0,0.0,0.0,0.0,0.0,0.0,0.0,0.0,0.0,0.0,0.0,0.0,0.0,0.0,0.0,0.0,0.0,0.0,0.0,0.0,0.0,0.0,0.0,0.0,0.0,0.0,0.0,0.0,0.0,0.0,0.0,0.0,0.0,0.0,0.0,0.0,0.0,0.0,0.0,0.0,0.0,0.0,0.0,0.0,0.0,0.0,0.0,0.0,0.0,0.0,0.0,0.0,0.0,0.0,0.0,0.0,0.0,0.0,0.0,0.0,0.0,0.0,0.0,0.0,0.0,0.0,0.0,0.0,0.0,0.0,0.0,0.0,0.0,0.0,0.0,0.0,0.0,0.0,0.0,0.0,0.0,0.0,0.0,0.0,0.0,0.0,0.0,0.0,0.0,0.0,0.0,0.0,0.0,0.0,0.0,0.0,0.0,0.0,0.0,0.0,0.0,0.0,0.0,0.0,0.0,0.0,0.0,0.0,0.0,0.0,0.0,0.0,0.0,0.0,0.0,0.0,0.0,0.0,0.0,0.0,0.0,0.0,0.0,0.0,0.0,0.0,0.0,0.0,0.0,0.0,0.0,0.0,0.0,0.0,0.0,0.0,0.0,0.0,0.0,0.0,0.0,0.0,0.0,0.0,0.0,0.0,0.0,0.0,0.0,0.0,0.0,0.0,0.0,0.0,0.0,0.0,0.0,0.0,0.0,0.0,0.0,0.0,0.0,0.0,0.0,0.0,0.0,0.0,0.0,0.0,0.0,0.0,0.0,0.0,0.0,0.0,0.0,0.0,0.0,0.0,0.0,0.0,0.0,0.0,0.0,0.0,0.0,0.0,0.0,0.0,0.0,0.0,0.0,0.0,0.0,0.0,0.0,0.0,0.0,0.0,0.0,0.0,0.0,0.0,0.0,0.0,0.0,0.0,0.0,0.0,0.0,0.0,0.0,0.0,0.0,0.0,0.0,0.0,0.0,0.0,0.0,0.0,0.0,0.0,0.0,0.0,0.0,0.0,0.0,0.0,0.0,0.0,0.0,0.0,0.0,0.0,0.0,0.0,0.0,0.0,0.0,-0.0,0.0,0.0,0.0,0.0,0.0,0.0,0.0,0.0,0.0,0.0,0.0,0.0,0.0,0.0,0.0,0.0,0.0,0.0,0.0,0.0,0.0,0.0,0.0,0.0,0.0,0.0,0.0,0.0,0.0,0.0,0.0,0.0,0.0,0.0,0.0,0.0,0.0,0.0,0.0,0.0,0.0,0.0,0.0,0.0,0.0,0.0,0.0,0.0,0.0,0.0,0.0,0.0,0.0,0.0,0.0,0.0,0.0,0.0,0.0,0.0,0.0,0.0,0.0,0.0,0.0,0.0,0.0,0.0,0.0,0.0,0.0,0.0,0.0,0.0,0.0,0.0,0.0,0.0,0.0,0.0,0.0,0.0,0.0,0.0,0.0,0.0,0.0,0.0,0.0,0.0,0.0,0.0,0.0,0.0,0.0,0.0,0.0,0.0,0.0,-0.0,0.0,0.0,0.0,0.0,0.0,0.0,0.0,0.0,0.0,0.0,0.0,0.0,0.0,0.0,0.0,0.0,0.0,0.0,0.0,0.0,0.0,0.0,0.0,0.0,0.0,0.0,0.0,0.0,0.0,0.0,0.0,0.0,0.0,0.0,0.0,0.0,0.0,0.0,0.0,0.0,0.0,0.0,0.0,0.0,0.0,0.0,0.0,0.0,0.0,0.0,0.0,0.0,0.0,0.0,0.0,0.0,0.0,0.0,0.0,0.0,0.0,0.0,0.0,0.0,0.0,0.0,0.0,0.0,0.0,0.0,0.0,0.0,0.0,0.0,0.0,0.0,0.0,0.0,0.0,0.0,0.0,0.0,0.0,0.0,0.0,0.0,0.0,0.0,0.0,0.0,0.0,0.0,0.0,0.0,0.0,0.0,0.0,0.0,0.0,0.0,0.0,-0.0,0.0,0.0,0.0,0.0,0.0,0.0,0.0,0.0,0.0,0.0,0.0,0.0,0.0,0.0,0.0,0.0,0.0,0.0,0.0,0.0,0.0,0.0,0.0,0.0,0.0,0.0,0.0,0.0,0.0,0.0,0.0,0.0,0.0,0.0,0.0,0.0,0.0,0.0,0.0,0.0,0.0,0.0,0.0,0.0,0.0,0.0,0.0,0.0,0.0,0.0,0.0,0.0,0.0,0.0,0.0,0.0,0.0,0.0,0.0,0.0,0.0,0.0,0.0,0.0,0.0,0.0,0.0,0.0,0.0,0.0,0.0,0.0,0.0,0.0,0.0,0.0,0.0,0.0,0.0,0.0,0.0,0.0,0.0,0.0,0.0,0.0,0.0,0.0,0.0,0.0,0.0,0.0,0.0,0.0,0.0,0.0,0.0,0.0,0.0,-0.0,0.0,0.0,0.0,0.0,0.0,0.0,0.0,0.0,0.0,0.0,0.0,0.0,0.0,0.0,0.0,0.0,0.0,0.0,0.0,0.0,0.0,0.0,0.0,0.0,0.0,0.0,0.0,0.0,0.0,0.0,0.0,0.0,0.0,0.0,0.0,0.0,0.0,0.0,0.0,0.0,0.0,0.0,0.0,0.0,0.0,0.0,0.0,0.0,0.0,0.0,0.0,0.0,0.0,0.0,0.0,0.0,0.0,0.0,0.0,0.0,0.0,0.0,0.0,0.0,0.0,0.0,0.0,0.0,0.0,0.0,0.0,0.0,0.0,0.0,0.0,0.0,0.0,0.0,0.0,0.0,0.0,0.0,0.0,0.0,0.0,0.0,0.0,0.0,0.0,0.0,0.0,0.0,0.0,0.0,0.0,0.0,0.0,0.0,0.0,0.0,0.0,0.0,0.0,0.0,0.0,0.0,0.0,0.0,0.0,0.0,0.0,0.0,0.0,0.0,0.0,0.0,0.0,0.0,0.0,0.0,0.0,0.0,0.0,0.0,0.0,0.0,0.0,0.0,0.0,0.0,0.0,0.0,0.0,0.0,0.0,0.0,0.0,0.0,0.0,0.0,0.0,0.0,0.0,0.0,0.0,0.0,0.0,0.0,0.0,0.0,0.0,0.0,0.0,0.0,0.0,0.0,0.0,0.0,0.0,0.0,0.0,0.0,0.0,0.0,0.0,0.0,0.0,0.0,0.0,0.0,0.0,0.0,0.0,0.0,0.0,0.0,0.0,0.0,0.0,0.0,0.0,0.0,0.0,0.0,0.0,0.0,0.0,0.0,0.0,0.0,0.0,0.0,0.0,0.0,0.0,0.0,0.0,0.0,0.0,0.0,0.0,0.0,0.0,0.0,0.0,0.0,0.0,0.0,0.0,0.0,0.0,0.0,0.0,0.0,0.0,0.0,0.0,0.0,0.0,0.0,0.0,0.0,0.0,0.0,0.0,0.0,0.0,0.0,0.0,0.0,0.0,0.0,0.0,0.0,0.0,0.0,0.0,0.0,0.0,0.0,0.0,0.0,0.0,0.0,0.0,0.0,0.0,0.0,0.0,0.0,0.0,0.0,0.0,0.0,0.0,0.0,0.0,0.0,0.0,0.0,0.0,0.0,0.0,0.0,0.0,0.0,0.0,0.0,0.0,0.0,0.0,0.0,0.0,0.0,0.0,0.0,0.0,0.0,0.0,0.0,0.0,0.0,0.0,0.0,0.0,0.0,0.0,0.0,0.0,0.0,0.0,0.0,0.0,0.0,0.0,0.0,0.0,0.0,0.0,0.0,0.0,0.0,-0.0,0.0,0.0,0.0,0.0,0.0,0.0,0.0,0.0,0.0,0.0,0.0,0.0,0.0,0.0,0.0,0.0,0.0,0.0,0.0,0.0,0.0,0.0,0.0,0.0,0.0,0.0,0.0,0.0,0.0,0.0,0.0,0.0,0.0,0.0,0.0,0.0,0.0,0.0,0.0,0.0,0.0,0.0,0.0,0.0,0.0,0.0,0.0,0.0,0.0,0.0,0.0,0.0,0.0,0.0,0.0,0.0,0.0,0.0,0.0,0.0,0.0,0.0,0.0,0.0,0.0,0.0,0.0,0.0,0.0,0.0,0.0,0.0,0.0,0.0,0.0,0.0,0.0,0.0,0.0,0.0,0.0,0.0,0.0,0.0,0.0,0.0,0.0,0.0,0.0,0.0,0.0,0.0,0.0,0.0,0.0,0.0,0.0,0.0,0.0,0.0,0.0,0.0,0.0,0.0,0.0,0.0,0.0,0.0,0.0,0.0,0.0,0.0,0.0,0.0,0.0,0.0,0.0,0.0,0.0,0.0,0.0,0.0,0.0,0.0,0.0,0.0,0.0,0.0,0.0,0.0,0.0,0.0,0.0,0.0,0.0,0.0,0.0,0.0,0.0,0.0,0.0,0.0,0.0,0.0,0.0,0.0,0.0,0.0,0.0,0.0,0.0,0.0,0.0,0.0,0.0,0.0,0.0,0.0,0.0,0.0,0.0,0.0,0.0,0.0,0.0,0.0,0.0,0.0,0.0,0.0,0.0,0.0,0.0,0.0,0.0,0.0,0.0,0.0,0.0,0.0,0.0,0.0,0.0,0.0,0.0,0.0,0.0,0.0,0.0,0.0,0.0,0.0,0.0,0.0,0.0,0.0,0.0,0.0,0.0,0.0,0.0,0.0,0.0,0.0,0.0,0.0,0.0,0.0,0.0,0.0,0.0,0.0,0.0,0.0,0.0,0.0,0.0,0.0,0.0,0.0,0.0,0.0,0.0,0.0,0.0,0.0,0.0,0.0,0.0,0.0,0.0,0.0,0.0,0.0,0.0,0.0,0.0,0.0,0.0,0.0,0.0,0.0,0.0,0.0,0.0,0.0,0.0,0.0,0.0,0.0,0.0,0.0,0.0,0.0,0.0,0.0,0.0,0.0,0.0,0.0,0.0,0.0,0.0,0.0,0.0,0.0,0.0,0.0,0.0,0.0,0.0,0.0,0.0,0.0,0.0,0.0,0.0,0.0,0.0,0.0,0.0,0.0,0.0,0.0,0.0,0.0,0.0,0.0,0.0,0.0,0.0,0.0,0.0,0.0,0.0,0.0,0.0,0.0,0.0,0.0,0.0,0.0,0.0,0.0,0.0,0.0,0.0,0.0,0.0,0.0,0.0,0.0,0.0,0.0,0.0,0.0,0.0,0.0,0.0,0.0,0.0,0.0,0.0,0.0,0.0,0.0,0.0,0.0,0.0,0.0,0.0,0.0,0.0,0.0,0.0,0.0,0.0,0.0,0.0,0.0,0.0,0.0,0.0,0.0,0.0,0.0,0.0,0.0,0.0,0.0,0.0,0.0,0.0,0.0,0.0,0.0,0.0,0.0,0.0,0.0,0.0,0.0,0.0,0.0,0.0,0.0,0.0,0.0,0.0,0.0,0.0,0.0,0.0,0.0,0.0,0.0,0.0,0.0,0.0,0.0,0.0,0.0,0.0,0.0,0.0,0.0,0.0,0.0,0.0,0.0,0.0,0.0,0.0,0.0,0.0,0.0,0.0,0.0,0.0,0.0,0.0,0.0,0.0,0.0,0.0,0.0,0.0,0.0,0.0,0.0,0.0,0.0,0.0,0.0,0.0,0.0,0.0,0.0,0.0,0.0,0.0,0.0,0.0,0.0,0.0,0.0,0.0,0.0,0.0,0.0,0.0,0.0,0.0,0.0,0.0,0.0,0.0,0.0,0.0,0.0,0.0,0.0,0.0,0.0,0.0,0.0,0.0,0.0,0.0,0.0,0.0,0.0,0.0,0.0,0.0,0.0,0.0,0.0,0.0,0.0,0.0,0.0,0.0,0.0,0.0,0.0,0.0,0.0,0.0,0.0,0.0,0.0,0.0,0.0,0.0,0.0,0.0,0.0,0.0,0.0,0.0,0.0,0.0,0.0,0.0,0.0,0.0,0.0,0.0,0.0,0.0,0.0,0.0,0.0,0.0,0.0,0.0,0.0,0.0,0.0,0.0,0.0,0.0,0.0,0.0,0.0,0.0,0.0,0.0,0.0,0.0,0.0,0.0,0.0,0.0,0.0,0.0,0.0,0.0,0.0,0.0,0.0,0.0,0.0,0.0,0.0,0.0,0.0,0.0,0.0,0.0,0.0,0.0,0.0,0.0,0.0,0.0,0.0,0.0,0.0,0.0,0.0,0.0,0.0,0.0,0.0,0.0,0.0,0.0,0.0,0.0,0.0,0.0,0.0,0.0,0.0,0.0,0.0,0.0,0.0,0.0,0.0,0.0,0.0,0.0,0.0,0.0,0.0,0.0,0.0,0.0,0.0,0.0,0.0,0.0,0.0,0.0,0.0,0.0,0.0,0.0,0.0,0.0,0.0,0.0,0.0,0.0,0.0,0.0,0.0,0.0,0.0,0.0,0.0,0.0,0.0,0.0,0.0,0.0,0.0,0.0,0.0,0.0,0.0,0.0,0.0,-0.0,0.0,0.0,0.0,0.0,0.0,0.0,0.0,0.0,0.0,0.0,0.0,0.0,0.0,0.0,0.0,0.0,0.0,0.0,0.0,0.0,0.0,0.0,0.0,0.0,0.0,0.0,0.0,0.0,0.0,0.0,0.0,0.0,0.0,0.0,0.0,0.0,0.0,0.0,0.0,0.0,0.0,0.0,0.0,0.0,0.0,0.0,0.0,0.0,0.0,0.0,0.0,0.0,0.0,0.0,0.0,0.0,0.0,0.0,0.0,0.0,0.0,0.0,0.0,0.0,0.0,0.0,0.0,0.0,0.0,0.0,0.0,0.0,0.0,0.0,0.0,0.0,0.0,0.0,0.0,0.0,0.0,0.0,0.0,0.0,0.0,0.0,0.0,0.0,0.0,0.0,0.0,0.0,0.0,0.0,0.0,0.0,0.0,0.0,0.0,-0.0,0.0,0.0,0.0,0.0,0.0,0.0,0.0,0.0,0.0,0.0,0.0,0.0,0.0,0.0,0.0,0.0,0.0,0.0,0.0,0.0,0.0,0.0,0.0,0.0,0.0,0.0,0.0,0.0,0.0,0.0,0.0,0.0,0.0,0.0,0.0,0.0,0.0,0.0,0.0,0.0,0.0,0.0,0.0,0.0,0.0,0.0,0.0,0.0,0.0,0.0,0.0,0.0,0.0,0.0,0.0,0.0,0.0,0.0,0.0,0.0,0.0,0.0,0.0,0.0,0.0,0.0,0.0,0.0,0.0,0.0,0.0,0.0,0.0,0.0,0.0,0.0,0.0,0.0,0.0,0.0,0.0,0.0,0.0,0.0,0.0,0.0,0.0,0.0,0.0,0.0,0.0,0.0,0.0,0.0,0.0,0.0,0.0,0.0,0.0,0.0,0.0,0.0,0.0,0.0,0.0,0.0,0.0,0.0,0.0,0.0,0.0,0.0,0.0,0.0,0.0,0.0,0.0,0.0,0.0,0.0,0.0,0.0,0.0,0.0,0.0,0.0,0.0,0.0,0.0,0.0,0.0,0.0,0.0,0.0,0.0,0.0,0.0,0.0,0.0,0.0,0.0,0.0,0.0,0.0,0.0,0.0,0.0,0.0,0.0,0.0,0.0,0.0,0.0,0.0,0.0,0.0,0.0,0.0,0.0,0.0,0.0,0.0,0.0,0.0,0.0,0.0,0.0,0.0,0.0,0.0,0.0,0.0,0.0,0.0,0.0,0.0,0.0,0.0,0.0,0.0,0.0,0.0,0.0,0.0,0.0,0.0,0.0,0.0,0.0,0.0,0.0,0.0,0.0,0.0,0.0,0.0,0.0,0.0,0.0,0.0,0.0,0.0,-0.0,0.0,0.0,0.0,0.0,0.0,0.0,0.0,0.0,0.0,0.0,0.0,0.0,0.0,0.0,0.0,0.0,0.0,0.0,0.0,0.0,0.0,0.0,0.0,0.0,0.0,0.0,0.0,0.0,0.0,0.0,0.0,0.0,0.0,0.0,0.0,0.0,0.0,0.0,0.0,0.0,0.0,0.0,0.0,0.0,0.0,0.0,0.0,0.0,0.0,0.0,0.0,0.0,0.0,0.0,0.0,0.0,0.0,0.0,0.0,0.0,0.0,0.0,0.0,0.0,0.0,0.0,0.0,0.0,0.0,0.0,0.0,0.0,0.0,0.0,0.0,0.0,0.0,0.0,0.0,0.0,0.0,0.0,0.0,0.0,0.0,0.0,0.0,0.0,0.0,0.0,0.0,0.0,0.0,0.0,0.0,0.0,0.0,0.0,0.0,0.0,0.0,0.0,0.0,0.0,0.0,0.0,0.0,0.0,0.0,0.0,0.0,0.0,0.0,0.0,0.0,0.0,0.0,0.0,0.0,0.0,0.0,0.0,0.0,0.0,0.0,0.0,0.0,0.0,0.0,0.0,0.0,0.0,0.0,0.0,0.0,0.0,0.0,0.0,0.0,0.0,0.0,0.0,0.0,0.0,0.0,0.0,0.0,0.0,0.0,0.0,0.0,0.0,0.0,0.0,0.0,0.0,0.0,0.0,0.0,0.0,0.0,0.0,0.0,0.0,0.0,0.0,0.0,0.0,0.0,0.0,0.0,0.0,0.0,0.0,0.0,0.0,0.0,0.0,0.0,0.0,0.0,0.0,0.0,0.0,0.0,0.0,0.0,0.0,0.0,0.0,0.0,0.0,0.0,0.0,0.0,0.0,0.0,0.0,0.0,0.0,0.0,-0.0,0.0,0.0,0.0,0.0,0.0,0.0,0.0,0.0,0.0,0.0,0.0,0.0,0.0,0.0,0.0,0.0,0.0,0.0,0.0,0.0,0.0,0.0,0.0,0.0,0.0,0.0,0.0,0.0,0.0,0.0,0.0,0.0,0.0,0.0,0.0,0.0,0.0,0.0,0.0,0.0,0.0,0.0,0.0,0.0,0.0,0.0,0.0,0.0,0.0,0.0,0.0,0.0,0.0,0.0,0.0,0.0,0.0,0.0,0.0,0.0,0.0,0.0,0.0,0.0,0.0,0.0,0.0,0.0,0.0,0.0,0.0,0.0,0.0,0.0,0.0,0.0,0.0,0.0,0.0,0.0,0.0,0.0,0.0,0.0,0.0,0.0,0.0,0.0,0.0,0.0,0.0,0.0,0.0,0.0,0.0,0.0,0.0,0.0,0.0,-0.0,0.0,0.0,0.0,0.0,0.0,0.0,0.0,0.0,0.0,0.0,0.0,0.0,0.0,0.0,0.0,0.0,0.0,0.0,0.0,0.0,0.0,0.0,0.0,0.0,0.0,0.0,0.0,0.0,0.0,0.0,0.0,0.0,0.0,0.0,0.0,0.0,0.0,0.0,0.0,0.0,0.0,0.0,0.0,0.0,0.0,0.0,0.0,0.0,0.0,0.0,0.0,0.0,0.0,0.0,0.0,0.0,0.0,0.0,0.0,0.0,0.0,0.0,0.0,0.0,0.0,0.0,0.0,0.0,0.0,0.0,0.0,0.0,0.0,0.0,0.0,0.0,0.0,0.0,0.0,0.0,0.0,0.0,0.0,0.0,0.0,0.0,0.0,0.0,0.0,0.0,0.0,0.0,0.0,0.0,0.0,0.0,0.0,0.0,0.0,0.0,0.0,0.0,0.0,0.0,0.0,0.0,0.0,0.0,0.0,0.0,0.0,0.0,0.0,0.0,0.0,0.0,0.0,0.0,0.0,0.0,0.0,0.0,0.0,0.0,0.0,0.0,0.0,0.0,0.0,0.0,0.0,0.0,0.0,0.0,0.0,0.0,0.0,0.0,0.0,0.0,0.0,0.0,0.0,0.0,0.0,0.0,0.0,0.0,0.0,0.0,0.0,0.0,0.0,0.0,0.0,0.0,0.0,0.0,0.0,0.0,0.0,0.0,0.0,0.0,0.0,0.0,0.0,0.0,0.0,0.0,0.0,0.0,0.0,0.0,0.0,0.0,0.0,0.0,0.0,0.0,0.0,0.0,0.0,0.0,0.0,0.0,0.0,0.0,0.0,0.0,0.0,0.0,0.0,0.0,0.0,0.0,0.0,0.0,0.0,0.0,0.0,0.0,0.0,0.0,0.0,0.0,0.0,0.0,0.0,0.0,0.0,0.0,0.0,0.0,0.0,0.0,0.0,0.0,0.0,0.0,0.0,0.0,0.0,0.0,0.0,0.0,0.0,0.0,0.0,0.0,0.0,0.0,0.0,0.0,0.0,0.0,0.0,0.0,0.0,0.0,0.0,0.0,0.0,0.0,0.0,0.0,0.0,0.0,0.0,0.0,0.0,0.0,0.0,0.0,0.0,0.0,0.0,0.0,0.0,0.0,0.0,0.0,0.0,0.0,0.0,0.0,0.0,0.0,0.0,0.0,0.0,0.0,0.0,0.0,0.0,0.0,0.0,0.0,0.0,0.0,0.0,0.0,0.0,0.0,0.0,0.0,0.0,0.0,0.0,0.0,0.0,0.0,0.0,0.0,0.0,0.0,0.0,0.0,0.0,0.0,0.0,0.0,0.0,0.0,0.0,0.0,0.0,0.0,0.0,0.0,0.0,0.0,0.0,0.0,0.0,0.0,0.0,0.0,0.0,0.0,0.0,0.0,0.0,0.0,0.0,0.0,0.0,0.0,0.0,0.0,0.0,0.0,0.0,0.0,0.0,0.0,0.0,0.0,0.0,0.0,0.0,0.0,0.0,0.0,0.0,0.0,0.0,0.0,0.0,0.0,0.0,0.0,0.0,0.0,0.0,0.0,0.0,0.0,0.0,0.0,0.0,0.0,0.0,0.0,0.0,0.0,0.0,0.0,0.0,0.0,0.0,0.0,0.0,0.0,0.0,0.0,0.0,0.0,0.0,0.0,0.0,0.0,0.0,0.0,0.0,0.0,0.0,0.0,0.0,0.0,0.0,0.0,0.0,0.0,0.0,0.0,0.0,0.0,0.0,0.0,0.0,0.0,0.0,0.0,0.0,0.0,0.0,0.0,0.0,0.0,0.0,0.0,0.0,0.0,0.0,0.0,0.0,0.0,0.0,0.0,0.0,0.0,0.0,0.0,0.0,0.0,0.0,0.0,0.0,0.0,0.0,0.0,0.0,0.0,0.0,0.0,0.0,0.0,0.0,0.0,0.0,0.0,0.0,0.0,0.0,0.0,0.0,0.0,0.0,0.0,0.0,0.0,0.0,0.0,0.0,0.0,0.0,0.0,0.0,0.0,0.0,0.0,0.0,0.0,0.0,0.0,0.0,0.0,0.0,0.0,0.0,0.0,0.0,0.0,0.0,0.0,0.0,0.0,0.0,0.0,0.0,0.0,0.0,0.0,0.0,0.0,0.0,0.0,0.0,0.0,0.0,0.0,0.0,0.0,0.0,0.0,0.0,0.0,0.0,0.0,0.0,0.0,0.0,0.0,0.0,0.0,0.0,0.0,0.0,0.0,0.0,0.0,0.0,0.0,0.0,0.0,0.0,0.0,0.0,0.0,0.0,0.0,0.0,0.0,0.0,0.0,0.0,0.0,0.0,0.0,0.0,0.0,0.0,0.0,0.0,0.0,0.0,0.0,0.0,0.0,0.0,0.0,0.0,0.0,0.0,0.0,0.0,0.0,0.0,0.0,0.0,0.0,0.0,0.0,0.0,0.0,0.0,0.0,0.0,0.0,0.0,0.0,0.0,0.0,0.0,0.0,0.0,0.0,0.0,0.0,0.0,0.0,0.0,0.0,0.0,0.0,0.0,0.0,0.0,0.0,0.0,0.0,0.0,0.0,0.0,0.0,0.0,0.0,0.0,0.0,0.0,0.0,0.0,0.0,0.0,0.0,0.0,0.0,0.0,0.0,0.0,0.0,0.0,0.0,0.0,-0.0,0.0,0.0,0.0,0.0,0.0,0.0,0.0,0.0,0.0,0.0,0.0,0.0,0.0,0.0,0.0,0.0,0.0,0.0,0.0,0.0,0.0,0.0,0.0,0.0,0.0,0.0,0.0,0.0,0.0,0.0,0.0,0.0,0.0,0.0,0.0,0.0,0.0,0.0,0.0,0.0,0.0,0.0,0.0,0.0,0.0,0.0,0.0,0.0,0.0,0.0,0.0,0.0,0.0,0.0,0.0,0.0,0.0,0.0,0.0,0.0,0.0,0.0,0.0,0.0,0.0,0.0,0.0,0.0,0.0,0.0,0.0,0.0,0.0,0.0,0.0,0.0,0.0,0.0,0.0,0.0,0.0,0.0,0.0,0.0,0.0,0.0,0.0,0.0,0.0,0.0,0.0,0.0,0.0,0.0,0.0,0.0,0.0,0.0,0.0,0.0,0.0,0.0,0.0,0.0,0.0,0.0,0.0,0.0,0.0,0.0,0.0,0.0,0.0,0.0,0.0,0.0,0.0,0.0,0.0,0.0,0.0,0.0,0.0,0.0,0.0,0.0,0.0,0.0,0.0,0.0,0.0,0.0,0.0,0.0,0.0,0.0,0.0,0.0,0.0,0.0,0.0,0.0,0.0,0.0,0.0,0.0,0.0,0.0,0.0,0.0,0.0,0.0,0.0,0.0,0.0,0.0,0.0,0.0,0.0,0.0,0.0,0.0,0.0,0.0,0.0,0.0,0.0,0.0,0.0,0.0,0.0,0.0,0.0,0.0,0.0,0.0,0.0,0.0,0.0,0.0,0.0,0.0,0.0,0.0,0.0,0.0,0.0,0.0,0.0,0.0,0.0,0.0,0.0,0.0,0.0,0.0,0.0,0.0,0.0,0.0,0.0,0.0,-0.0,0.0,0.0,0.0,0.0,0.0,0.0,0.0,0.0,0.0,0.0,0.0,0.0,0.0,0.0,0.0,0.0,0.0,0.0,0.0,0.0,0.0,0.0,0.0,0.0,0.0,0.0,0.0,0.0,0.0,0.0,0.0,0.0,0.0,0.0,0.0,0.0,0.0,0.0,0.0,0.0,0.0,0.0,0.0,0.0,0.0,0.0,0.0,0.0,0.0,0.0,0.0,0.0,0.0,0.0,0.0,0.0,0.0,0.0,0.0,0.0,0.0,0.0,0.0,0.0,0.0,0.0,0.0,0.0,0.0,0.0,0.0,0.0,0.0,0.0,0.0,0.0,0.0,0.0,0.0,0.0,0.0,0.0,0.0,0.0,0.0,0.0,0.0,0.0,0.0,0.0,0.0,0.0,0.0,0.0,0.0,0.0,0.0,0.0,0.0,-0.0,-0.0,0.0,0.0,0.0,0.0,0.0,0.0,0.0,0.0,0.0,0.0,0.0,0.0,0.0,0.0,0.0,0.0,0.0,0.0,0.0,0.0,0.0,0.0,0.0,0.0,0.0,0.0,0.0,0.0,0.0,0.0,0.0,0.0,0.0,0.0,0.0,0.0,0.0,0.0,0.0,0.0,0.0,0.0,0.0,0.0,0.0,0.0,0.0,0.0,0.0,0.0,0.0,0.0,0.0,0.0,0.0,0.0,0.0,0.0,0.0,0.0,0.0,0.0,0.0,0.0,0.0,0.0,0.0,0.0,0.0,0.0,0.0,0.0,0.0,0.0,0.0,0.0,0.0,0.0,0.0,0.0,0.0,0.0,0.0,0.0,0.0,0.0,0.0,0.0,0.0,0.0,0.0,0.0,0.0,0.0,0.0,0.0,0.0,0.0,0.0,-0.0,0.0,0.0,0.0,0.0,0.0,0.0,0.0,0.0,0.0,0.0,0.0,0.0,0.0,0.0,0.0,0.0,0.0,0.0,0.0,0.0,0.0,0.0,0.0,0.0,0.0,0.0,0.0,0.0,0.0,0.0,0.0,0.0,0.0,0.0,0.0,0.0,0.0,0.0,0.0,0.0,0.0,0.0,0.0,0.0,0.0,0.0,0.0,0.0,0.0,0.0,0.0,0.0,0.0,0.0,0.0,0.0,0.0,0.0,0.0,0.0,0.0,0.0,0.0,0.0,0.0,0.0,0.0,0.0,0.0,0.0,0.0,0.0,0.0,0.0,0.0,0.0,0.0,0.0,0.0,0.0,0.0,0.0,0.0,0.0,0.0,0.0,0.0,0.0,0.0,0.0,0.0,0.0,0.0,0.0,0.0,0.0,0.0,0.0,0.0,0.0,0.0,-0.0,0.0,0.0,0.0,0.0,0.0,0.0,0.0,0.0,0.0,0.0,0.0,0.0,0.0,0.0,0.0,0.0,0.0,0.0,0.0,0.0,0.0,0.0,0.0,0.0,0.0,0.0,0.0,0.0,0.0,0.0,0.0,0.0,0.0,0.0,0.0,0.0,0.0,0.0,0.0,0.0,0.0,0.0,0.0,0.0,0.0,0.0,0.0,0.0,0.0,0.0,0.0,0.0,0.0,0.0,0.0,0.0,0.0,0.0,0.0,0.0,0.0,0.0,0.0,0.0,0.0,0.0,0.0,0.0,0.0,0.0,0.0,0.0,0.0,0.0,0.0,0.0,0.0,0.0,0.0,0.0,0.0,0.0,0.0,0.0,0.0,0.0,0.0,0.0,0.0,0.0,0.0,0.0,0.0,0.0,0.0,0.0,0.0,0.0,0.0,-0.0,0.0,0.0,0.0,0.0,0.0,0.0,0.0,0.0,0.0,0.0,0.0,0.0,0.0,0.0,0.0,0.0,0.0,0.0,0.0,0.0,0.0,0.0,0.0,0.0,0.0,0.0,0.0,0.0,0.0,0.0,0.0,0.0,0.0,0.0,0.0,0.0,0.0,0.0,0.0,0.0,0.0,0.0,0.0,0.0,0.0,0.0,0.0,0.0,0.0,0.0,0.0,0.0,0.0,0.0,0.0,0.0,0.0,0.0,0.0,0.0,0.0,0.0,0.0,0.0,0.0,0.0,0.0,0.0,0.0,0.0,0.0,0.0,0.0,0.0,0.0,0.0,0.0,0.0,0.0,0.0,0.0,0.0,0.0,0.0,0.0,0.0,0.0,0.0,0.0,0.0,0.0,0.0,0.0,0.0,0.0,0.0,0.0,0.0,0.0,0.0,0.0,-0.0,0.0,-0.0,0.0,0.0,0.0,0.0,0.0,0.0,0.0,0.0,0.0,0.0,0.0,0.0,0.0,0.0,0.0,0.0,0.0,0.0,0.0,0.0,0.0,0.0,0.0,0.0,0.0,0.0,-0.0,0.0,0.0,0.0,0.0,0.0,0.0,0.0,0.0,0.0,0.0,0.0,0.0,0.0,0.0,0.0,0.0,0.0,0.0,0.0,0.0,0.0,0.0,0.0,0.0,-0.0,0.0,0.0,-0.0,0.0,-0.0,-0.0,0.0,0.0,0.0,0.0,0.0,0.0,0.0,0.0,0.0,0.0,0.0,-0.0,0.0,0.0,0.0,0.0,0.0,0.0,0.0,0.0,0.0,-0.0,0.0,0.0,0.0,0.0,0.0,0.0,0.0,0.0,0.0,0.0,0.0,0.0,0.0,0.0,0.0,0.0,0.0,-0.0,0.0,0.0,0.0,0.0,0.0,0.0,0.0,0.0,0.0,0.0,0.0,0.0,0.0,0.0,0.0,0.0,0.0,0.0,0.0,0.0,0.0,0.0,0.0,0.0,0.0,0.0,0.0,0.0,0.0,0.0,-0.0,0.0,0.0,0.0,0.0,0.0,0.0,0.0,0.0,0.0,0.0,0.0,0.0,0.0,0.0,0.0,0.0,0.0,0.0,0.0,0.0,0.0,0.0,0.0,0.0,0.0,0.0,0.0,0.0,0.0,0.0,0.0,0.0,0.0,0.0,0.0,0.0,0.0,0.0,0.0,0.0,0.0,0.0,0.0,0.0,0.0,0.0,0.0,0.0,0.0,0.0,0.0,0.0,0.0,0.0,0.0,0.0,0.0,0.0,0.0,0.0,0.0,0.0,0.0,0.0,0.0,0.0,0.0,0.0,0.0,0.0,0.0,0.0,0.0,0.0,0.0,0.0,0.0,0.0,0.0,0.0,0.0,0.0,0.0,0.0,0.0,0.0,0.0,0.0,0.0,0.0,0.0,0.0,0.0,0.0,0.0,0.0,0.0,0.0,0.0,0.0,-0.0,0.0,0.0,0.0,0.0,0.0,0.0,0.0,0.0,0.0,0.0,0.0,0.0,0.0,0.0,0.0,0.0,0.0,0.0,0.0,0.0,0.0,0.0,0.0,0.0,0.0,0.0,0.0,0.0,0.0,0.0,0.0,0.0,0.0,0.0,0.0,0.0,0.0,0.0,0.0,0.0,0.0,0.0,0.0,0.0,0.0,0.0,0.0,0.0,0.0,0.0,0.0,0.0,0.0,0.0,0.0,0.0,0.0,0.0,0.0,0.0,0.0,0.0,0.0,0.0,0.0,0.0,0.0,0.0,0.0,0.0,0.0,0.0,0.0,0.0,0.0,0.0,0.0,0.0,0.0,0.0,0.0,0.0,0.0,0.0,0.0,0.0,0.0,0.0,0.0,0.0,0.0,0.0,0.0,0.0,0.0,0.0,0.0,0.0,0.0,0.0,0.0,0.0,0.0,0.0,0.0,0.0,0.0,0.0,0.0,0.0,0.0,0.0,0.0,0.0,0.0,0.0,0.0,0.0,0.0,0.0,0.0,0.0,0.0,0.0,0.0,0.0,0.0,0.0,0.0,0.0,0.0,0.0,0.0,0.0,0.0,0.0,0.0,0.0,0.0,0.0,0.0,0.0,0.0,0.0,0.0,0.0,0.0,0.0,0.0,0.0,0.0,0.0,0.0,0.0,0.0,0.0,0.0,0.0,0.0,0.0,0.0,0.0,0.0,0.0,0.0,0.0,0.0,0.0,0.0,0.0,0.0,0.0,0.0,0.0,0.0,0.0,0.0,0.0,0.0,0.0,0.0,0.0,0.0,0.0,0.0,0.0,0.0,0.0,0.0,0.0,0.0,0.0,0.0,0.0,0.0,0.0,0.0,0.0,0.0,0.0,0.0,0.0,0.0,0.0,0.0,0.0,0.0,0.0,0.0,0.0,0.0,0.0,0.0,0.0,0.0,0.0,0.0,0.0,0.0,0.0,0.0,0.0,0.0,0.0,0.0,0.0,0.0,0.0,0.0,0.0,0.0,0.0,0.0,0.0,0.0,0.0,0.0,0.0,0.0,0.0,0.0,0.0,0.0,0.0,0.0,0.0,0.0,0.0,0.0,0.0,0.0,0.0,0.0,0.0,0.0,0.0,0.0,0.0,0.0,0.0,0.0,0.0,0.0,0.0,0.0,0.0,0.0,0.0,0.0,0.0,0.0,0.0,0.0,0.0,0.0,0.0,0.0,0.0,0.0,0.0,0.0,0.0,0.0,0.0,0.0,0.0,0.0,0.0,0.0,0.0,0.0,0.0,0.0,0.0,0.0,0.0,0.0,0.0,0.0,0.0,0.0,0.0,0.0,0.0,0.0,0.0,0.0,0.0,0.0,0.0,0.0,0.0,0.0,0.0,0.0,0.0,0.0,0.0,0.0,0.0,0.0,0.0,0.0,0.0,0.0,0.0,0.0,0.0,0.0,0.0,0.0,0.0,0.0,0.0,0.0,0.0,0.0,0.0,0.0,0.0,0.0,0.0,0.0,0.0,0.0,0.0,0.0,0.0,0.0,0.0,0.0,0.0,0.0,0.0,0.0,0.0,0.0,0.0,0.0,0.0,0.0,0.0,0.0,0.0,0.0,0.0,0.0,0.0,0.0,0.0,0.0,0.0,0.0,-0.0,0.0,0.0,0.0,0.0,0.0,0.0,0.0,0.0,0.0,0.0,0.0,0.0,0.0,0.0,0.0,0.0,0.0,0.0,0.0,0.0,0.0,0.0,0.0,0.0,0.0,0.0,0.0,0.0,0.0,0.0,0.0,0.0,0.0,0.0,0.0,0.0,0.0,0.0,0.0,0.0,0.0,0.0,0.0,0.0,0.0,0.0,0.0,0.0,0.0,0.0,0.0,0.0,0.0,0.0,0.0,0.0,0.0,0.0,0.0,0.0,0.0,0.0,0.0,0.0,0.0,0.0,0.0,0.0,0.0,0.0,0.0,0.0,0.0,0.0,0.0,0.0,0.0,0.0,0.0,0.0,0.0,0.0,0.0,0.0,0.0,0.0,0.0,0.0,0.0,0.0,0.0,0.0,0.0,0.0,0.0,0.0,0.0,0.0,0.0,-0.0,0.0,0.0,0.0,0.0,0.0,0.0,0.0,0.0,0.0,0.0,0.0,0.0,0.0,0.0,0.0,0.0,0.0,0.0,0.0,0.0,0.0,0.0,0.0,0.0,0.0,0.0,0.0,0.0,0.0,0.0,0.0,0.0,0.0,0.0,0.0,0.0,0.0,0.0,0.0,0.0,0.0,0.0,0.0,0.0,0.0,0.0,0.0,0.0,0.0,0.0,0.0,0.0,0.0,0.0,0.0,0.0,0.0,0.0,0.0,0.0,0.0,0.0,0.0,0.0,0.0,0.0,0.0,0.0,0.0,0.0,0.0,0.0,0.0,0.0,0.0,0.0,0.0,0.0,0.0,0.0,0.0,0.0,0.0,0.0,0.0,0.0,0.0,0.0,0.0,0.0,0.0,0.0,0.0,0.0,0.0,0.0,0.0,0.0,0.0,0.0,0.0,-0.0,0.0,0.0,0.0,0.0,0.0,0.0,0.0,0.0,0.0,0.0,0.0,0.0,0.0,0.0,0.0,0.0,0.0,0.0,0.0,0.0,0.0,0.0,0.0,0.0,0.0,0.0,0.0,0.0,0.0,0.0,0.0,0.0,0.0,0.0,0.0,0.0,0.0,0.0,0.0,0.0,0.0,0.0,0.0,0.0,0.0,0.0,0.0,0.0,0.0,0.0,0.0,0.0,0.0,0.0,0.0,0.0,0.0,0.0,0.0,0.0,0.0,0.0,0.0,0.0,0.0,0.0,0.0,0.0,0.0,0.0,0.0,0.0,0.0,0.0,0.0,0.0,0.0,0.0,0.0,0.0,0.0,0.0,0.0,0.0,0.0,0.0,0.0,0.0,0.0,0.0,0.0,0.0,0.0,0.0,0.0,0.0,0.0,0.0,0.0,-0.0,0.0,0.0,0.0,0.0,0.0,0.0,0.0,0.0,0.0,0.0,0.0,0.0,0.0,0.0,0.0,0.0,0.0,0.0,0.0,0.0,0.0,0.0,0.0,0.0,0.0,0.0,0.0,0.0,0.0,0.0,0.0,0.0,0.0,0.0,0.0,0.0,0.0,0.0,0.0,0.0,0.0,0.0,0.0,0.0,0.0,0.0,0.0,0.0,0.0,0.0,0.0,0.0,0.0,0.0,0.0,0.0,0.0,0.0,0.0,0.0,0.0,0.0,0.0,0.0,0.0,0.0,0.0,0.0,0.0,0.0,0.0,0.0,0.0,0.0,0.0,0.0,0.0,0.0,0.0,0.0,0.0,0.0,0.0,0.0,0.0,0.0,0.0,0.0,0.0,0.0,0.0,0.0,0.0,0.0,0.0,0.0,0.0,0.0,0.0,0.0,0.0,0.0,0.0,0.0,0.0,0.0,0.0,0.0,0.0,0.0,0.0,0.0,0.0,0.0,0.0,0.0,0.0,0.0,0.0,0.0,0.0,0.0,0.0,0.0,0.0,0.0,0.0,0.0,0.0,0.0,0.0,0.0,0.0,0.0,0.0,0.0,0.0,0.0,0.0,0.0,0.0,0.0,0.0,0.0,0.0,0.0,0.0,0.0,0.0,0.0,0.0,0.0,0.0,0.0,0.0,0.0,0.0,0.0,0.0,0.0,0.0,0.0,0.0,0.0,0.0,0.0,0.0,0.0,0.0,0.0,0.0,0.0,0.0,0.0,0.0,0.0,0.0,0.0,0.0,0.0,0.0,0.0,0.0,0.0,0.0,0.0,0.0,0.0,0.0,0.0,0.0,0.0,0.0,0.0,0.0,0.0,0.0,0.0,0.0,0.0,0.0,0.0,0.0,0.0,0.0,0.0,0.0,0.0,0.0,0.0,0.0,0.0,0.0,0.0,0.0,0.0,0.0,0.0,0.0,0.0,0.0,0.0,0.0,0.0,0.0,0.0,0.0,0.0,0.0,0.0,0.0,0.0,0.0,0.0,0.0,0.0,0.0,0.0,0.0,0.0,0.0,0.0,0.0,0.0,0.0,0.0,0.0,0.0,0.0,0.0,0.0,0.0,0.0,0.0,0.0,0.0,0.0,0.0,0.0,0.0,0.0,0.0,0.0,0.0,0.0,0.0,0.0,0.0,0.0,0.0,0.0,0.0,0.0,0.0,0.0,0.0,0.0,0.0,0.0,0.0,0.0,0.0,0.0,0.0,0.0,0.0,0.0,0.0,0.0,0.0,0.0,0.0,0.0,0.0,0.0,0.0,0.0,0.0,0.0,0.0,0.0,0.0,0.0,0.0,0.0,0.0,0.0,0.0,0.0,0.0,0.0,0.0,0.0,0.0,0.0,0.0,0.0,0.0,0.0,0.0,0.0,0.0,0.0,0.0,0.0,0.0,0.0,0.0,0.0,0.0,0.0,0.0,0.0,0.0,0.0,0.0,0.0,0.0,0.0,0.0,0.0,0.0,0.0,0.0,0.0,0.0,0.0,0.0,0.0,0.0,0.0,0.0,0.0,0.0,0.0,0.0,0.0,0.0,0.0,0.0,0.0,0.0,0.0,0.0,0.0,0.0,0.0,0.0,0.0,0.0,0.0,0.0,0.0,0.0,0.0,0.0,0.0,0.0,0.0,0.0,0.0,0.0,0.0,0.0,0.0,0.0,0.0,0.0,0.0,0.0,0.0,0.0,0.0,0.0,0.0,0.0,0.0,0.0,0.0,0.0,0.0,0.0,0.0,0.0,0.0,0.0,0.0,0.0,0.0,0.0,0.0,0.0,0.0,0.0,0.0,0.0,0.0,0.0,0.0,0.0,0.0,0.0,0.0,0.0,0.0,0.0,0.0,0.0,0.0,0.0,0.0,0.0,0.0,0.0,0.0,0.0,0.0,0.0,0.0,0.0,0.0,0.0,0.0,0.0,0.0,0.0,0.0,0.0,0.0,0.0,0.0,0.0,0.0,0.0,0.0,0.0,0.0,0.0,0.0,0.0,0.0,0.0,0.0,0.0,0.0,0.0,0.0,0.0,0.0,0.0,0.0,0.0,0.0,0.0,0.0,0.0,0.0,0.0,0.0,0.0,0.0,0.0,0.0,0.0,0.0,0.0,0.0,0.0,0.0,0.0,0.0,0.0,0.0,0.0,0.0,0.0,0.0,0.0,0.0,0.0,0.0,0.0,0.0,0.0,0.0,0.0,0.0,0.0,0.0,0.0,0.0,0.0,0.0,0.0,0.0,0.0,0.0,0.0,0.0,0.0,0.0,0.0,0.0,0.0,0.0,0.0,0.0,0.0,0.0,0.0,0.0,0.0,0.0,0.0,0.0,0.0,0.0,0.0,0.0,0.0,0.0,0.0,0.0,0.0,0.0,0.0,0.0,0.0,0.0,0.0,0.0,0.0,0.0,0.0,0.0,0.0,0.0,0.0,0.0,0.0,0.0,0.0,0.0,0.0,0.0,0.0,0.0,0.0,0.0,0.0,0.0,0.0,0.0,0.0,0.0,0.0,0.0,0.0,0.0,0.0,0.0,0.0,0.0,0.0,0.0,0.0,0.0,0.0,0.0,0.0,0.0,0.0,0.0,0.0,0.0,0.0,0.0,0.0,0.0,0.0,0.0,0.0,0.0,0.0,0.0,0.0,0.0,0.0,0.0,0.0,0.0,0.0,0.0,0.0,0.0,0.0,0.0,0.0,0.0,0.0,0.0,0.0,0.0,0.0,0.0,0.0,0.0,0.0,0.0,0.0,0.0,0.0,0.0,0.0,0.0,0.0,0.0,0.0,0.0,0.0,0.0,0.0,0.0,0.0,0.0,0.0,0.0,0.0,0.0,0.0,0.0,0.0,0.0,0.0,0.0,0.0,0.0,0.0,0.0,0.0,0.0,0.0,0.0,0.0,0.0,0.0,0.0,0.0,0.0,0.0,0.0,0.0,0.0,0.0,0.0,0.0,0.0,0.0,0.0,0.0,0.0,0.0,0.0,0.0,0.0,0.0,0.0,0.0,0.0,0.0,0.0,0.0,0.0,0.0,0.0,0.0,0.0,0.0,0.0,0.0,0.0,0.0,0.0,0.0,0.0,0.0,0.0,0.0,0.0,0.0,0.0,0.0,0.0,0.0,0.0,0.0,0.0,0.0,0.0,0.0,0.0,0.0,0.0,0.0,0.0,0.0,0.0,0.0,0.0,0.0,0.0,0.0,0.0,0.0,0.0,0.0,0.0,0.0,0.0,0.0,0.0,0.0,0.0,0.0,0.0,0.0,0.0,0.0,0.0,0.0,0.0,0.0,0.0,0.0,0.0,0.0,0.0,0.0,0.0,0.0,0.0,0.0,0.0,0.0,0.0,0.0,0.0,0.0,0.0,0.0,0.0,0.0,0.0,0.0,0.0,0.0,0.0,0.0,0.0,0.0,0.0,0.0,0.0,0.0,0.0,0.0,0.0,0.0,0.0,0.0,0.0,0.0,0.0,0.0,0.0,0.0,0.0,0.0,0.0,0.0,0.0,0.0,0.0,0.0,0.0,0.0,0.0,0.0,-0.0,0.0,0.0,0.0,0.0,0.0,0.0,0.0,0.0,0.0,0.0,0.0,0.0,0.0,0.0,0.0,0.0,0.0,0.0,0.0,0.0,0.0,0.0,0.0,0.0,0.0,0.0,0.0,0.0,0.0,0.0,0.0,0.0,0.0,0.0,0.0,0.0,0.0,0.0,0.0,0.0,0.0,0.0,0.0,0.0,0.0,0.0,0.0,0.0,0.0,0.0,0.0,0.0,0.0,0.0,0.0,0.0,0.0,0.0,0.0,0.0,0.0,0.0,0.0,0.0,0.0,0.0,0.0,0.0,0.0,0.0,0.0,0.0,0.0,0.0,0.0,0.0,0.0,0.0,0.0,0.0,0.0,0.0,0.0,0.0,0.0,0.0,0.0,0.0,0.0,0.0,0.0,0.0,0.0,0.0,0.0,0.0,0.0,0.0,0.0,-0.0,0.0,0.0,0.0,0.0,0.0,0.0,0.0,0.0,0.0,0.0,0.0,0.0,0.0,0.0,0.0,0.0,0.0,0.0,0.0,0.0,0.0,0.0,0.0,0.0,0.0,0.0,0.0,0.0,0.0,0.0,0.0,0.0,0.0,0.0,0.0,0.0,0.0,0.0,0.0,0.0,0.0,0.0,0.0,0.0,0.0,0.0,0.0,0.0,0.0,0.0,0.0,0.0,0.0,0.0,0.0,0.0,0.0,0.0,0.0,0.0,0.0,0.0,0.0,0.0,0.0,0.0,0.0,0.0,0.0,0.0,0.0,0.0,0.0,0.0,0.0,0.0,0.0,0.0,0.0,0.0,0.0,0.0,0.0,0.0,0.0,0.0,0.0,0.0,0.0,0.0,0.0,0.0,0.0,0.0,0.0,0.0,0.0,0.0,0.0,0.0,0.0,0.0,0.0,0.0,0.0,0.0,0.0,0.0,0.0,0.0,0.0,0.0,0.0,0.0,0.0,0.0,0.0,0.0,0.0,0.0,0.0,0.0,0.0,0.0,0.0,0.0,0.0,0.0,0.0,0.0,0.0,0.0,0.0,0.0,0.0,0.0,0.0,0.0,0.0,0.0,0.0,0.0,0.0,0.0,0.0,0.0,0.0,0.0,0.0,0.0,0.0,0.0,0.0,0.0,0.0,0.0,0.0,0.0,0.0,0.0,0.0,0.0,0.0,0.0,0.0,0.0,0.0,0.0,0.0,0.0,0.0,0.0,0.0,0.0,0.0,0.0,0.0,0.0,0.0,0.0,0.0,0.0,0.0,0.0,0.0,0.0,0.0,0.0,0.0,0.0,0.0,0.0,0.0,0.0,0.0,0.0,0.0,0.0,0.0,0.0,0.0,0.0,0.0,0.0,0.0,0.0,0.0,0.0,0.0,0.0,0.0,0.0,0.0,0.0,0.0,0.0,0.0,0.0,0.0,0.0,0.0,0.0,0.0,0.0,0.0,0.0,0.0,0.0,0.0,0.0,0.0,0.0,0.0,0.0,0.0,0.0,0.0,0.0,0.0,0.0,0.0,0.0,0.0,0.0,0.0,0.0,0.0,0.0,0.0,0.0,0.0,0.0,0.0,0.0,0.0,0.0,0.0,0.0,0.0,0.0,0.0,0.0,0.0,0.0,0.0,0.0,0.0,0.0,0.0,0.0,0.0,0.0,0.0,0.0,0.0,0.0,0.0,0.0,0.0,0.0,0.0,0.0,0.0,0.0,0.0,0.0,0.0,0.0,0.0,0.0,0.0,0.0,0.0,0.0,0.0,0.0,0.0,0.0,0.0,0.0,0.0,0.0,-0.0,0.0,0.0,0.0,0.0,0.0,0.0,0.0,0.0,0.0,0.0,0.0,0.0,0.0,0.0,0.0,0.0,0.0,0.0,0.0,0.0,0.0,0.0,0.0,0.0,0.0,0.0,0.0,0.0,0.0,0.0,0.0,0.0,0.0,0.0,0.0,0.0,0.0,0.0,0.0,0.0,0.0,0.0,0.0,0.0,0.0,0.0,0.0,0.0,0.0,0.0,0.0,0.0,0.0,0.0,0.0,0.0,0.0,0.0,0.0,0.0,0.0,0.0,0.0,0.0,0.0,0.0,0.0,0.0,0.0,0.0,0.0,0.0,0.0,0.0,0.0,0.0,0.0,0.0,0.0,0.0,0.0,0.0,0.0,0.0,0.0,0.0,0.0,0.0,0.0,0.0,0.0,0.0,0.0,0.0,0.0,0.0,0.0,0.0,0.0,0.0,0.0,-0.0,0.0,0.0,0.0,0.0,0.0,0.0,0.0,0.0,0.0,0.0,0.0,0.0,0.0,0.0,0.0,0.0,0.0,0.0,0.0,0.0,0.0,0.0,0.0,0.0,0.0,0.0,0.0,0.0,0.0,0.0,0.0,0.0,0.0,0.0,0.0,0.0,0.0,0.0,0.0,0.0,0.0,0.0,0.0,0.0,0.0,0.0,0.0,0.0,0.0,0.0,0.0,0.0,0.0,0.0,0.0,0.0,0.0,0.0,0.0,0.0,0.0,0.0,0.0,0.0,0.0,0.0,0.0,0.0,0.0,0.0,0.0,0.0,0.0,0.0,0.0,0.0,0.0,0.0,0.0,0.0,0.0,0.0,0.0,0.0,0.0,0.0,0.0,0.0,0.0,0.0,0.0,0.0,0.0,0.0,0.0,0.0,0.0,0.0,0.0,-0.0,0.0,0.0,0.0,0.0,0.0,0.0,0.0,0.0,0.0,0.0,0.0,0.0,0.0,0.0,0.0,0.0,0.0,0.0,0.0,0.0,0.0,0.0,0.0,0.0,0.0,0.0,0.0,0.0,0.0,0.0,0.0,0.0,0.0,0.0,0.0,0.0,0.0,0.0,0.0,0.0,0.0,0.0,0.0,0.0,0.0,0.0,0.0,0.0,0.0,0.0,0.0,0.0,0.0,0.0,0.0,0.0,0.0,0.0,0.0,0.0,0.0,0.0,0.0,0.0,0.0,0.0,0.0,0.0,0.0,0.0,0.0,0.0,0.0,0.0,0.0,0.0,0.0,0.0,0.0,0.0,0.0,0.0,0.0,0.0,0.0,0.0,0.0,0.0,0.0,0.0,0.0,0.0,0.0,0.0,0.0,0.0,0.0,0.0,0.0,0.0,0.0,0.0,0.0,0.0,0.0,0.0,0.0,0.0,0.0,0.0,0.0,0.0,0.0,0.0,0.0,0.0,0.0,0.0,0.0,0.0,0.0,0.0,0.0,0.0,0.0,0.0,0.0,0.0,0.0,0.0,0.0,0.0,0.0,0.0,0.0,0.0,0.0,0.0,0.0,0.0,0.0,0.0,0.0,0.0,0.0,0.0,0.0,0.0,0.0,0.0,0.0,0.0,0.0,0.0,0.0,0.0,0.0,0.0,0.0,0.0,0.0,0.0,0.0,0.0,0.0,0.0,0.0,0.0,0.0,0.0,0.0,0.0,0.0,0.0,0.0,0.0,0.0,0.0,0.0,0.0,0.0,0.0,0.0,0.0,0.0,0.0,0.0,0.0,0.0,0.0,0.0,0.0,0.0,0.0,0.0,0.0,0.0,0.0,0.0,0.0,0.0,0.0,0.0,0.0,0.0,0.0,0.0,0.0,0.0,0.0,0.0,0.0,0.0,0.0,0.0,0.0,0.0,0.0,0.0,0.0,0.0,0.0,0.0,0.0,0.0,0.0,0.0,0.0,0.0,0.0,0.0,0.0,0.0,0.0,0.0,0.0,0.0,0.0,0.0,0.0,0.0,0.0,0.0,0.0,0.0,0.0,0.0,0.0,0.0,0.0,0.0,0.0,0.0,0.0,0.0,0.0,0.0,0.0,0.0,0.0,0.0,0.0,0.0,0.0,0.0,0.0,0.0,0.0,0.0,0.0,0.0,0.0,0.0,0.0,0.0,0.0,0.0,0.0,0.0,0.0,0.0,0.0,0.0,0.0,0.0,0.0,0.0,0.0,0.0,0.0,0.0,0.0,0.0,0.0,0.0,0.0,0.0,0.0,0.0,0.0,0.0,0.0,0.0,-0.0,0.0,0.0,0.0,0.0,0.0,0.0,0.0,0.0,0.0,0.0,0.0,0.0,0.0,0.0,0.0,0.0,0.0,0.0,0.0,0.0,0.0,0.0,0.0,0.0,0.0,0.0,0.0,0.0,0.0,-0.0,0.0,0.0,0.0,0.0,0.0,0.0,0.0,0.0,0.0,0.0,0.0,0.0,0.0,0.0,0.0,0.0,0.0,0.0,0.0,0.0,0.0,0.0,0.0,0.0,0.0,0.0,0.0,0.0,0.0,0.0,0.0,0.0,0.0,0.0,0.0,0.0,0.0,0.0,0.0,0.0,0.0,0.0,0.0,0.0,0.0,0.0,0.0,0.0,0.0,0.0,0.0,0.0,0.0,0.0,0.0,0.0,0.0,0.0,0.0,0.0,0.0,0.0,0.0,0.0,0.0,0.0,0.0,0.0,0.0,-0.0,0.0,0.0,0.0,0.0,0.0,0.0,0.0,0.0,0.0,0.0,0.0,0.0,0.0,0.0,0.0,0.0,0.0,0.0,0.0,0.0,0.0,0.0,0.0,0.0,0.0,0.0,0.0,0.0,0.0,0.0,-0.0,0.0,0.0,0.0,0.0,0.0,0.0,0.0,0.0,0.0,0.0,0.0,0.0,0.0,0.0,0.0,0.0,0.0,0.0,0.0,0.0,0.0,0.0,0.0,0.0,0.0,0.0,0.0,0.0,0.0,0.0,0.0,0.0,0.0,0.0,0.0,0.0,0.0,0.0,0.0,0.0,0.0,0.0,0.0,0.0,0.0,0.0,0.0,0.0,0.0,0.0,0.0,0.0,0.0,0.0,0.0,0.0,0.0,0.0,0.0,0.0,0.0,0.0,0.0,0.0,0.0,0.0,0.0,0.0,0.0,0.0,0.0,0.0,0.0,0.0,0.0,0.0,0.0,0.0,0.0,0.0,0.0,0.0,0.0,0.0,0.0,0.0,0.0,0.0,0.0,0.0,0.0,0.0,0.0,0.0,0.0,0.0,0.0,0.0,0.0,0.0,0.0,0.0,0.0,0.0,0.0,0.0,0.0,0.0,0.0,0.0,0.0,0.0,0.0,0.0,0.0,0.0,0.0,0.0,0.0,0.0,0.0,0.0,0.0,0.0,0.0,0.0,0.0,0.0,0.0,0.0,0.0,0.0,0.0,0.0,0.0,0.0,0.0,0.0,0.0,0.0,0.0,0.0,0.0,0.0,0.0,0.0,0.0,0.0,0.0,0.0,0.0,0.0,0.0,0.0,0.0,0.0,0.0,0.0,0.0,0.0,0.0,0.0,0.0,0.0,0.0,0.0,0.0,0.0,0.0,0.0,-0.0,0.0,0.0,0.0,0.0,0.0,0.0,0.0,0.0,0.0,0.0,0.0,0.0,0.0,0.0,0.0,0.0,0.0,0.0,0.0,0.0,0.0,0.0,0.0,0.0,0.0,0.0,0.0,0.0,0.0,0.0,0.0,0.0,0.0,0.0,0.0,0.0,0.0,0.0,0.0,0.0,0.0,0.0,0.0,0.0,0.0,0.0,0.0,0.0,0.0,0.0,0.0,0.0,0.0,0.0,0.0,0.0,0.0,0.0,0.0,0.0,0.0,0.0,0.0,0.0,0.0,0.0,0.0,0.0,0.0,0.0,0.0,0.0,0.0,0.0,0.0,0.0,0.0,0.0,0.0,0.0,0.0,0.0,0.0,0.0,0.0,0.0,0.0,0.0,0.0,0.0,0.0,0.0,0.0,0.0,0.0,0.0,0.0,0.0,0.0,0.0,0.0,0.0,0.0,-0.0,0.0,-0.0,0.0,0.0,-0.0,-0.0,-0.0,-0.0,-0.0,0.0,-0.0,0.0,0.0,-0.0,0.0,-0.0,0.0,-0.0,-0.0,-0.0,0.0,0.0,-0.0,0.0,-0.0,-0.0,0.0,0.0,0.0,-0.0,0.0,0.0,0.0,0.0,-0.0,-0.0,0.0,-0.0,0.0,-0.0,0.0,-0.0,-0.0,-0.0,-0.0,-0.0,-0.0,-0.0,0.0,-0.0,0.0,0.0,-0.0,-0.0,-0.0,-0.0,-0.0,-0.0,0.0,-0.0,0.0,-0.0,-0.0,0.0,-0.0,0.0,-0.0,0.0,-0.0,-0.0,-0.0,-0.0,-0.0,0.0,-0.0,0.0,0.0,0.0,-0.0,-0.0,-0.0,-0.0,-0.0,-0.0,0.0,0.0,0.0,-0.0,-0.0,0.0,-0.0,-0.0,0.0,-0.0,-0.0,0.0,-0.0,0.0
