,0,1,2,3,4,5,6,7,8,9,10,11,12,13,14,15,16,17,18,19,20,21,22,23,24,25,26,27,28,29,30,31,32,33,34,35,36,37,38,39,40,41,42,43,44,45,46,47,48,49,50,51,52,53,54,55,56,57,58,59,60,61,62,63,64,65,66,67,68,69,70,71,72,73,74,75,76,77,78,79,80,81,82,83,84,85,86,87,88,89,90,91,92,93,94,95,96,97,98,99,100,101,102,103,104,105,106,107,108,109,110,111,112,113,114,115,116,117,118,119,120,121,122,123,124,125,126,127,128,129,130,131,132,133,134,135,136,137,138,139,140,141,142,143,144,145,146,147,148,149,150,151,152,153,154,155,156,157,158,159,160,161,162,163,164,165,166,167,168,169,170,171,172,173,174,175,176,177,178,179,180,181,182,183,184,185,186,187,188,189,190,191,192,193,194,195,196,197,198,199,200,201,202,203,204,205,206,207,208,209,210,211,212,213,214,215,216,217,218,219,220,221,222,223,224,225,226,227,228,229,230,231,232,233,234,235,236,237,238,239,240,241,242,243,244,245,246,247,248,249,250,251,252,253,254,255,256,257,258,259,260,261,262,263,264,265,266,267,268,269,270,271,272,273,274,275,276,277,278,279,280,281,282,283,284,285,286,287,288,289,290,291,292,293,294,295,296,297,298,299,300,301,302,303,304,305,306,307,308,309,310,311,312,313,314,315,316,317,318,319,320,321,322,323,324,325,326,327,328,329,330,331,332,333,334,335,336,337,338,339,340,341,342,343,344,345,346,347,348,349,350,351,352,353,354,355,356,357,358,359,360,361,362,363,364,365,366,367,368,369,370,371,372,373,374,375,376,377,378,379,380,381,382,383,384,385,386,387,388,389,390,391,392,393,394,395,396,397,398,399,400,401,402,403,404,405,406,407,408,409,410,411,412,413,414,415,416,417,418,419,420,421,422,423,424,425,426,427,428,429,430,431,432,433,434,435,436,437,438,439,440,441,442,443,444,445,446,447,448,449,450,451,452,453,454,455,456,457,458,459,460,461,462,463,464,465,466,467,468,469,470,471,472,473,474,475,476,477,478,479,480,481,482,483,484,485,486,487,488,489,490,491,492,493,494,495,496,497,498,499,500,501,502,503,504,505,506,507,508,509,510,511,512,513,514,515,516,517,518,519,520,521,522,523,524,525,526,527,528,529,530,531,532,533,534,535,536,537,538,539,540,541,542,543,544,545,546,547,548,549,550,551,552,553,554,555,556,557,558,559,560,561,562,563,564,565,566,567,568,569,570,571,572,573,574,575,576,577,578,579,580,581,582,583,584,585,586,587,588,589,590,591,592,593,594,595,596,597,598,599,600,601,602,603,604,605,606,607,608,609,610,611,612,613,614,615,616,617,618,619,620,621,622,623,624,625,626,627,628,629,630,631,632,633,634,635,636,637,638,639,640,641,642,643,644,645,646,647,648,649,650,651,652,653,654,655,656,657,658,659,660,661,662,663,664,665,666,667,668,669,670,671,672,673,674,675,676,677,678,679,680,681,682,683,684,685,686,687,688,689,690,691,692,693,694,695,696,697,698,699,700,701,702,703,704,705,706,707,708,709,710,711,712,713,714,715,716,717,718,719,720,721,722,723,724,725,726,727,728,729,730,731,732,733,734,735,736,737,738,739,740,741,742,743,744,745,746,747,748,749,750,751,752,753,754,755,756,757,758,759,760,761,762,763,764,765,766,767,768,769,770,771,772,773,774,775,776,777,778,779,780,781,782,783,784,785,786,787,788,789,790,791,792,793,794,795,796,797,798,799
fxi,-0.0,-0.0,-0.0,-0.0,-0.0,-0.0,-0.0,-0.0,-0.0,-0.0,-0.0,-0.0,-0.0,-0.0,-0.0,-0.0,-0.0,-0.0,-0.0,-0.0,-0.0,-0.0,-0.0,-0.0,-0.0,-0.0,-0.0,-0.0,-0.0,-0.0,-0.0,-0.0,-0.0,-0.0,-0.0,-0.0,-0.0,-0.0,-0.0,-0.0,-0.0,-0.0,-0.0,-0.0,-0.0,-0.0,-0.0,-0.0,-0.0,-0.0,-0.0,-0.0,-0.0,-0.0,-0.0,-0.0,-0.0,-0.0,-0.0,-0.0,-0.0,-0.0,-0.0,-0.0,-0.0,-0.0,-0.0,-0.0,-0.0,-0.0,-0.0,-0.0,-0.0,-0.0,-0.0,-0.0,-0.0,-0.0,-0.0,-0.0,-0.0,-0.0,-0.0,-0.0,-0.0,-0.0,-0.0,-0.0,-0.0,-0.0,-0.0,-0.0,-0.0,-0.0,-0.0,-0.0,-0.0,-0.0,-0.0,-0.0,-0.0,-0.0,-0.0,-0.0,-0.0,-0.0,-0.0,-0.0,-0.0,-0.0,-0.0,-0.0,-0.0,-0.0,-0.0,-0.0,-0.0,-0.0,-0.0,-0.0,-0.0,-0.0,-0.0,-0.0,-0.0,-0.0,-0.0,-0.0,-0.0,-0.0,-0.0,-0.0,-0.0,-0.0,-0.0,-0.0,-0.0,-0.0,-0.0,-0.0,-0.0,-0.0,-0.0,-0.0,-0.0,-0.0,-0.0,-0.0,-0.0,-0.0,-0.0,-0.0,-0.0,-0.0,-0.0,-0.0,-0.0,-0.0,-0.0,-0.0,-0.0,-0.0,-0.0,-0.0,-0.0,-0.0,-0.0,-0.0,-0.0,-0.0,-0.0,-0.0,-0.0,-0.0,-0.0,-0.0,-0.0,-0.0,-0.0,-0.0,-0.0,-0.0,-0.0,-0.0,-0.0,-0.0,-0.0,-0.0,-0.0,-0.0,-0.0,-0.0,-0.0,-0.0,-0.0,-0.0,-0.0,-0.0,-0.0,-0.0,-0.0,-0.0,-0.0,-0.0,-0.0,-0.0,-0.0,-0.0,-0.0,-0.0,-0.0,-0.0,-0.0,-0.0,-0.0,-0.0,-0.0,-0.0,-0.0,-0.0,-0.0,-0.0,-0.0,-0.0,-0.0,-0.0,-0.0,-0.0,-0.0,-0.0,-0.0,-0.0,-0.0,-0.0,-0.0,-0.0,-0.0,-0.0,-0.0,-0.0,-0.0,-0.0,-0.0,-0.0,-0.0,-0.0,-0.0,-0.0,-0.0,-0.0,-0.0,-0.0,-0.0,-0.0,-0.0,-0.0,-0.0,-0.0,-0.0,-0.0,-0.0,-0.0,-0.0,-0.0,-0.0,-0.0,-0.0,-0.0,-0.0,-0.0,-0.0,-0.0,-0.0,-0.0,-0.0,-0.0,-0.0,-0.0,-0.0,-0.0,-0.0,-0.0,-0.0,-0.0,-0.0,-0.0,-0.0,-0.0,-0.0,-0.0,-0.0,-0.0,-0.0,-0.0,-0.0,-0.0,-0.0,-0.0,-0.0,-0.0,-0.0,-0.0,-0.0,-0.0,-0.0,-0.0,-0.0,-0.0,-0.0,-0.0,-0.0,-0.0,-0.0,-0.0,-0.0,-0.0,-0.0,-0.0,-0.0,-0.0,-0.0,-0.0,-0.0,-0.0,-0.0,-0.0,-0.0,-0.0,-0.0,-0.0,-0.0,-0.0,-0.0,-0.0,-0.0,-0.0,-0.0,-0.0,-0.0,-0.0,-0.0,-0.0,-0.0,-0.0,-0.0,-0.0,-0.0,-0.0,-0.0,-0.0,-0.0,-0.0,-0.0,-0.0,-0.0,-0.0,-0.0,-0.0,-0.0,-0.0,-0.0,-0.0,-0.0,-0.0,-0.0,-0.0,-0.0,-0.0,-0.0,-0.0,-0.0,-0.0,-0.0,-0.0,-0.0,-0.0,-0.0,-0.0,-0.0,-0.0,-0.0,-0.0,-0.0,-0.0,-0.0,-0.0,-0.0,-0.0,-0.0,-0.0,-0.0,-0.0,-0.0,-0.0,-0.0,-0.0,-0.0,-0.0,-0.0,-0.0,-0.0,-0.0,-0.0,-0.0,-0.0,-0.0,-0.0,-0.0,-0.0,-0.0,-0.0,-0.0,-0.0,-0.0,-0.0,-0.0,-0.0,-0.0,-0.0,-0.0,-0.0,-0.0,-0.0,-0.0,-0.0,-0.0,-0.0,-0.0,-0.0,-0.0,-0.0,-0.0,-0.0,-0.0,-0.0,-0.0,-0.0,-0.0,-0.0,-0.0,-0.0,-0.0,-0.0,-0.0,-0.0,-0.0,-0.0,-0.0,-0.0,-0.0,-0.0,-0.0,-0.0,-0.0,-0.0,-0.0,-0.0,-0.0,-0.0,-0.0,-0.0,-0.0,-0.0,-0.0,-0.0,-0.0,-0.0,-0.0,-0.0,-0.0,-0.0,-0.0,-0.0,-0.0,-0.0,-0.0,-0.0,-0.0,-0.0,-0.0,-0.0,-0.0,-0.0,-0.0,-0.0,-0.0,-0.0,-0.0,-0.0,-0.0,-0.0,-0.0,-0.0,-0.0,-0.0,-0.0,-0.0,-0.0,-0.0,-0.0,-0.0,-0.0,-0.0,-0.0,-0.0,-0.0,-0.0,-0.0,-0.0,-0.0,-0.0,-0.0,-0.0,-0.0,-0.0,-0.0,-0.0,-0.0,-0.0,-0.0,-0.0,-0.0,-0.0,-0.0,-0.0,-0.0,-0.0,-0.0,-0.0,-0.0,-0.0,-0.0,-0.0,-0.0,-0.0,-0.0,-0.0,-0.0,-0.0,-0.0,-0.0,-0.0,-0.0,-0.0,-0.0,-0.0,-0.0,-0.0,-0.0,-0.0,-0.0,-0.0,-0.0,-0.0,-0.0,-0.0,-0.0,-0.0,-0.0,-0.0,-0.0,-0.0,-0.0,-0.0,-0.0,-0.0,-0.0,-0.0,-0.0,-0.0,-0.0,-0.0,-0.0,-0.0,-0.0,-0.0,-0.0,-0.0,-0.0,-0.0,-0.0,-0.0,-0.0,-0.0,-0.0,-0.0,-0.0,-0.0,-0.0,-0.0,-0.0,-0.0,-0.0,-0.0,-0.0,-0.0,-0.0,-0.0,-0.0,-0.0,-0.0,-0.0,-0.0,-0.0,-0.0,-0.0,-0.0,-0.0,-0.0,-0.0,-0.0,-0.0,-0.0,-0.0,-0.0,-0.0,-0.0,-0.0,-0.0,-0.0,-0.0,-0.0,-0.0,-0.0,-0.0,-0.0,-0.0,-0.0,-0.0,-0.0,-0.0,-0.0,-0.0,-0.0,-0.0,-0.0,-0.0,-0.0,-0.0,-0.0,-0.0,-0.0,-0.0,-0.0,-0.0,-0.0,-0.0,-0.0,-0.0,-0.0,-0.0,-0.0,-0.0,-0.0,-0.0,-0.0,-0.0,-0.0,-0.0,-0.0,-0.0,-0.0,-0.0,-0.0,-0.0,-0.0,-0.0,-0.0,-0.0,-0.0,-0.0,-0.0,-0.0,-0.0,-0.0,-0.0,-0.0,-0.0,-0.0,-0.0,-0.0,-0.0,-0.0,-0.0,-0.0,-0.0,-0.0,-0.0,-0.0,-0.0,-0.0,-0.0,-0.0,-0.0,-0.0,-0.0,-0.0,-0.0,-0.0,-0.0,-0.0,-0.0,-0.0,-0.0,-0.0,-0.0,-0.0,-0.0,-0.0,-0.0,-0.0,-0.0,-0.0,-0.0,-0.0,-0.0,-0.0,-0.0,-0.0,-0.0,-0.0,-0.0,-0.0,-0.0,-0.0,-0.0,-0.0,-0.0,-0.0,-0.0,-0.0,-0.0,-0.0,-0.0,-0.0,-0.0,-0.0,-0.0,-0.0,-0.0,-0.0,-0.0,-0.0,-0.0,-0.0,-0.0,-0.0,-0.0,-0.0,-0.0,-0.0,-0.0,-0.0,-0.0,-0.0,-0.0,-0.0,-0.0,-0.0,-0.0,-0.0,-0.0,-0.0,-0.0,-0.0,-0.0,-0.0,-0.0,-0.0,-0.0,-0.0,-0.0,-0.0,-0.0,-0.0,-0.0,-0.0,-0.0,-0.0,-0.0,-0.0,-0.0,-0.0,-0.0,-0.0,-0.0,-0.0,-0.0,-0.0,-0.0,-0.0,-0.0,-0.0,-0.0,-0.0,-0.0,-0.0,-0.0,-0.0,-0.0
fyi,0.0,0.0,0.0,0.0,0.0,0.0,0.0,0.0,0.0,0.0,0.0,0.0,0.0,0.0,0.0,0.0,0.0,0.0,0.0,0.0,0.0,0.0,0.0,0.0,0.0,0.0,0.0,0.0,0.0,0.0,0.0,0.0,0.0,0.0,0.0,0.0,0.0,0.0,0.0,0.0,0.0,0.0,0.0,0.0,0.0,0.0,0.0,0.0,0.0,0.0,0.0,0.0,0.0,0.0,0.0,0.0,0.0,0.0,0.0,0.0,0.0,0.0,0.0,0.0,0.0,0.0,0.0,0.0,0.0,0.0,0.0,0.0,0.0,0.0,0.0,0.0,0.0,0.0,0.0,0.0,0.0,0.0,0.0,0.0,0.0,0.0,0.0,0.0,0.0,0.0,0.0,0.0,0.0,0.0,0.0,0.0,0.0,0.0,0.0,0.0,0.0,0.0,0.0,0.0,0.0,0.0,0.0,0.0,0.0,0.0,0.0,0.0,0.0,0.0,0.0,0.0,0.0,0.0,0.0,0.0,0.0,0.0,0.0,0.0,0.0,0.0,0.0,0.0,0.0,0.0,0.0,0.0,0.0,0.0,0.0,0.0,0.0,0.0,0.0,0.0,0.0,0.0,0.0,0.0,0.0,0.0,0.0,0.0,0.0,0.0,0.0,0.0,0.0,0.0,0.0,0.0,0.0,0.0,0.0,0.0,0.0,0.0,0.0,0.0,0.0,0.0,0.0,0.0,0.0,0.0,0.0,0.0,0.0,0.0,0.0,0.0,0.0,0.0,0.0,0.0,0.0,0.0,0.0,0.0,0.0,0.0,0.0,0.0,0.0,0.0,0.0,0.0,0.0,0.0,0.0,0.0,0.0,0.0,0.0,0.0,0.0,0.0,0.0,0.0,0.0,0.0,0.0,0.0,0.0,0.0,0.0,0.0,0.0,0.0,0.0,0.0,0.0,0.0,0.0,0.0,0.0,0.0,0.0,0.0,0.0,0.0,0.0,0.0,0.0,0.0,0.0,0.0,0.0,0.0,0.0,0.0,0.0,0.0,0.0,0.0,0.0,0.0,0.0,0.0,0.0,0.0,0.0,0.0,0.0,0.0,0.0,0.0,0.0,0.0,0.0,0.0,0.0,0.0,0.0,0.0,0.0,0.0,0.0,0.0,0.0,0.0,0.0,0.0,0.0,0.0,0.0,0.0,0.0,0.0,0.0,0.0,0.0,0.0,0.0,0.0,0.0,0.0,0.0,0.0,0.0,0.0,0.0,0.0,0.0,0.0,0.0,0.0,0.0,0.0,0.0,0.0,0.0,0.0,0.0,0.0,0.0,0.0,0.0,0.0,0.0,0.0,0.0,0.0,0.0,0.0,0.0,0.0,0.0,0.0,0.0,0.0,0.0,0.0,0.0,0.0,0.0,0.0,0.0,0.0,0.0,0.0,0.0,0.0,0.0,0.0,0.0,0.0,0.0,0.0,0.0,0.0,0.0,0.0,0.0,0.0,0.0,0.0,0.0,0.0,0.0,0.0,0.0,0.0,0.0,0.0,0.0,0.0,0.0,0.0,0.0,0.0,0.0,0.0,0.0,0.0,0.0,0.0,0.0,0.0,0.0,0.0,0.0,0.0,0.0,0.0,0.0,0.0,0.0,0.0,0.0,0.0,0.0,0.0,0.0,0.0,0.0,0.0,0.0,0.0,0.0,0.0,0.0,0.0,0.0,0.0,0.0,0.0,0.0,0.0,0.0,0.0,0.0,0.0,0.0,0.0,0.0,0.0,0.0,0.0,0.0,0.0,0.0,0.0,0.0,0.0,0.0,0.0,0.0,0.0,0.0,0.0,0.0,0.0,0.0,0.0,0.0,0.0,0.0,0.0,0.0,0.0,0.0,0.0,0.0,0.0,0.0,0.0,0.0,0.0,0.0,0.0,0.0,0.0,0.0,0.0,0.0,0.0,0.0,0.0,0.0,0.0,0.0,0.0,0.0,0.0,0.0,0.0,0.0,0.0,0.0,0.0,0.0,0.0,0.0,0.0,0.0,0.0,0.0,0.0,0.0,0.0,0.0,0.0,0.0,0.0,0.0,0.0,0.0,0.0,0.0,0.0,0.0,0.0,0.0,0.0,0.0,0.0,0.0,0.0,0.0,0.0,0.0,0.0,0.0,0.0,0.0,0.0,0.0,0.0,0.0,0.0,0.0,0.0,0.0,0.0,0.0,0.0,0.0,0.0,0.0,0.0,0.0,0.0,0.0,0.0,0.0,0.0,0.0,0.0,0.0,0.0,0.0,0.0,0.0,0.0,0.0,0.0,0.0,0.0,0.0,0.0,0.0,0.0,0.0,0.0,0.0,0.0,0.0,0.0,0.0,0.0,0.0,0.0,0.0,0.0,0.0,0.0,0.0,0.0,0.0,0.0,0.0,0.0,0.0,0.0,0.0,0.0,0.0,0.0,0.0,0.0,0.0,0.0,0.0,0.0,0.0,0.0,0.0,0.0,0.0,0.0,0.0,0.0,0.0,0.0,0.0,0.0,0.0,0.0,0.0,0.0,0.0,0.0,0.0,0.0,0.0,0.0,0.0,0.0,0.0,0.0,0.0,0.0,0.0,0.0,0.0,0.0,0.0,0.0,0.0,0.0,0.0,0.0,0.0,0.0,0.0,0.0,0.0,0.0,0.0,0.0,0.0,0.0,0.0,0.0,0.0,0.0,0.0,0.0,0.0,0.0,0.0,0.0,0.0,0.0,0.0,0.0,0.0,0.0,0.0,0.0,0.0,0.0,0.0,0.0,0.0,0.0,0.0,0.0,0.0,0.0,0.0,0.0,0.0,0.0,0.0,0.0,0.0,0.0,0.0,0.0,0.0,0.0,0.0,0.0,0.0,0.0,0.0,0.0,0.0,0.0,0.0,0.0,0.0,0.0,0.0,0.0,0.0,0.0,0.0,0.0,0.0,0.0,0.0,0.0,0.0,0.0,0.0,0.0,0.0,0.0,0.0,0.0,0.0,0.0,0.0,0.0,0.0,0.0,0.0,0.0,0.0,0.0,0.0,0.0,0.0,0.0,0.0,0.0,0.0,0.0,0.0,0.0,0.0,0.0,0.0,0.0,0.0,0.0,0.0,0.0,0.0,0.0,0.0,0.0,0.0,0.0,0.0,0.0,0.0,0.0,0.0,0.0,0.0,0.0,0.0,0.0,0.0,0.0,0.0,0.0,0.0,0.0,0.0,0.0,0.0,0.0,0.0,0.0,0.0,0.0,0.0,0.0,0.0,0.0,0.0,0.0,0.0,0.0,0.0,0.0,0.0,0.0,0.0,0.0,0.0,0.0,0.0,0.0,0.0,0.0,0.0,0.0,0.0,0.0,0.0,0.0,0.0,0.0,0.0,0.0,0.0,0.0,0.0,0.0,0.0,0.0,0.0,0.0,0.0,0.0,0.0,0.0,0.0,0.0,0.0,0.0,0.0,0.0,0.0,0.0,0.0,0.0,0.0,0.0,0.0,0.0,0.0,0.0,0.0,0.0,0.0,0.0,0.0,0.0
fzi,-0.06981446466909702,-0.0657581210887983,-0.05952328064333301,-0.05257183188605552,-0.04573171636383222,-0.03947168881788343,-0.034052326210712636,-0.029612852871736095,-0.026221596917878287,-0.023906080840504274,-0.022671347951018106,-0.02251131100888415,-0.02341583890478205,-0.025375148338184772,-0.028382407786040176,-0.03243506685046782,-0.03753517296229347,-0.043688758227915514,-0.05090422519793947,-0.059189493518317704,-0.06854744871048979,-0.07896890248008503,-0.09042173853303836,-0.1028340160115988,-0.11606723519775386,-0.1298731434459386,-0.1438222934332627,-0.15718182870360664,-0.16870542674667455,-0.17616625374032147,0.17145909593395992,0.16479148569344204,0.15448957432923294,0.142487529862521,0.1298538655358925,0.11721091035795439,0.10491815630282986,0.09317824050589252,0.08209838169153727,0.07172723744253062,0.062077548350600864,0.053140367528840216,0.04489418615787599,0.037310896818326,0.030359757544488275,0.02401006668037553,0.018232989887110307,0.01300281830754102,0.00829783699350628,0.004100919982761297,0.00039992797542254266,-0.0028120425724864617,-0.005536529436312776,-0.007769679370312588,-0.009502326960955543,-0.010720191520533717,-0.011404224185127987,-0.01153116311127178,-0.01107439394110088,-0.010005275553510273,-0.008295194791230642,-0.005918788580174805,-0.0028590718151235706,0.0008842659873664616,0.0052811961702161625,0.010248407687299732,0.015609988895477045,0.02102843637911178,0.02588270551495242,0.029045017181069,0.024279161375044822,0.023744951227442357,0.02293728433780018,0.02203955227567178,0.021146732438438676,0.020307283111975494,0.01954436194085929,0.018867527886328617,0.018279189490158387,0.01777821744227026,0.017361987486992803,0.017027542200708012,0.016772252217464256,0.016594190598482328,0.016492341076030925,0.016466707663056468,0.016518361222409794,0.01664943766169813,0.01686308594250363,0.01716334710400247,0.017554922806056084,0.018042756460644682,0.018631290226309716,0.019323156362730742,0.020116873126838186,0.02100276825179037,0.02195570221618226,0.02292188246890703,0.023794961250168,0.024370669011587687,0.01881061960971664,0.01798497538838717,0.01647850554439856,0.014501041502342105,0.012279744555428351,0.01002823139077691,0.00793557298061387,0.006166358334155575,0.00486550629256044,0.004164853902125287,0.004190247904091393,0.0050687207498754105,0.006935756829591355,0.009942867193274196,0.014265797984592155,0.020113745037292574,0.02773994206546604,0.037453904701465035,0.04963537143146368,0.0647494275587519,0.08336112093940073,0.1061454838491045,0.13388412783444892,0.16743032104244548,0.20760670975025164,0.254966388720959,0.30928854783202553,0.3685692569610737,0.4271719587381062,0.47099458536646566,-0.4615043752078867,-0.41777881517661086,-0.3593518247611911,-0.300289129375102,-0.24618298057211518,-0.19899396259629043,-0.15890452797913213,-0.12532929327312559,-0.09741916688318497,-0.07429957310290547,-0.05517193754417349,-0.03934790737127969,-0.026252221308709522,-0.015412352269891016,-0.006443772989200625,0.0009650523659274768,0.007066233415685019,0.012064022327308521,0.016124371380442426,0.019382688698897255,0.02195007224861456,0.023918302318634233,0.025363843941704545,0.02635107349874488,0.026934907512782047,0.027162980193338626,0.0270774907158966,0.026716821184663786,0.026117010611017122,0.025313157313746615,0.024340809136958796,0.023237383394530298,0.022043628733115384,0.020805085160532144,0.019573390220273268,0.018407068739406895,0.017371033525620305,0.016533214016448028,0.0159551746432669,0.015670038386371488,-0.010924333784785745,-0.011069722133107973,-0.01129252102273881,-0.011546933834893025,-0.011808629567070739,-0.012064832821010896,-0.01230932502505766,-0.012539574988693403,-0.012755102184314637,-0.012956522843239782,-0.013144984807439641,-0.013321827445849976,-0.013488374364840183,-0.013645806046213238,-0.013795081805255904,-0.013936893275968032,-0.01407163913944487,-0.01419941535897351,-0.014320018069327034,-0.014432958333145507,-0.01453748974932978,-0.014632651858192958,-0.014717334917051517,-0.014790375528392019,-0.014850698661732054,-0.014897530802670644,-0.01493072221629177,-0.014951224384240902,-0.014961760101954269,-0.014966704449023815,0.0342663332557791,0.03363989751622398,0.0324010660221461,0.030733853924743926,0.028886436650964242,0.027106859496143443,0.0256183620888919,0.024611760129573668,0.0242457195089969,0.024650156369659726,0.0259304741895221,0.028171563172577407,0.031441088930137084,0.03579188469825567,0.041263387616709224,0.047882101771051566,0.05566106715838259,0.06459828255719913,0.0746739783047019,0.08584656206488717,0.09804696146619563,0.1111709514048016,0.12506886320687727,0.13953179798662063,0.15427305663916968,0.16890283108357096,0.18289312441883965,0.19552662031518775,0.20582256653909958,0.21227438913558672,-0.20199060567954064,-0.19571046191093444,-0.1857219547962501,-0.17346853274132457,-0.15985762450497987,-0.14553616721826756,-0.13097041593692893,-0.11649839707490628,-0.10236442520005085,-0.08874319854078294,-0.07575708723868502,-0.0634888294753182,-0.05199103108975578,-0.04129338745622135,-0.03140824702120426,-0.02233494190500096,-0.014063182055792822,-0.006575722166644482,0.0001495493627317046,0.006137991921718822,0.011416986737344814,0.01601504713516988,0.019961224794883492,0.023284784502834555,0.026015130363020944,0.028181975531992975,0.029815755696745327,0.03094829364636098,0.03161372787383243,0.03184972045403356,0.03169895512428411,0.031210918871977356,0.03044391672420943,0.029467175565059733,0.028362702396179884,0.027226183997356657,0.026165472503578258,0.025293674037754954,0.02471116183083666,0.0244587981397153,-0.02192650818309616,-0.02187922006554288,-0.021798661488020343,-0.021677573284222262,-0.021516899540813483,-0.021323588991776887,-0.021106610010349414,-0.02087502713544609,-0.020637138662607413,-0.020400163076658373,-0.02017018667265802,-0.01995222516791273,-0.019750324825622556,-0.019567666674902284,-0.01940665691893173,-0.0192689964968622,-0.019155727503402886,-0.019067256407822697,-0.019003354998545774,-0.018963140698588177,-0.018945038922566937,-0.018946732267295374,-0.01896510571646104,-0.01899620547104064,-0.01903524501534548,-0.01907672153318174,-0.019114759115055335,-0.019143887576753116,-0.019160579732904637,-0.019165734631206632,-0.0172076974498947,-0.015947555614333808,-0.0140103164678127,-0.011859671122397941,-0.009759065064660177,-0.007857373258019607,-0.006237067585647793,-0.004941893042918366,-0.003992951184184079,-0.0033982874460534163,-0.003158729363292423,-0.0032715029842620424,-0.0037324934570293067,-0.004537648843374598,-0.005683815705985751,-0.007169169241890927,-0.008993320544576022,-0.011157126162466113,-0.013662175483069916,-0.016509877365088244,-0.019699995549260052,-0.023228374122799877,-0.02708341959111582,-0.031240611895982706,-0.035653805598810484,-0.040241160871839377,-0.04486186066831621,-0.04927626141330421,-0.05307741305730751,-0.05553749721608536,0.05791206094943124,0.05568501033372186,0.05224407538633358,0.04823062945313694,0.0439977200360957,0.03975056205214855,0.03560754348767148,0.031635432215736614,0.027869734989650397,0.024326875759243194,0.02101164991773885,0.01792188691268848,0.015051423725878976,0.012392035335096807,0.009934708588730246,0.00767049519822649,0.005591089875082389,0.0036892256654255107,0.00195894524657092,0.00039578608621582134,-0.0010030960870039962,-0.0022388500518104593,-0.0033108890569621963,-0.004216883945019845,-0.004952789913147626,-0.005512912185366758,-0.005890021878542484,-0.006075541826447761,-0.006059835088137788,-0.005832649641021703,-0.0053838070482612466,-0.0047042807296264755,-0.0037879088160650554,-0.002634160403474084,-0.001252684285958594,0.00032906351092520936,0.0020527612740153245,0.003806335424229701,0.005383525578352533,0.006411173216999799,0.011306383004182408,0.011003379899483079,0.010541081313672152,0.010018209246677401,0.00948708753881533,0.008975706807838435,0.008498530861857034,0.008062530023664749,0.007670551567088069,0.0073232437481038914,0.007020169612800942,0.0067604589557106465,0.006543192509887774,0.00636762848689898,0.00623333446541352,0.006140260501652506,0.006088772988654512,0.006079658147108091,0.006114095910124462,0.006193597025177411,0.0063198861562341335,0.0064946986261489315,0.0067194334102325115,0.00699456164464074,0.007318612599256369,0.00768641732011055,0.008086025442237244,0.008493192148633533,0.008861484334932834,0.009103775824986754,0.226334419657519,0.22363051979300508,0.21949901164498442,0.21477898239299975,0.2097943255203063,0.204621303228123,0.19922572338145983,0.19353173811941815,0.18745493744427222,0.18091734505469503,0.1738532494273386,0.16621046478940116,0.1579493870412989,0.14904105533969414,0.13946483015206468,0.1292059927709488,0.11825343036616687,0.10659753206346068,0.09422846465895418,0.08113512919953791,0.06730536217401095,0.052728425074747065,0.03740169101365609,0.02134500606553047,0.004629089733498404,-0.012570244549351628,-0.029869963135752187,-0.04648739974891214,-0.060881641995820246,-0.07008466587535622,0.06745484083808151,0.07541741108025235,0.08769575271708163,0.10170821693827747,0.11624535569353611,0.1307988286953332,0.14520332744177722,0.15944823915197048,0.17358098204931594,0.18765861849351495,0.20172514177829726,0.21580240789990057,0.22988822852130397,0.24395808756526094,0.2579685398741276,0.2718612291064346,0.2855669527853024,0.29900948059002985,0.31210899167490425,0.32478508995336597,0.3369594109353784,0.34855786731350236,0.3595126001382596,0.3697637151781237,0.3792608916191966,0.3879649541249819,0.3958494994567445,0.40290266302872624,0.40912909458165814,0.41455217553448165,0.4192164364249038,0.42318998567679955,0.42656647782132495,0.4294656061783826,0.43203006390740484,0.43441490147688455,0.4367612711794209,0.4391385950784752,0.4414249625597222,0.44306129614119527,-0.12142411853142221,-0.12447430362340128,-0.1292584115549289,-0.13479336783802864,-0.14056282158253453,-0.14630167593350052,-0.1518784345516906,-0.1572316128995226,-0.16233575235582975,-0.1671832325600917,-0.17177464172073087,-0.1761138262700115,-0.18020551631889248,-0.1840543725184034,-0.1876648180250413,-0.19104130538744357,-0.1941888277860926,-0.1971135717813013,-0.19982365336909425,-0.20232989415126212,-0.20464658231139765,-0.20679211678634601,-0.20878933167750802,-0.2106650978066682,-0.2124484110463527,-0.21416542405358996,-0.21582840021346783,-0.2174125575315884,-0.21880938986373621,-0.2197315620502991,6.435152789988024,6.437013179816859,6.44084245709746,6.446100557324826,6.4523616047008545,6.459463302322547,6.4673973747267155,6.476231680971978,6.48606451190426,6.497000540664885,6.509139522779151,6.522572195783141,6.537380125169875,6.553637654869817,6.571414936275687,6.590781462335144,6.611809749447275,6.634578859957401,6.659177354813437,6.68570497064502,6.7142717192618875,6.744991997300531,6.777969242291874,6.81326286274998,6.8508219713839935,6.890356462608906,6.931088125988026,6.9712639411882265,7.00719777343329,7.031068143873199,-90.1287749640851,-90.11179914123204,-90.1242546381618,-90.18885951513948,-90.30880892837013,9.529580703703687,9.365747542644385,9.215862448967528,9.08380381797906,8.968640293809585,8.868305445706937,8.78060151921818,8.703545020864112,8.635459066572366,8.574970178276999,8.520971624471713,8.472578930610325,8.429087664582767,8.389936902560294,8.354678944160696,8.322954734961968,8.294474071386503,8.268999644293217,8.246334072144236,8.226309189602034,8.208777004183503,8.193601835839218,8.180653271498159,8.169799673763919,8.160902108764276,8.153808731207391,8.14834994195553,8.144335078381118,8.141552125154703,8.139773132133996,8.138769750323263,8.138345270952414,8.138387067989242,8.138921974777986,8.1397822149911,-2.391006354516321,-2.383878970733349,-2.373159287550152,-2.3611590047767095,-2.3489588056363573,-2.3370732647454133,-2.325733264118753,-2.3150282573260483,-2.30497853680572,-2.295572470931802,-2.28678554698854,-2.278589821224159,-2.270958267545211,-2.263866415822122,-2.2572925635322463,-2.2512172533315606,-2.245622387257754,-2.2404901815243647,-2.2358020822139224,-2.2315377353334043,-2.2276741289460915,-2.2241850949831132,-2.2210415059416846,-2.218212763509655,-2.215670620553283,-2.213397090767103,-2.2113991994010576,-2.209733585178583,-2.2085396487118487,-2.207979712791257,0.1482781935770845,0.14627007901185607,0.14321575560143174,0.1397556847668966,0.136154302948853,0.13249276576243574,0.12876606472127605,0.12493231663120241,0.12093707138956233,0.11672489723423496,0.11224444586696336,0.1074501996536128,0.10230256314389408,0.09676716461399337,0.09081381790201704,0.08441538258193759,0.07754666088840168,0.0701834411083837,0.06230182399849582,0.05387805655664124,0.044889274689921876,0.03531588137775543,0.025146875607788388,0.014390517273568548,0.0030946844799473183,-0.008615018848104228,-0.020464300457206264,-0.03189736316289782,-0.04183025465249557,-0.04819089236355012,0.054596929393028404,0.06059005209317547,0.06984789916396039,0.08038179106733878,0.09119680987714673,0.10182336622892763,0.11206481019144121,0.12186187011502625,0.13122072029182164,0.14017487194905698,0.14876530609581096,0.1570305211316736,0.1650019878106832,0.17270254034883692,0.18014633757229603,0.18733963731574477,0.19428196482658677,0.20096744626971486,0.20738618529685482,0.2135256215260597,0.21937184456510295,0.22491085738874972,0.23012979514533072,0.23501811185997212,0.23956875205294637,0.24377932521929324,0.24765329899491917,0.25120121949657914,0.2544419503574318,0.2574038883758476,0.2601260484452723,0.26265878812682786,0.265063714068674,0.26741188558207796,0.26977862608782743,0.2722317113866666,0.2748067072216145,0.277457103062261,0.2799559398499696,0.281691253269571,-0.08015167557164204,-0.0822383318966331,-0.08551361761101361,-0.08929541168390642,-0.09322081567006535,-0.09710169880054309,-0.10084403365090111,-0.10440400704555941,-0.10776437486765644,-0.11092166609432752,-0.11387928358271893,-0.11664384256619087,-0.11922330186735053,-0.12162609324968798,-0.12386080887335993,-0.12593620281495532,-0.12786137147577392,-0.12964603721684398,-0.1313008900388013,-0.13283795208644733,-0.1342709220643883,-0.13561542607112642,-0.13688903426191246,-0.1381107702081863,-0.13929958154221822,-0.14047073460733372,-0.14162809209165061,-0.14274813116276164,-0.14374768089783174,-0.14441448867529516,-0.012607467998819288,-0.013096016903091368,-0.013857335534225967,-0.014734412616348891,-0.015650838153874247,-0.016572338524838415,-0.017485939582456922,-0.01838898184792015,-0.019283444789380155,-0.020173056231897135,-0.0210618755638734,-0.0219536581741977,-0.022851632229730967,-0.023758490050340697,-0.024676488020531906,-0.025607598168562618,-0.02655368026830729,-0.02751665521122959,-0.028498662866695668,-0.0295021817369161,-0.03053007141534181,-0.03158546643248883,-0.03267138973114925,-0.033789842765145295,-0.034939922532316814,-0.036114125042104206,-0.03729124574897469,-0.03842279546728378,-0.039407336395413495,-0.04004123997982845,0.0036663604495146274,0.004255116624847233,0.005168375431992445,0.006212274936274298,0.007289180835982734,0.008352288915148165,0.00938119120473857,0.010368826293642996,0.01131460070337198,0.012220773608078161,0.013090588530531022,0.013927344479725434,0.014733971450596073,0.015512873438865427,0.01626590949263118,0.0169944422611934,0.017699416112691324,0.018381445041541156,0.019040900727532062,0.019677996680002252,0.020292867521447988,0.020885644147483617,0.021456526377960472,0.022005855147881448,0.02253418639861593,0.023042368666665425,0.02353162576014256,0.024003644651429568,0.024460666147433585,0.024905571057388443,0.02534194545887658,0.025774091829021017,0.026206921672951466,0.02664560751463796,0.027094764036633023,0.027556722556028035,0.028028067205070784,0.028492811773048743,0.028909233028940662,0.02918434196157449,0.0056380835380380745,0.005284170505518659,0.004732501590865468,0.004096563436633005,0.0034342860166134415,0.002774367258325583,0.00213019356544919,0.0015072884182245616,0.0009072520280142271,0.0003298443940593643,-0.00022592981133584544,-0.000761277558240181,-0.0012773687459457506,-0.0017752483172444045,-0.0022558357953812447,-0.002719972112799951,-0.0031684917830716586,-0.0036023080371023752,-0.0040225026820053245,-0.004430412496162717,-0.004827699727343315,-0.005216384014261166,-0.0055987927634078005,-0.005977348551709838,-0.006354039624739016,-0.006729281207583426,-0.007099608799990165,-0.007453116022702488,-0.007760649509862105,-0.007959092317989303
mxi,0.9342649368902549,0.9359562435704731,0.9382230061860071,0.9408994615690673,0.9437920284803063,0.9467387758011778,0.9496123899918061,0.9523151234448086,0.9547727441714855,0.9569292973847894,0.9587429271439163,0.9601826636731374,0.9612260188485102,0.9618572499377294,0.9620661855746668,0.9618475412169687,0.961200680341836,0.9601298028543397,0.9586445651668036,0.9567611588658949,0.9545038979816098,0.9519073883306923,0.9490193721777977,0.9459043420463367,0.9426479537690966,0.939361983629837,0.9361886745491006,0.9332995777227353,0.9308746654758338,0.9289484824573719,-0.7616511509527442,-0.7635129238659317,-0.7657934072952699,-0.7684923373716188,-0.7714711614494689,-0.774594888738001,-0.7777517837955692,-0.780855112501083,-0.7838397507951704,-0.7866581141701268,-0.7892764559008718,-0.7916717685586434,-0.7938292632285702,-0.7957403403180336,-0.797400962673386,-0.7988103549876158,-0.7999699690796191,-0.8008826684835704,-0.8015520970871748,-0.8019822055526475,-0.8021769164665571,-0.80213991511458,-0.8018745579261513,-0.8013838953729113,-0.8006708107960812,-0.799738281648203,-0.7985897753855813,-0.7972297992692123,-0.7956646323202445,-0.7939032795524366,-0.791958704527941,-0.7898494175170505,-0.7876015238223797,-0.7852513680801749,-0.7828489338018088,-0.7804621243737628,-0.7781818066731283,-0.7761262906906499,-0.7744397477546139,-0.7732455772667262,-0.1635639898298571,-0.1628445355616721,-0.16220636458898063,-0.1616352585047096,-0.16111157050085456,-0.16061932442675797,-0.16014654645462034,-0.1596845344327189,-0.15922703748980727,-0.15876958567422061,-0.158308983668781,-0.15784294147129163,-0.1573698110340893,-0.15688840380244518,-0.1563978710407392,-0.1558976348866148,-0.1553873630357936,-0.15486698414953182,-0.15433674491945837,-0.15379731368414706,-0.1532499400135512,-0.15269668527790214,-0.15214074626825713,-0.15158690240179307,-0.15104212514817128,-0.15051638734198125,-0.15002367130120664,-0.14958295081943906,-0.14921813808373674,-0.14894928017333653,-2.4443773476454265,-2.450151018013818,-2.459194751182249,-2.4708655161709174,-2.4843998211560923,-2.499192887305977,-2.5147967209703737,-2.5308855943568105,-2.547221717430233,-2.5636279929205514,-2.579967605509381,-2.5961290145773503,-2.6120149531856782,-2.6275343482940556,-2.6425963946268993,-2.657106287530553,-2.670962355948056,-2.6840545599432986,-2.6962645603199817,-2.707467869110978,-2.717538996598229,-2.7263610776925518,-2.733842233980454,-2.7399418685013046,-2.744710841663803,-2.7483483241593376,-2.7512701118338896,-2.7541421577539893,-2.7577345279843968,-2.7613160451649748,2.272310230365875,2.268267613430453,2.263636364337003,2.259281521142981,2.254592028425833,2.249031069930595,2.242281462226501,2.2342182040121514,2.224846485265445,2.2142499047537143,2.2025540502946583,2.189902849829025,2.176443961628209,2.1623201696271437,2.14766462737321,2.1325985060753254,2.1172301088700394,2.1016548555264905,2.0859557668489614,2.070204224167412,2.0544608738488392,2.0387766083957715,2.0231935970247434,2.007746368192265,1.9924629704278232,1.9773662606936924,1.9624753954406096,1.947807632820961,1.9333806002288583,1.9192152459800127,1.9053397860818357,1.8917950873794496,1.8786421080375284,1.865972248368788,1.8539217158121009,1.8426910858909782,1.8325704763848805,1.8239656993730478,1.8174019363314908,1.8133234140353256,0.20321553164248396,0.20129053599694924,0.1995253127370713,0.19788974046308017,0.196349685339972,0.19487875024116263,0.19345788813483988,0.19207371690917618,0.19071693674460555,0.18938111279532155,0.18806179121040323,0.18675587448490694,0.18546118937427103,0.1841761974443208,0.1828998138779605,0.18163131271594501,0.1803703067655884,0.17911679895153698,0.17787130995883738,0.17663509568644598,0.17541047839819068,0.17420132873230187,0.17301375302881228,0.17185706202985473,0.17074511960091376,0.1696981755250384,0.16874521146344446,0.1679263531149453,0.16729313693931835,0.16688977549644357,0.8188388772794779,0.8207403223833607,0.8236442585218837,0.8272928028061752,0.8313817416847673,0.8356547382689463,0.8399076465554636,0.8439805070345905,0.8477483245341411,0.8511133384492737,0.8539990665344419,0.8563458986524335,0.8581079431089869,0.8592508720966912,0.8597505759090147,0.8595924937805819,0.8587715382150201,0.8572925713921506,0.8551714301095501,0.8524365332493709,0.8491311461526188,0.8453164212406321,0.8410753814398895,0.8365180471096316,0.8317878763972573,0.8270694051121765,0.8225959252647215,0.8186514927002051,0.8155489040594475,0.8134431197398548,-0.6481157546820668,-0.6501032172457215,-0.6529374531811882,-0.6565180217606894,-0.6605979445194059,-0.6649506402945882,-0.6693901859001556,-0.6737703415578622,-0.6779784090287961,-0.681928968462568,-0.6855585165381761,-0.6888211115305332,-0.6916848798036206,-0.6941292078887145,-0.6961424690853768,-0.6977201681701288,-0.6988634183733318,-0.6995776887842489,-0.6998717781733781,-0.6997569842719997,-0.6992464471543478,-0.6983546526710196,-0.6970970878163651,-0.6954900452523773,-0.6935505796468977,-0.6912966247075882,-0.6887472875790142,-0.6859233475855326,-0.6828480004136104,-0.6795479084419949,-0.6760546452494172,-0.6724066600287326,-0.6686519379638618,-0.664851594331271,-0.6610846981809875,-0.6574546060884154,-0.6540967630925918,-0.6511861424611292,-0.6489360208743307,-0.6475274782745872,-0.10483910714861677,-0.10417700115723649,-0.10357838947672793,-0.10303300572831242,-0.10252480189372992,-0.10204031536525182,-0.10156920763485644,-0.10110379184035923,-0.10063842110854271,-0.1001689707089688,-0.09969244031421542,-0.0992066615753715,-0.09871008953891325,-0.09820165967925032,-0.09768069725643613,-0.09714687039033931,-0.09660018235009704,-0.09604100229521428,-0.09547013743436739,-0.09488895372286632,-0.09429955729528494,-0.09370505537258311,-0.09310992389745376,-0.0925205196585539,-0.09194578525737152,-0.09139819616030953,-0.09089495665058012,-0.09045919792949109,-0.09011999722684394,-0.08990240535388949,-0.2975278281890925,-0.29808569282043784,-0.2988343567327538,-0.299716450320636,-0.3006679898374802,-0.3016358777249284,-0.30257852168225874,-0.30346406411526594,-0.3042683732809426,-0.3049733251679685,-0.30556543926958213,-0.3060348306452507,-0.3063744244567337,-0.30657938648047534,-0.3066467347580133,-0.30657510862611126,-0.30636468089762836,-0.30601720719434766,-0.30553621391633,-0.3049273336188616,-0.304198804029884,-0.30336215446299875,-0.3024331095580024,-0.30143273993576436,-0.3003888673563946,-0.29933763619521514,-0.29832486320645124,-0.2974055342506965,-0.29663674006135565,-0.2960264048175869,0.2529098875257212,0.25350400343287127,0.2542357974968876,0.255107699480277,0.25607518378340366,0.25709450839998205,0.25812935805162773,0.2591514723266837,0.2601395485737612,0.2610779157998504,0.2619553302864972,0.2627639711464571,0.2634986269308843,0.2641560442275175,0.2647344082329468,0.2652329298088585,0.265651518842029,0.2659905284323649,0.2662505582755639,0.26643230866443357,0.2665364789819131,0.26656370657519446,0.26651454363801186,0.2663894713197674,0.26618895184733304,0.26591352111173805,0.26556392607976687,0.26514131371771477,0.26464748109684333,0.2640852002990508,0.26345863705444295,0.26277388916191313,0.26203967996233235,0.2612682528765422,0.26047652163267854,0.2596875219700565,0.25893213415749416,0.25825066499366756,0.2576925196077373,0.2573016573563467,0.06843881620575676,0.06821645540947863,0.06803189767780271,0.0678794286765978,0.06774928732073127,0.06763317671616997,0.06752467273742502,0.06741896766759581,0.06731250680563194,0.06720267372116084,0.06708754456839605,0.06696570441288108,0.06683611332368722,0.0666980114086928,0.06655085463272958,0.06639427577312884,0.0662280670472164,0.06605218277242786,0.06586676209634601,0.06567217351751853,0.06546908479913593,0.0652585641374972,0.06504222124475645,0.06482240025656283,0.06460243930488163,0.06438701051625273,0.06418253709985466,0.06399759104362512,0.06384284934610551,0.06372747561007641,-0.049691977502695966,-0.04936808845751289,-0.04829992860820764,-0.04655719006577652,-0.04421960710571038,-0.041339896146408095,-0.03794971277711179,-0.0340681406138591,-0.029708382197972782,-0.02488231513243022,-0.019603419993928783,-0.013888584891923683,-0.0077591736259567945,-0.0012416326671097488,0.005632168438817975,0.012824720297743397,0.020292665743134153,0.027986494605961698,0.0358500263910827,0.04381953902254704,0.05182235371388988,0.05977461135727158,0.06757786820715228,0.07511399595004306,0.08223771224039067,0.08876600906534779,0.09446420699678992,0.09903150355921855,0.10210102607845187,0.10336996676973631,0.16093444660613387,0.15978987654324905,0.15683928341506104,0.15232410966177734,0.1465338210198872,0.13969171359120414,0.1319620618682673,0.12346836868834621,0.11430911549421219,0.10456893298698966,0.09432590269192076,0.08365599697518822,0.07263551368826016,0.06134214716332598,0.04985515730184664,0.038254963308764545,0.026622390812035768,0.01503773100910566,0.003579720189434532,-0.007675488258274132,-0.018655313420723463,-0.029291670892380495,-0.03952181738107674,-0.04928911082953036,-0.05854368609030414,-0.06724304783558366,-0.0753525804680717,-0.08284596877026629,-0.0897055117551262,-0.09592229373563321,-0.10149614796928885,-0.10643530475767071,-0.11075555101627499,-0.11447863374625045,-0.11762950820149687,-0.12023187457267348,-0.12230134716276309,-0.12383614223681416,-0.12480809089013378,-0.1251869330140004,-0.04219050577570754,-0.041798270982378316,-0.04081058154637296,-0.03932663732178443,-0.03746806037291539,-0.03533510797997855,-0.03300620360741624,-0.03054253417726184,-0.02799259248033016,-0.025395660331274925,-0.02278429326705328,-0.020186034533401977,-0.017624573374076885,-0.015120513712572742,-0.012691874038039782,-0.010354404840872945,-0.008121785896492387,-0.006005750156746287,-0.004016172344503174,-0.0021611576269576077,-0.00044716882567720495,0.0011207598165984684,0.002538656759242308,0.003803002121071014,0.0049097398512831444,0.005852739498825206,0.006621526361419661,0.007198370934508598,0.007556082215385493,0.007670282709819946,-0.011422337484682521,-0.011320369204258843,-0.011083945780848259,-0.010716533277623688,-0.010222191459114655,-0.009601556764476604,-0.008853592118791359,-0.007977294575166771,-0.006972848810851945,-0.005842289263334827,-0.0045898151081868455,-0.003221875611478686,-0.0017471091523766635,-0.00017619232327981127,0.0014783627100752594,0.0032024357597439934,0.004980530407171918,0.006795990690448145,0.008631181425994366,0.010467604497951782,0.01228591247107158,0.014065764392109756,0.015785444531257686,0.01742113277040014,0.018945677507504866,0.02032669841774648,0.02152391207489578,0.02248612305008532,0.02315055027010809,0.02346577253060822,0.0374837989213787,0.037206262540968246,0.03658457334846872,0.0356552219147967,0.03446210312720324,0.033038202364892466,0.03140760955808619,0.029588984351546166,0.027598306024971597,0.025450687548357387,0.023161457303698896,0.02074672861230009,0.018223629815845688,0.015610317999476597,0.01292586034864135,0.010190039646094995,0.007423120970759811,0.004645602286542316,0.0018779637752714962,-0.0008595764969381303,-0.0035472970592309028,-0.006166197010128105,-0.008698210849112153,-0.011126416667295635,-0.01343524098559118,-0.015610663388323898,-0.017640423993829313,-0.019514235195758678,-0.021223997329470112,-0.022764014153340673,-0.024131198296701295,-0.025325248067670614,-0.026348763074657944,-0.027207245248087458,-0.02790890034622795,-0.02846411058846396,-0.028884396524747613,-0.029180684381292538,-0.029361026584970973,-0.02943145081986541,-0.009789427234160951,-0.009667687360368,-0.00943152662459449,-0.009098110388855364,-0.008688553571890703,-0.008220156268327426,-0.007706566551008919,-0.00715874948635541,-0.006585863564137786,-0.005995889113537747,-0.005396039441231949,-0.004793009850838824,-0.004193111911247906,-0.0036023293935517516,-0.003026321383631781,-0.0024703905129847617,-0.001939428880955836,-0.001437850245790108,-0.0009695157727450318,-0.0005376586202086447,-0.00014481413465732007,0.00020723655385548878,0.0005174980588362327,0.0007857503746389674,0.001012471247495067,0.0011986547686001076,0.0013454794023551528,0.001453795864117674,0.0015235564085707594,0.0015547527955785886,0.045827680870437926,0.04530541883363351,0.04410010636928202,0.04229135084799973,0.03997263469861462,0.0372116214007438,0.03405371308768179,0.030529193361286955,0.02665925825912735,0.022460330579247345,0.017946990122503226,0.013133919158889062,0.008037186259702733,0.0026751050504891793,-0.0029311615608755837,-0.008757124931732863,-0.0147745202502515,-0.020950789876989395,-0.027248403511390906,-0.03362389922306569,-0.040026493536349295,-0.04639605208233866,-0.05266013002658221,-0.05872968150790103,-0.06449291610565919,-0.06980674047158733,-0.07448560070404837,-0.07829005553371723,-0.0809270775516384,-0.0821539893973293,-0.10792546091614783,-0.10680972090793511,-0.10432200562069688,-0.10068179467352073,-0.09615185826164363,-0.09093998852364882,-0.08520132608618436,-0.07905128675576056,-0.07257760815557246,-0.06584941845549142,-0.058923635024638266,-0.05184932870441816,-0.04467062300827518,-0.03742855989810612,-0.03016224301235937,-0.022909477687240942,-0.015707061834072444,-0.008590836072176256,-0.0015955697867644503,0.005245262164050857,0.011899772586500434,0.01833799593769836,0.024532241267868127,0.03045744670524253,0.036091520445705294,0.04141565361763444,0.04641458847708568,0.05107682107944278,0.05539470959798254,0.059364446929510706,0.06298583656301604,0.06626178174779074,0.06919735515316827,0.0717982564370726,0.07406838749360012,0.07600620161479066,0.07759950781864577,0.0788190755720361,0.07961431642860384,0.0799402823962343,0.035767637592637014,0.03527281287146988,0.034260378759342625,0.03282007834505514,0.031060289347096662,0.02906968150381456,0.02691703860119156,0.02465542684648102,0.022326284987984175,0.019962570736515958,0.017591026170326297,0.015233765578196973,0.012909375743627716,0.010633674749992786,0.008420235383780048,0.006280749219222309,0.004225286623257871,0.002262494941327159,0.0003997700038048113,-0.0013565656913591406,-0.003001041329030868,-0.004528727015093381,-0.005934772323205231,-0.007213708750409706,-0.008358399210056114,-0.009358489652201388,-0.010198240549913251,-0.01085394970968731,-0.01129264100543901,-0.011486221336392446,0.010724145222545577,0.010680991110609248,0.010528069642169076,0.010281069989956163,0.009958451850162246,0.009574654686867775,0.009140403793671956,0.008663715837822144,0.00815079087173919,0.0076066642188650155,0.007035654612060641,0.006441663016313708,0.005828368223917732,0.005199353455251368,0.00455818855033871,0.003908485560667627,0.003253941269581173,0.002598377900049631,0.001945792809481206,0.0013004290920004408,0.0006668820231310185,5.026143659896121e-05,-0.0005435620292262994,-0.0011075880381182235,-0.0016331434662917033,-0.00210910651818752,-0.0025208664689084642,-0.002849201387220196,-0.0030700868033299578,-0.0031636830735708027,-0.008784528965445106,-0.008711987122720435,-0.008517490814010924,-0.008220596935001767,-0.007844499744225235,-0.00740764261950172,-0.006923899710182986,-0.006403666283624399,-0.00585487143590022,-0.005283737965022963,-0.004695317880144727,-0.004093859093285334,-0.0034830523806035317,-0.0028661954438334476,-0.0022463002441215213,-0.0016261617722189946,-0.0010084007284967035,-0.0003954886389953491,0.00021023877126698925,0.0008065759646974507,0.00139144698982498,0.0019629079571698398,0.002519151163075193,0.0030585097028876414,0.003579461485697889,0.004080631438994879,0.0045607903480558085,0.005018848152302762,0.00545383851600478,0.005864889941591902,0.006251176359285831,0.006611836666751518,0.006945847670993509,0.007251827890777697,0.007527740827014157,0.007770458638768199,0.007975153363576473,0.00813457457969681,0.008238660975983692,0.008278393474421913,0.0006193050830854557,0.0005715962423174376,0.0004552068457721742,0.00028095384758304587,6.228819239877115e-05,-0.00018985059150655736,-0.00046703333203509945,-0.0007627754508908319,-0.001071989961646369,-0.0013905721629365875,-0.001715105244645021,-0.0020426581348541584,-0.002370649230353239,-0.0026967558586102475,-0.003018854848886199,-0.0033349836973509683,-0.0036433145991047328,-0.003942135306855485,-0.004229831567122082,-0.004504865861780137,-0.004765746324172385,-0.005010977886508901,-0.00523898472218623,-0.005447988653803554,-0.005635822543079951,-0.00579965289675376,-0.005935590967227827,-0.006038235452606865,-0.00610046520789638,-0.006116154704384671
myi,0.05012081787902867,0.04423878508473411,0.03897265019016949,0.03454771645502852,0.03100289617793006,0.028290683225115743,0.0263209166708549,0.024983263926603883,0.024158886632251964,0.023726577193999177,0.02356587977065061,0.02355850409808191,0.023588741063315766,0.023543282661101728,0.023310685521481744,0.022780628347845777,0.021843065738824663,0.02038735735979902,0.018301444494886354,0.015471153319821518,0.0117797280149885,0.007107744931408533,0.0013336486462258712,-0.005664681933505555,-0.014006610411708476,-0.023802286289091867,-0.03514039876267022,-0.04806408771886039,-0.06252554625431961,-0.07826424744212662,-0.08435140199428914,-0.06812068967966578,-0.052640653235391355,-0.03834831530998706,-0.025407343957628115,-0.0138582612855771,-0.003676430424471633,0.005196204087432932,0.012834188914837341,0.019319091480994643,0.024734128570514713,0.029161119921923273,0.03267881366082648,0.03536204652382935,0.037281426273338525,0.03850334853676429,0.03909023211978635,0.0391008993431754,0.03859105378833405,0.03761382393775747,0.03622035146085878,0.03446040954901619,0.032383041033607896,0.03003720876912297,0.027472452335768338,0.0247395456939401,0.021891149990516112,0.018982454036532204,0.016071791471240715,0.013221217140326758,0.01049701350432386,0.007970076613521115,0.005716091751944319,0.0038153336227999546,0.0023517775843711064,0.0014108994468760017,0.0010748805374696246,0.0014122791952635438,0.002455883371689893,0.004144985160410619,-0.03934311747010333,-0.03713553805623615,-0.03500125816364097,-0.03296913147998026,-0.031044066849627683,-0.029221219517594932,-0.027491598754492585,-0.025844749769015962,-0.024269992236542137,-0.022756972597941072,-0.02129587208646555,-0.01987743984239465,-0.0184929364165356,-0.017134031555972484,-0.015792678868375987,-0.014460978790832968,-0.013131035379958078,-0.011794809389712668,-0.010443968740657006,-0.009069737344311157,-0.007662744371958574,-0.00621287905410739,-0.004709162490725838,-0.003139661060157728,-0.0014914930724625464,0.0002489614716054689,0.0020954112444897532,0.004060001624029308,0.006149449509159632,0.008354187310733036,-0.057541012361659316,-0.055746778199248226,-0.05406774684719373,-0.052591878780752666,-0.05137890036822945,-0.050459674682070244,-0.04983989852530968,-0.04950451263120925,-0.04942146718168061,-0.04954452100381701,-0.04981506201875874,-0.05016302145703122,-0.05050695204133859,-0.05075330551927948,-0.05079489638977819,-0.05050848258661844,-0.04975133146636779,-0.04835657088430523,-0.04612705274885798,-0.042827389686081574,-0.03817379123080755,-0.031821391861488024,-0.023349089538807988,-0.012242880676593515,0.0021188611478670794,0.020468627268910744,0.043618948110351496,0.07234105337682561,0.10708647009849032,0.1470421519609413,0.18012440101054655,0.13669874231817314,0.09698948359509796,0.06320903599106575,0.03546335367468245,0.013181212250790608,-0.004422899089039589,-0.01812739224698845,-0.028623190400974607,-0.03649382303138182,-0.042220520665676275,-0.04619586028842093,-0.04873895652629301,-0.050109431514954395,-0.05051928845401221,-0.05014261419491817,-0.04912334204863811,-0.047581392031503356,-0.04561749953838046,-0.04331700332139832,-0.040752815597450365,-0.03798775180735703,-0.035076358693828524,-0.032066347523667105,-0.02899971374806043,-0.025913604063390494,-0.022840975535896035,-0.0198110781354508,-0.016849780756995614,-0.013979750835119376,-0.01122048835390288,-0.008588205997458687,-0.00609553828660836,-0.00375105438625134,-0.0015585440259435757,0.0004839500488937887,0.002385349809387982,0.0041628988627699925,0.005843244012221138,0.007461613616370766,0.034784607586960226,0.03371538193065193,0.03262867397470259,0.03151549214329563,0.03037325500943666,0.02920208625002374,0.02800332759915669,0.026778785187634213,0.02553035916571922,0.02425986181098594,0.022968934815565945,0.021659020159066955,0.02033136080781084,0.018987018371520392,0.017626900540467005,0.016251794166683098,0.014862401496253952,0.013459377954177398,0.012043370350934168,0.010615054599327323,0.00917517207608931,0.007724563656892336,0.006264200157839461,0.004795207313359029,0.0033188822566918574,0.0018366962449345436,0.0003502733654596746,-0.0011386733255749348,-0.0026285101994532045,-0.004117959042817976,-0.0830436844579765,-0.0797299710892263,-0.07652793165177307,-0.07351438308871217,-0.0707433909630737,-0.06823701420495709,-0.06598727848840014,-0.06396057360178276,-0.06210232082535683,-0.06034109802309118,-0.05859204095515835,-0.056759558249478204,-0.05473947459688233,-0.05242073571942285,-0.049686806617319945,-0.046416886824125925,-0.04248705973038014,-0.037771490822848364,-0.03214379419496183,-0.025478700299826684,-0.017654184285047947,-0.008554259603208436,0.0019272829261396396,0.013881783284437788,0.027378642847791568,0.04245524690663105,0.05910219499938418,0.07724026941709083,0.09668750820348515,0.11707902330943093,0.11866510248779105,0.098604044868702,0.07907527479124621,0.060575904871445374,0.04337570679351188,0.02762486941571929,0.01339342136276045,0.0006979109690981034,-0.010481722605959476,-0.020190725782036623,-0.028491550668032772,-0.03545812615540811,-0.04117167342057115,-0.045717619064546966,-0.04918331155594302,-0.051656339144614094,-0.053223305950439226,-0.05396896113779803,-0.05397560170847271,-0.05332268700734488,-0.05208661529199077,-0.05034062137974615,-0.048154760511955885,-0.0455959478368726,-0.042728025695737415,-0.03961183242353172,-0.03630524672462343,-0.03286318085457651,-0.02933749376182604,-0.025776791922631048,-0.02222608079805255,-0.018726223791858843,-0.01531315897024399,-0.012016818650202765,-0.008859698490423895,-0.005855045461972352,-0.003004709323349175,-0.000296962052312999,0.0022949497337996227,0.0048091256225764045,0.05140829996368379,0.04926316870585001,0.0471121956792695,0.044962646958927266,0.04282150175776067,0.040694757775716184,0.03858693783498346,0.036501138603338035,0.03443920178661308,0.03240191432252182,0.03038919668288287,0.02840026761539427,0.02643378391753437,0.02448795798265735,0.022560657183987587,0.020649489352608796,0.018751878365833363,0.01686513352042418,0.014986516061936683,0.013113306027788596,0.0112428724375917,0.00937274977638225,0.007500723552774424,0.005624927180747363,0.0037439509195857923,0.001856959573991901,-3.6194558704405466e-05,-0.0019349040262821582,-0.003837890073350003,-0.005743779851864361,0.007806017605672511,0.006426737830932283,0.005244388598195204,0.00432769618293527,0.0036868145793089724,0.0033046277863100215,0.0031506384648654073,0.0031880707032663214,0.0033775582884723043,0.0036790857529827026,0.004052977310799788,0.004460346567444873,0.004863230661164453,0.00522453578360027,0.005507869471983895,0.005677307064609227,0.005697124663336606,0.005531523612774203,0.005144369452903641,0.004498970838538563,0.0035579318169661756,0.002283126720095674,0.0006358764333100897,-0.0014225401562978635,-0.0039298009222943076,-0.006920429403621975,-0.010421786145538403,-0.014446173473997515,-0.01897598273066392,-0.023923688567415113,-0.02789487616539285,-0.022409423932953088,-0.01717235617266666,-0.01233009469081603,-0.007938132999650627,-0.004011196051146637,-0.0005424770184383476,0.0024858552628348463,0.005097079527840442,0.0073168195279578185,0.009171296945270413,0.010686349457191824,0.011886897560145826,0.012796682464077946,0.013438172033929163,0.013832573347384525,0.013999914156237026,0.01395916964933086,0.013728419392727176,0.013325024585652656,0.012765819088908614,0.01206730980185533,0.011245883313913296,0.010318016584482947,0.009300489847076321,0.00821060005005414,0.007066372934096066,0.0058867712280266105,0.004691895231421661,0.003503169866002409,0.002343508383080284,0.0012374358884832404,0.00021114287515811014,-0.0007075857432350396,-0.0014896692870025596,-0.002105462124237345,-0.002526338680607365,-0.002728095932860164,-0.0026982760902594105,-0.0024550775394926727,-0.01349607474095943,-0.012452115568974742,-0.011447560006757396,-0.010499978717067426,-0.00961376634285216,-0.008787750036538089,-0.008018184293636654,-0.007300239911337769,-0.006628724010952158,-0.005998428151395618,-0.005404284598035769,-0.004841421596114781,-0.004305164349998947,-0.003791006489479276,-0.0032945653734230973,-0.0028115285121927958,-0.002337595101301382,-0.0018684149283538787,-0.0013995260933923337,-0.0009262928090945088,-0.0004438450000439076,5.297726850905793e-05,0.0005696687107713538,0.0011120816189998939,0.001686403585259233,0.0022990428049811107,0.0029563209097423493,0.003663739606235672,0.004424318797321129,0.005234067047210835,0.9340919773625309,0.9576575075116409,0.9808363887179041,1.0034954384551042,1.0256080488363182,1.0471734903549077,1.068189258666962,1.0886415879141396,1.1085035509339605,1.1277360761441741,1.1462899465803957,1.1641079486485069,1.181126826131731,1.1972789103806463,1.2124933904015052,1.2266972230326019,1.2398156932694064,1.251772633457108,1.2624903053848584,1.2718889472236015,1.2798859947312167,1.286395014703544,1.2913244613906727,1.2945765327001482,1.2960467709752947,1.2956258861980814,1.2932071836770547,1.2887079833882353,1.2821243976501648,1.2736936683853628,-1.1783545386894332,-1.1740546884652758,-1.1686068770011673,-1.1615804651723352,-1.1528775470495134,-1.1425139322287805,-1.1305371432428046,-1.1169935404101352,-1.10191735714659,-1.0853291165890369,-1.0672379529130467,-1.0476452960824645,-1.0265487427188873,-1.0039455832749127,-0.9798357726139102,-0.9542242872790894,-0.927122888580584,-0.8985513452822715,-0.8685381828601066,-0.8371210280954529,-0.8043466134087112,-0.7702704976852601,-0.7349565507290663,-0.6984762377921925,-0.6609077291077483,-0.6223348471562531,-0.582845851487491,-0.5425320471503028,-0.5014861881302295,-0.45980063175409214,-0.4175651846243227,-0.3748645674598947,-0.3317754209779764,-0.28836279123112263,-0.24467610318254174,-0.2007448392561173,-0.156574685172302,-0.11214648048428444,-0.06742396178891852,-0.022394990728173525,0.8410097444403384,0.8296698067138379,0.8178923282532082,0.8054970831305752,0.7924319817570051,0.7786973581301595,0.7643156119685273,0.7493174630370163,0.7337358876508233,0.7176035537747225,0.7009518912821591,0.6838109076883256,0.6662093169676382,0.6481747683635604,0.6297340705507395,0.6109133603394525,0.5917381913010331,0.5722335294458389,0.5524236472249981,0.5323319072692243,0.5119804256584644,0.4913896031621334,0.4705775144892641,0.44955915604157326,0.42834558461569827,0.40694306552754256,0.3853525653140366,0.3635705410915193,0.34159337359228914,0.31943522124513635,-1.6897923383951365,-1.0488874881984884,-0.4078731215482776,0.23355490308654225,0.8755547327814384,1.518215184003111,2.161608016926948,2.8058087771082683,3.450904786792762,4.096997161447234,4.744200315841226,5.392640568075876,6.042454615771021,6.69378825201602,7.346795496484447,8.001638227935473,8.658486368776721,9.31751866434388,9.97892410114855,10.642904009682752,11.309674884675587,11.979471903054218,12.652552980829569,13.329202878268916,14.00973610834626,14.694495637031196,15.383840392727507,16.078103147443016,16.77748135300203,17.481660642200495,23.226664422600777,14.23562012809839,5.250523323481957,-3.7347346506180656,-12.728763193292252,-21.744290704495143,-20.786015432458953,-19.84813558534006,-18.92747403095018,-18.02128416648884,-17.12734240042664,-16.2438566723049,-15.369382957704147,-14.502750219053269,-13.642999209307163,-12.78933418347333,-11.941085510512494,-11.097680980550649,-10.258623871179225,-9.423476199906872,-8.59184593885584,-7.763377259278059,-6.937743106849666,-6.114639590919978,-5.293781806599327,-4.474900819313916,-3.657741619391345,-2.8420619232383615,-2.0276317445641325,-1.214233700915429,-0.4016640461532006,0.41026557149507425,1.2217256507133243,2.0328657955606104,2.8438114491023043,3.6546613236923804,4.465487917045493,5.27634641611462,6.087310689457922,6.898546114232772,6.25102472864981,6.0109618772110025,5.771970149048457,5.534374022655015,5.298226676421564,5.063485962042932,4.8300736070452785,4.597901396649377,4.366881890988225,4.136932480152836,3.907976445791064,3.6799427426078637,3.452765298310169,3.2263822068948684,3.0007349866948516,2.7757679761205054,2.5514278946218383,2.327663575640827,2.104425870759769,1.8816677218537734,1.6593443962510719,1.4374138750260954,1.215837368780285,0.9945798974840727,0.7736107820362577,0.5529036952752904,0.33243541973922675,0.11218140635418195,-0.10789800688110063,-0.3278873132292546,0.6091575697532328,0.6245422602843576,0.6396385844125803,0.654349307537359,0.6686579753292108,0.6825705307566636,0.6960947931759165,0.7092327173175477,0.7219781452120628,0.7343167644827986,0.7462268984275511,0.7576805215379068,0.7686442386543035,0.7790801201985005,0.7889463550635583,0.798197711931607,0.8067858104005836,0.8146592056681357,0.8217632901432808,0.8280400166637492,0.8334274552580041,0.8378592170535626,0.8412638304226903,0.8435642698635775,0.8446780916954708,0.84451920333305,0.8430035997676555,0.8400648348140862,0.8356925033903906,0.8300446936117538,-0.7841771082521269,-0.7801994596301114,-0.7753573411618504,-0.7693212035279657,-0.7620184326638082,-0.7534741339951552,-0.7437486706665482,-0.7329102804571903,-0.7210238104732412,-0.7081467035011428,-0.6943283094632875,-0.6796106601960901,-0.6640298128668292,-0.6476173293008287,-0.6304016866034772,-0.6124095283632869,-0.5936667225746532,-0.5741992201408266,-0.5540337206955428,-0.5331981576250655,-0.5117220153354083,-0.48963649093889217,-0.4669745104913545,-0.44377060729937057,-0.42006066659143926,-0.3958815373578659,-0.37127050810590845,-0.3462646389378392,-0.32089993764958535,-0.2952103630522629,-0.2692266352976276,-0.24297483297578992,-0.21647476538015553,-0.1897381372703535,-0.16276659927430615,-0.1355499667546951,-0.10806534414032853,-0.08027916232123289,-0.05215676717720896,-0.023699650756050517,0.5469010011898217,0.539394215712754,0.5315870795807314,0.5233564299868618,0.5146681343479713,0.5055250600008776,0.4959458269360937,0.4859550745584045,0.47557905527054345,0.46484367660713133,0.4537737042534786,0.4423925099315227,0.4307220631596351,0.41878301723056666,0.40659481472897596,0.39417577532896075,0.3815431471178954,0.36871311133842255,0.3557007339377378,0.34251985816050023,0.32918293211167793,0.3157007650297885,0.3020822079005825,0.2883337615483583,0.27445913701694735,0.2604588500094138,0.24633007191506806,0.23206736872158729,0.21766580590945495,0.2031331979177473,0.1489234082940114,0.14781357853778054,0.14663308800943042,0.14535454365859835,0.14397083380670495,0.1424822126896217,0.14089132808488358,0.1392011375731812,0.13741411001868187,0.13553198341072914,0.13355576171515793,0.13148580445283642,0.12932194125458807,0.1270635803366389,0.12470979720653474,0.12225939802628716,0.11971095560359402,0.11706281728496037,0.11431308430857712,0.11145956217181663,0.10849968193187465,0.10543039396092269,0.10224804016799283,0.09894822149621518,0.09552570222825807,0.09197444987814407,0.0882880417857379,0.08446102327652483,0.08049256683300676,0.07639778089883276,-0.09453563935973408,-0.09433164921826531,-0.09404197484854748,-0.09363377867002853,-0.09309921891796336,-0.09244006804744487,-0.09166168039014622,-0.09077034930260908,-0.0897722097897855,-0.08867283095234768,-0.08747712123944495,-0.08618936938988497,-0.0848133371527382,-0.08335236419436853,-0.08180946727132721,-0.08018742639735876,-0.07848885588818177,-0.07671626054468561,-0.0748720782042227,-0.07295871014449062,-0.07097854073212773,-0.06893394744874115,-0.06682730208660814,-0.0646609635325035,-0.06243726215805623,-0.06015847541563346,-0.057826793794887976,-0.055444275830794254,-0.05301279039439066,-0.050533944092542527,-0.048008991426293335,-0.04543872571550622,-0.042823350478201405,-0.0401623355874392,-0.037454273926726955,-0.034696781741093474,-0.03188655121162043,-0.02901984060376961,-0.02609408365282384,-0.023113291034327688,0.0697295268538749,0.07037593319197377,0.07097189818191652,0.071497048890663,0.07194573360372658,0.07231809238557929,0.07261656945455286,0.07284435722412752,0.07300473144361064,0.07310078663402919,0.07313535543940475,0.07311100933722514,0.07303009143966221,0.07289475745590579,0.07270701328524609,0.07246874376975398,0.07218173001349015,0.07184765392086945,0.07146808901911328,0.07104447666471714,0.07057808669032539,0.07006996177307201,0.06952084587754115,0.06893110015379733,0.06830061731357517,0.06762876407456275,0.06691442592918762,0.06615634941016424,0.06535425616652368,0.06451254742675738
mzi,-0.0,-0.0,-0.0,-0.0,-0.0,-0.0,-0.0,-0.0,-0.0,-0.0,-0.0,-0.0,-0.0,-0.0,-0.0,-0.0,-0.0,-0.0,-0.0,-0.0,-0.0,-0.0,-0.0,-0.0,-0.0,-0.0,-0.0,-0.0,-0.0,-0.0,-0.0,-0.0,-0.0,-0.0,-0.0,-0.0,-0.0,-0.0,-0.0,-0.0,-0.0,-0.0,-0.0,-0.0,-0.0,-0.0,-0.0,-0.0,-0.0,-0.0,-0.0,-0.0,-0.0,-0.0,-0.0,-0.0,-0.0,-0.0,-0.0,-0.0,-0.0,-0.0,-0.0,-0.0,-0.0,-0.0,-0.0,-0.0,-0.0,-0.0,-0.0,-0.0,-0.0,-0.0,-0.0,-0.0,-0.0,-0.0,-0.0,-0.0,-0.0,-0.0,-0.0,-0.0,-0.0,-0.0,-0.0,-0.0,-0.0,-0.0,-0.0,-0.0,-0.0,-0.0,-0.0,-0.0,-0.0,-0.0,-0.0,-0.0,-0.0,-0.0,-0.0,-0.0,-0.0,-0.0,-0.0,-0.0,-0.0,-0.0,-0.0,-0.0,-0.0,-0.0,-0.0,-0.0,-0.0,-0.0,-0.0,-0.0,-0.0,-0.0,-0.0,-0.0,-0.0,-0.0,-0.0,-0.0,-0.0,-0.0,-0.0,-0.0,-0.0,-0.0,-0.0,-0.0,-0.0,-0.0,-0.0,-0.0,-0.0,-0.0,-0.0,-0.0,-0.0,-0.0,-0.0,-0.0,-0.0,-0.0,-0.0,-0.0,-0.0,-0.0,-0.0,-0.0,-0.0,-0.0,-0.0,-0.0,-0.0,-0.0,-0.0,-0.0,-0.0,-0.0,-0.0,-0.0,-0.0,-0.0,-0.0,-0.0,-0.0,-0.0,-0.0,-0.0,-0.0,-0.0,-0.0,-0.0,-0.0,-0.0,-0.0,-0.0,-0.0,-0.0,-0.0,-0.0,-0.0,-0.0,-0.0,-0.0,-0.0,-0.0,-0.0,-0.0,-0.0,-0.0,-0.0,-0.0,-0.0,-0.0,-0.0,-0.0,-0.0,-0.0,-0.0,-0.0,-0.0,-0.0,-0.0,-0.0,-0.0,-0.0,-0.0,-0.0,-0.0,-0.0,-0.0,-0.0,-0.0,-0.0,-0.0,-0.0,-0.0,-0.0,-0.0,-0.0,-0.0,-0.0,-0.0,-0.0,-0.0,-0.0,-0.0,-0.0,-0.0,-0.0,-0.0,-0.0,-0.0,-0.0,-0.0,-0.0,-0.0,-0.0,-0.0,-0.0,-0.0,-0.0,-0.0,-0.0,-0.0,-0.0,-0.0,-0.0,-0.0,-0.0,-0.0,-0.0,-0.0,-0.0,-0.0,-0.0,-0.0,-0.0,-0.0,-0.0,-0.0,-0.0,-0.0,-0.0,-0.0,-0.0,-0.0,-0.0,-0.0,-0.0,-0.0,-0.0,-0.0,-0.0,-0.0,-0.0,-0.0,-0.0,-0.0,-0.0,-0.0,-0.0,-0.0,-0.0,-0.0,-0.0,-0.0,-0.0,-0.0,-0.0,-0.0,-0.0,-0.0,-0.0,-0.0,-0.0,-0.0,-0.0,-0.0,-0.0,-0.0,-0.0,-0.0,-0.0,-0.0,-0.0,-0.0,-0.0,-0.0,-0.0,-0.0,-0.0,-0.0,-0.0,-0.0,-0.0,-0.0,-0.0,-0.0,-0.0,-0.0,-0.0,-0.0,-0.0,-0.0,-0.0,-0.0,-0.0,-0.0,-0.0,-0.0,-0.0,-0.0,-0.0,-0.0,-0.0,-0.0,-0.0,-0.0,-0.0,-0.0,-0.0,-0.0,-0.0,-0.0,-0.0,-0.0,-0.0,-0.0,-0.0,-0.0,-0.0,-0.0,-0.0,-0.0,-0.0,-0.0,-0.0,-0.0,-0.0,-0.0,-0.0,-0.0,-0.0,-0.0,-0.0,-0.0,-0.0,-0.0,-0.0,-0.0,-0.0,-0.0,-0.0,-0.0,-0.0,-0.0,-0.0,-0.0,-0.0,-0.0,-0.0,-0.0,-0.0,-0.0,-0.0,-0.0,-0.0,-0.0,-0.0,-0.0,-0.0,-0.0,-0.0,-0.0,-0.0,-0.0,-0.0,-0.0,-0.0,-0.0,-0.0,-0.0,-0.0,-0.0,-0.0,-0.0,-0.0,-0.0,-0.0,-0.0,-0.0,-0.0,-0.0,-0.0,-0.0,-0.0,-0.0,-0.0,-0.0,-0.0,-0.0,-0.0,-0.0,-0.0,-0.0,-0.0,-0.0,-0.0,-0.0,-0.0,-0.0,-0.0,-0.0,-0.0,-0.0,-0.0,-0.0,-0.0,-0.0,-0.0,-0.0,-0.0,-0.0,-0.0,-0.0,-0.0,-0.0,-0.0,-0.0,-0.0,-0.0,-0.0,-0.0,-0.0,-0.0,-0.0,-0.0,-0.0,-0.0,-0.0,-0.0,-0.0,-0.0,-0.0,-0.0,-0.0,-0.0,-0.0,-0.0,-0.0,-0.0,-0.0,-0.0,-0.0,-0.0,-0.0,-0.0,-0.0,-0.0,-0.0,-0.0,-0.0,-0.0,-0.0,-0.0,-0.0,-0.0,-0.0,-0.0,-0.0,-0.0,-0.0,-0.0,-0.0,-0.0,-0.0,-0.0,-0.0,-0.0,-0.0,-0.0,-0.0,-0.0,-0.0,-0.0,-0.0,-0.0,-0.0,-0.0,-0.0,-0.0,-0.0,-0.0,-0.0,-0.0,-0.0,-0.0,-0.0,-0.0,-0.0,-0.0,-0.0,-0.0,-0.0,-0.0,-0.0,-0.0,-0.0,-0.0,-0.0,-0.0,-0.0,-0.0,-0.0,-0.0,-0.0,-0.0,-0.0,-0.0,-0.0,-0.0,-0.0,-0.0,-0.0,-0.0,-0.0,-0.0,-0.0,-0.0,-0.0,-0.0,-0.0,-0.0,-0.0,-0.0,-0.0,-0.0,-0.0,-0.0,-0.0,-0.0,-0.0,-0.0,-0.0,-0.0,-0.0,-0.0,-0.0,-0.0,-0.0,-0.0,-0.0,-0.0,-0.0,-0.0,-0.0,-0.0,-0.0,-0.0,-0.0,-0.0,-0.0,-0.0,-0.0,-0.0,-0.0,-0.0,-0.0,-0.0,-0.0,-0.0,-0.0,-0.0,-0.0,-0.0,-0.0,-0.0,-0.0,-0.0,-0.0,-0.0,-0.0,-0.0,-0.0,-0.0,-0.0,-0.0,-0.0,-0.0,-0.0,-0.0,-0.0,-0.0,-0.0,-0.0,-0.0,-0.0,-0.0,-0.0,-0.0,-0.0,-0.0,-0.0,-0.0,-0.0,-0.0,-0.0,-0.0,-0.0,-0.0,-0.0,-0.0,-0.0,-0.0,-0.0,-0.0,-0.0,-0.0,-0.0,-0.0,-0.0,-0.0,-0.0,-0.0,-0.0,-0.0,-0.0,-0.0,-0.0,-0.0,-0.0,-0.0,-0.0,-0.0,-0.0,-0.0,-0.0,-0.0,-0.0,-0.0,-0.0,-0.0,-0.0,-0.0,-0.0,-0.0,-0.0,-0.0,-0.0,-0.0,-0.0,-0.0,-0.0,-0.0,-0.0,-0.0,-0.0,-0.0,-0.0,-0.0,-0.0,-0.0,-0.0,-0.0,-0.0,-0.0,-0.0,-0.0,-0.0,-0.0,-0.0,-0.0,-0.0,-0.0,-0.0,-0.0,-0.0,-0.0,-0.0,-0.0,-0.0,-0.0,-0.0,-0.0,-0.0,-0.0,-0.0,-0.0,-0.0,-0.0,-0.0,-0.0,-0.0,-0.0,-0.0,-0.0,-0.0,-0.0,-0.0,-0.0,-0.0,-0.0,-0.0,-0.0,-0.0,-0.0,-0.0,-0.0,-0.0,-0.0,-0.0,-0.0,-0.0,-0.0,-0.0,-0.0,-0.0,-0.0,-0.0,-0.0,-0.0,-0.0,-0.0,-0.0,-0.0,-0.0,-0.0,-0.0,-0.0,-0.0,-0.0,-0.0,-0.0,-0.0,-0.0,-0.0,-0.0,-0.0,-0.0,-0.0,-0.0,-0.0,-0.0,-0.0,-0.0,-0.0,-0.0,-0.0,-0.0,-0.0,-0.0,-0.0,-0.0,-0.0,-0.0,-0.0,-0.0,-0.0,-0.0,-0.0,-0.0,-0.0,-0.0,-0.0,-0.0,-0.0,-0.0,-0.0,-0.0,-0.0,-0.0
fxj,0.0,0.0,0.0,0.0,0.0,0.0,0.0,0.0,0.0,0.0,0.0,0.0,0.0,0.0,0.0,0.0,0.0,0.0,0.0,0.0,0.0,0.0,0.0,0.0,0.0,0.0,0.0,0.0,0.0,0.0,0.0,0.0,0.0,0.0,0.0,0.0,0.0,0.0,0.0,0.0,0.0,0.0,0.0,0.0,0.0,0.0,0.0,0.0,0.0,0.0,0.0,0.0,0.0,0.0,0.0,0.0,0.0,0.0,0.0,0.0,0.0,0.0,0.0,0.0,0.0,0.0,0.0,0.0,0.0,0.0,0.0,0.0,0.0,0.0,0.0,0.0,0.0,0.0,0.0,0.0,0.0,0.0,0.0,0.0,0.0,0.0,0.0,0.0,0.0,0.0,0.0,0.0,0.0,0.0,0.0,0.0,0.0,0.0,0.0,0.0,0.0,0.0,0.0,0.0,0.0,0.0,0.0,0.0,0.0,0.0,0.0,0.0,0.0,0.0,0.0,0.0,0.0,0.0,0.0,0.0,0.0,0.0,0.0,0.0,0.0,0.0,0.0,0.0,0.0,0.0,0.0,0.0,0.0,0.0,0.0,0.0,0.0,0.0,0.0,0.0,0.0,0.0,0.0,0.0,0.0,0.0,0.0,0.0,0.0,0.0,0.0,0.0,0.0,0.0,0.0,0.0,0.0,0.0,0.0,0.0,0.0,0.0,0.0,0.0,0.0,0.0,0.0,0.0,0.0,0.0,0.0,0.0,0.0,0.0,0.0,0.0,0.0,0.0,0.0,0.0,0.0,0.0,0.0,0.0,0.0,0.0,0.0,0.0,0.0,0.0,0.0,0.0,0.0,0.0,0.0,0.0,0.0,0.0,0.0,0.0,0.0,0.0,0.0,0.0,0.0,0.0,0.0,0.0,0.0,0.0,0.0,0.0,0.0,0.0,0.0,0.0,0.0,0.0,0.0,0.0,0.0,0.0,0.0,0.0,0.0,0.0,0.0,0.0,0.0,0.0,0.0,0.0,0.0,0.0,0.0,0.0,0.0,0.0,0.0,0.0,0.0,0.0,0.0,0.0,0.0,0.0,0.0,0.0,0.0,0.0,0.0,0.0,0.0,0.0,0.0,0.0,0.0,0.0,0.0,0.0,0.0,0.0,0.0,0.0,0.0,0.0,0.0,0.0,0.0,0.0,0.0,0.0,0.0,0.0,0.0,0.0,0.0,0.0,0.0,0.0,0.0,0.0,0.0,0.0,0.0,0.0,0.0,0.0,0.0,0.0,0.0,0.0,0.0,0.0,0.0,0.0,0.0,0.0,0.0,0.0,0.0,0.0,0.0,0.0,0.0,0.0,0.0,0.0,0.0,0.0,0.0,0.0,0.0,0.0,0.0,0.0,0.0,0.0,0.0,0.0,0.0,0.0,0.0,0.0,0.0,0.0,0.0,0.0,0.0,0.0,0.0,0.0,0.0,0.0,0.0,0.0,0.0,0.0,0.0,0.0,0.0,0.0,0.0,0.0,0.0,0.0,0.0,0.0,0.0,0.0,0.0,0.0,0.0,0.0,0.0,0.0,0.0,0.0,0.0,0.0,0.0,0.0,0.0,0.0,0.0,0.0,0.0,0.0,0.0,0.0,0.0,0.0,0.0,0.0,0.0,0.0,0.0,0.0,0.0,0.0,0.0,0.0,0.0,0.0,0.0,0.0,0.0,0.0,0.0,0.0,0.0,0.0,0.0,0.0,0.0,0.0,0.0,0.0,0.0,0.0,0.0,0.0,0.0,0.0,0.0,0.0,0.0,0.0,0.0,0.0,0.0,0.0,0.0,0.0,0.0,0.0,0.0,0.0,0.0,0.0,0.0,0.0,0.0,0.0,0.0,0.0,0.0,0.0,0.0,0.0,0.0,0.0,0.0,0.0,0.0,0.0,0.0,0.0,0.0,0.0,0.0,0.0,0.0,0.0,0.0,0.0,0.0,0.0,0.0,0.0,0.0,0.0,0.0,0.0,0.0,0.0,0.0,0.0,0.0,0.0,0.0,0.0,0.0,0.0,0.0,0.0,0.0,0.0,0.0,0.0,0.0,0.0,0.0,0.0,0.0,0.0,0.0,0.0,0.0,0.0,0.0,0.0,0.0,0.0,0.0,0.0,0.0,0.0,0.0,0.0,0.0,0.0,0.0,0.0,0.0,0.0,0.0,0.0,0.0,0.0,0.0,0.0,0.0,0.0,0.0,0.0,0.0,0.0,0.0,0.0,0.0,0.0,0.0,0.0,0.0,0.0,0.0,0.0,0.0,0.0,0.0,0.0,0.0,0.0,0.0,0.0,0.0,0.0,0.0,0.0,0.0,0.0,0.0,0.0,0.0,0.0,0.0,0.0,0.0,0.0,0.0,0.0,0.0,0.0,0.0,0.0,0.0,0.0,0.0,0.0,0.0,0.0,0.0,0.0,0.0,0.0,0.0,0.0,0.0,0.0,0.0,0.0,0.0,0.0,0.0,0.0,0.0,0.0,0.0,0.0,0.0,0.0,0.0,0.0,0.0,0.0,0.0,0.0,0.0,0.0,0.0,0.0,0.0,0.0,0.0,0.0,0.0,0.0,0.0,0.0,0.0,0.0,0.0,0.0,0.0,0.0,0.0,0.0,0.0,0.0,0.0,0.0,0.0,0.0,0.0,0.0,0.0,0.0,0.0,0.0,0.0,0.0,0.0,0.0,0.0,0.0,0.0,0.0,0.0,0.0,0.0,0.0,0.0,0.0,0.0,0.0,0.0,0.0,0.0,0.0,0.0,0.0,0.0,0.0,0.0,0.0,0.0,0.0,0.0,0.0,0.0,0.0,0.0,0.0,0.0,0.0,0.0,0.0,0.0,0.0,0.0,0.0,0.0,0.0,0.0,0.0,0.0,0.0,0.0,0.0,0.0,0.0,0.0,0.0,0.0,0.0,0.0,0.0,0.0,0.0,0.0,0.0,0.0,0.0,0.0,0.0,0.0,0.0,0.0,0.0,0.0,0.0,0.0,0.0,0.0,0.0,0.0,0.0,0.0,0.0,0.0,0.0,0.0,0.0,0.0,0.0,0.0,0.0,0.0,0.0,0.0,0.0,0.0,0.0,0.0,0.0,0.0,0.0,0.0,0.0,0.0,0.0,0.0,0.0,0.0,0.0,0.0,0.0,0.0,0.0,0.0,0.0,0.0,0.0,0.0,0.0,0.0,0.0,0.0,0.0,0.0,0.0,0.0,0.0,0.0,0.0,0.0,0.0,0.0,0.0,0.0,0.0,0.0,0.0,0.0,0.0,0.0,0.0,0.0,0.0,0.0,0.0,0.0,0.0,0.0,0.0,0.0,0.0,0.0,0.0,0.0,0.0,0.0,0.0,0.0,0.0,0.0,0.0,0.0,0.0,0.0,0.0,0.0,0.0,0.0,0.0,0.0,0.0,0.0,0.0,0.0,0.0,0.0,0.0,0.0,0.0,0.0,0.0,0.0,0.0,0.0,0.0,0.0,0.0,0.0,0.0,0.0,0.0,0.0,0.0
fyj,-0.0,-0.0,-0.0,-0.0,-0.0,-0.0,-0.0,-0.0,-0.0,-0.0,-0.0,-0.0,-0.0,-0.0,-0.0,-0.0,-0.0,-0.0,-0.0,-0.0,-0.0,-0.0,-0.0,-0.0,-0.0,-0.0,-0.0,-0.0,-0.0,-0.0,-0.0,-0.0,-0.0,-0.0,-0.0,-0.0,-0.0,-0.0,-0.0,-0.0,-0.0,-0.0,-0.0,-0.0,-0.0,-0.0,-0.0,-0.0,-0.0,-0.0,-0.0,-0.0,-0.0,-0.0,-0.0,-0.0,-0.0,-0.0,-0.0,-0.0,-0.0,-0.0,-0.0,-0.0,-0.0,-0.0,-0.0,-0.0,-0.0,-0.0,-0.0,-0.0,-0.0,-0.0,-0.0,-0.0,-0.0,-0.0,-0.0,-0.0,-0.0,-0.0,-0.0,-0.0,-0.0,-0.0,-0.0,-0.0,-0.0,-0.0,-0.0,-0.0,-0.0,-0.0,-0.0,-0.0,-0.0,-0.0,-0.0,-0.0,-0.0,-0.0,-0.0,-0.0,-0.0,-0.0,-0.0,-0.0,-0.0,-0.0,-0.0,-0.0,-0.0,-0.0,-0.0,-0.0,-0.0,-0.0,-0.0,-0.0,-0.0,-0.0,-0.0,-0.0,-0.0,-0.0,-0.0,-0.0,-0.0,-0.0,-0.0,-0.0,-0.0,-0.0,-0.0,-0.0,-0.0,-0.0,-0.0,-0.0,-0.0,-0.0,-0.0,-0.0,-0.0,-0.0,-0.0,-0.0,-0.0,-0.0,-0.0,-0.0,-0.0,-0.0,-0.0,-0.0,-0.0,-0.0,-0.0,-0.0,-0.0,-0.0,-0.0,-0.0,-0.0,-0.0,-0.0,-0.0,-0.0,-0.0,-0.0,-0.0,-0.0,-0.0,-0.0,-0.0,-0.0,-0.0,-0.0,-0.0,-0.0,-0.0,-0.0,-0.0,-0.0,-0.0,-0.0,-0.0,-0.0,-0.0,-0.0,-0.0,-0.0,-0.0,-0.0,-0.0,-0.0,-0.0,-0.0,-0.0,-0.0,-0.0,-0.0,-0.0,-0.0,-0.0,-0.0,-0.0,-0.0,-0.0,-0.0,-0.0,-0.0,-0.0,-0.0,-0.0,-0.0,-0.0,-0.0,-0.0,-0.0,-0.0,-0.0,-0.0,-0.0,-0.0,-0.0,-0.0,-0.0,-0.0,-0.0,-0.0,-0.0,-0.0,-0.0,-0.0,-0.0,-0.0,-0.0,-0.0,-0.0,-0.0,-0.0,-0.0,-0.0,-0.0,-0.0,-0.0,-0.0,-0.0,-0.0,-0.0,-0.0,-0.0,-0.0,-0.0,-0.0,-0.0,-0.0,-0.0,-0.0,-0.0,-0.0,-0.0,-0.0,-0.0,-0.0,-0.0,-0.0,-0.0,-0.0,-0.0,-0.0,-0.0,-0.0,-0.0,-0.0,-0.0,-0.0,-0.0,-0.0,-0.0,-0.0,-0.0,-0.0,-0.0,-0.0,-0.0,-0.0,-0.0,-0.0,-0.0,-0.0,-0.0,-0.0,-0.0,-0.0,-0.0,-0.0,-0.0,-0.0,-0.0,-0.0,-0.0,-0.0,-0.0,-0.0,-0.0,-0.0,-0.0,-0.0,-0.0,-0.0,-0.0,-0.0,-0.0,-0.0,-0.0,-0.0,-0.0,-0.0,-0.0,-0.0,-0.0,-0.0,-0.0,-0.0,-0.0,-0.0,-0.0,-0.0,-0.0,-0.0,-0.0,-0.0,-0.0,-0.0,-0.0,-0.0,-0.0,-0.0,-0.0,-0.0,-0.0,-0.0,-0.0,-0.0,-0.0,-0.0,-0.0,-0.0,-0.0,-0.0,-0.0,-0.0,-0.0,-0.0,-0.0,-0.0,-0.0,-0.0,-0.0,-0.0,-0.0,-0.0,-0.0,-0.0,-0.0,-0.0,-0.0,-0.0,-0.0,-0.0,-0.0,-0.0,-0.0,-0.0,-0.0,-0.0,-0.0,-0.0,-0.0,-0.0,-0.0,-0.0,-0.0,-0.0,-0.0,-0.0,-0.0,-0.0,-0.0,-0.0,-0.0,-0.0,-0.0,-0.0,-0.0,-0.0,-0.0,-0.0,-0.0,-0.0,-0.0,-0.0,-0.0,-0.0,-0.0,-0.0,-0.0,-0.0,-0.0,-0.0,-0.0,-0.0,-0.0,-0.0,-0.0,-0.0,-0.0,-0.0,-0.0,-0.0,-0.0,-0.0,-0.0,-0.0,-0.0,-0.0,-0.0,-0.0,-0.0,-0.0,-0.0,-0.0,-0.0,-0.0,-0.0,-0.0,-0.0,-0.0,-0.0,-0.0,-0.0,-0.0,-0.0,-0.0,-0.0,-0.0,-0.0,-0.0,-0.0,-0.0,-0.0,-0.0,-0.0,-0.0,-0.0,-0.0,-0.0,-0.0,-0.0,-0.0,-0.0,-0.0,-0.0,-0.0,-0.0,-0.0,-0.0,-0.0,-0.0,-0.0,-0.0,-0.0,-0.0,-0.0,-0.0,-0.0,-0.0,-0.0,-0.0,-0.0,-0.0,-0.0,-0.0,-0.0,-0.0,-0.0,-0.0,-0.0,-0.0,-0.0,-0.0,-0.0,-0.0,-0.0,-0.0,-0.0,-0.0,-0.0,-0.0,-0.0,-0.0,-0.0,-0.0,-0.0,-0.0,-0.0,-0.0,-0.0,-0.0,-0.0,-0.0,-0.0,-0.0,-0.0,-0.0,-0.0,-0.0,-0.0,-0.0,-0.0,-0.0,-0.0,-0.0,-0.0,-0.0,-0.0,-0.0,-0.0,-0.0,-0.0,-0.0,-0.0,-0.0,-0.0,-0.0,-0.0,-0.0,-0.0,-0.0,-0.0,-0.0,-0.0,-0.0,-0.0,-0.0,-0.0,-0.0,-0.0,-0.0,-0.0,-0.0,-0.0,-0.0,-0.0,-0.0,-0.0,-0.0,-0.0,-0.0,-0.0,-0.0,-0.0,-0.0,-0.0,-0.0,-0.0,-0.0,-0.0,-0.0,-0.0,-0.0,-0.0,-0.0,-0.0,-0.0,-0.0,-0.0,-0.0,-0.0,-0.0,-0.0,-0.0,-0.0,-0.0,-0.0,-0.0,-0.0,-0.0,-0.0,-0.0,-0.0,-0.0,-0.0,-0.0,-0.0,-0.0,-0.0,-0.0,-0.0,-0.0,-0.0,-0.0,-0.0,-0.0,-0.0,-0.0,-0.0,-0.0,-0.0,-0.0,-0.0,-0.0,-0.0,-0.0,-0.0,-0.0,-0.0,-0.0,-0.0,-0.0,-0.0,-0.0,-0.0,-0.0,-0.0,-0.0,-0.0,-0.0,-0.0,-0.0,-0.0,-0.0,-0.0,-0.0,-0.0,-0.0,-0.0,-0.0,-0.0,-0.0,-0.0,-0.0,-0.0,-0.0,-0.0,-0.0,-0.0,-0.0,-0.0,-0.0,-0.0,-0.0,-0.0,-0.0,-0.0,-0.0,-0.0,-0.0,-0.0,-0.0,-0.0,-0.0,-0.0,-0.0,-0.0,-0.0,-0.0,-0.0,-0.0,-0.0,-0.0,-0.0,-0.0,-0.0,-0.0,-0.0,-0.0,-0.0,-0.0,-0.0,-0.0,-0.0,-0.0,-0.0,-0.0,-0.0,-0.0,-0.0,-0.0,-0.0,-0.0,-0.0,-0.0,-0.0,-0.0,-0.0,-0.0,-0.0,-0.0,-0.0,-0.0,-0.0,-0.0,-0.0,-0.0,-0.0,-0.0,-0.0,-0.0,-0.0,-0.0,-0.0,-0.0,-0.0,-0.0,-0.0,-0.0,-0.0,-0.0,-0.0,-0.0,-0.0,-0.0,-0.0,-0.0,-0.0,-0.0,-0.0,-0.0,-0.0,-0.0,-0.0,-0.0,-0.0,-0.0,-0.0,-0.0,-0.0,-0.0,-0.0,-0.0,-0.0,-0.0,-0.0,-0.0,-0.0,-0.0,-0.0,-0.0,-0.0,-0.0,-0.0,-0.0,-0.0,-0.0,-0.0,-0.0,-0.0,-0.0,-0.0,-0.0,-0.0,-0.0,-0.0,-0.0,-0.0,-0.0,-0.0,-0.0,-0.0,-0.0,-0.0,-0.0,-0.0,-0.0,-0.0,-0.0,-0.0,-0.0,-0.0,-0.0,-0.0,-0.0,-0.0,-0.0,-0.0,-0.0,-0.0,-0.0,-0.0,-0.0,-0.0,-0.0,-0.0,-0.0,-0.0,-0.0
fzj,-0.06981446466909702,-0.0657581210887983,-0.05952328064333301,-0.05257183188605552,-0.04573171636383222,-0.03947168881788343,-0.034052326210712636,-0.029612852871736095,-0.026221596917878287,-0.023906080840504274,-0.022671347951018106,-0.02251131100888415,-0.02341583890478205,-0.025375148338184772,-0.028382407786040176,-0.03243506685046782,-0.03753517296229347,-0.043688758227915514,-0.05090422519793947,-0.059189493518317704,-0.06854744871048979,-0.07896890248008503,-0.09042173853303836,-0.1028340160115988,-0.11606723519775386,-0.1298731434459386,-0.1438222934332627,-0.15718182870360664,-0.16870542674667455,-0.17616625374032147,0.17145909593395992,0.16479148569344204,0.15448957432923294,0.142487529862521,0.1298538655358925,0.11721091035795439,0.10491815630282986,0.09317824050589252,0.08209838169153727,0.07172723744253062,0.062077548350600864,0.053140367528840216,0.04489418615787599,0.037310896818326,0.030359757544488275,0.02401006668037553,0.018232989887110307,0.01300281830754102,0.00829783699350628,0.004100919982761297,0.00039992797542254266,-0.0028120425724864617,-0.005536529436312776,-0.007769679370312588,-0.009502326960955543,-0.010720191520533717,-0.011404224185127987,-0.01153116311127178,-0.01107439394110088,-0.010005275553510273,-0.008295194791230642,-0.005918788580174805,-0.0028590718151235706,0.0008842659873664616,0.0052811961702161625,0.010248407687299732,0.015609988895477045,0.02102843637911178,0.02588270551495242,0.029045017181069,0.024279161375044822,0.023744951227442357,0.02293728433780018,0.02203955227567178,0.021146732438438676,0.020307283111975494,0.01954436194085929,0.018867527886328617,0.018279189490158387,0.01777821744227026,0.017361987486992803,0.017027542200708012,0.016772252217464256,0.016594190598482328,0.016492341076030925,0.016466707663056468,0.016518361222409794,0.01664943766169813,0.01686308594250363,0.01716334710400247,0.017554922806056084,0.018042756460644682,0.018631290226309716,0.019323156362730742,0.020116873126838186,0.02100276825179037,0.02195570221618226,0.02292188246890703,0.023794961250168,0.024370669011587687,0.01881061960971664,0.01798497538838717,0.01647850554439856,0.014501041502342105,0.012279744555428351,0.01002823139077691,0.00793557298061387,0.006166358334155575,0.00486550629256044,0.004164853902125287,0.004190247904091393,0.0050687207498754105,0.006935756829591355,0.009942867193274196,0.014265797984592155,0.020113745037292574,0.02773994206546604,0.037453904701465035,0.04963537143146368,0.0647494275587519,0.08336112093940073,0.1061454838491045,0.13388412783444892,0.16743032104244548,0.20760670975025164,0.254966388720959,0.30928854783202553,0.3685692569610737,0.4271719587381062,0.47099458536646566,-0.4615043752078867,-0.41777881517661086,-0.3593518247611911,-0.300289129375102,-0.24618298057211518,-0.19899396259629043,-0.15890452797913213,-0.12532929327312559,-0.09741916688318497,-0.07429957310290547,-0.05517193754417349,-0.03934790737127969,-0.026252221308709522,-0.015412352269891016,-0.006443772989200625,0.0009650523659274768,0.007066233415685019,0.012064022327308521,0.016124371380442426,0.019382688698897255,0.02195007224861456,0.023918302318634233,0.025363843941704545,0.02635107349874488,0.026934907512782047,0.027162980193338626,0.0270774907158966,0.026716821184663786,0.026117010611017122,0.025313157313746615,0.024340809136958796,0.023237383394530298,0.022043628733115384,0.020805085160532144,0.019573390220273268,0.018407068739406895,0.017371033525620305,0.016533214016448028,0.0159551746432669,0.015670038386371488,-0.010924333784785745,-0.011069722133107973,-0.01129252102273881,-0.011546933834893025,-0.011808629567070739,-0.012064832821010896,-0.01230932502505766,-0.012539574988693403,-0.012755102184314637,-0.012956522843239782,-0.013144984807439641,-0.013321827445849976,-0.013488374364840183,-0.013645806046213238,-0.013795081805255904,-0.013936893275968032,-0.01407163913944487,-0.01419941535897351,-0.014320018069327034,-0.014432958333145507,-0.01453748974932978,-0.014632651858192958,-0.014717334917051517,-0.014790375528392019,-0.014850698661732054,-0.014897530802670644,-0.01493072221629177,-0.014951224384240902,-0.014961760101954269,-0.014966704449023815,0.0342663332557791,0.03363989751622398,0.0324010660221461,0.030733853924743926,0.028886436650964242,0.027106859496143443,0.0256183620888919,0.024611760129573668,0.0242457195089969,0.024650156369659726,0.0259304741895221,0.028171563172577407,0.031441088930137084,0.03579188469825567,0.041263387616709224,0.047882101771051566,0.05566106715838259,0.06459828255719913,0.0746739783047019,0.08584656206488717,0.09804696146619563,0.1111709514048016,0.12506886320687727,0.13953179798662063,0.15427305663916968,0.16890283108357096,0.18289312441883965,0.19552662031518775,0.20582256653909958,0.21227438913558672,-0.20199060567954064,-0.19571046191093444,-0.1857219547962501,-0.17346853274132457,-0.15985762450497987,-0.14553616721826756,-0.13097041593692893,-0.11649839707490628,-0.10236442520005085,-0.08874319854078294,-0.07575708723868502,-0.0634888294753182,-0.05199103108975578,-0.04129338745622135,-0.03140824702120426,-0.02233494190500096,-0.014063182055792822,-0.006575722166644482,0.0001495493627317046,0.006137991921718822,0.011416986737344814,0.01601504713516988,0.019961224794883492,0.023284784502834555,0.026015130363020944,0.028181975531992975,0.029815755696745327,0.03094829364636098,0.03161372787383243,0.03184972045403356,0.03169895512428411,0.031210918871977356,0.03044391672420943,0.029467175565059733,0.028362702396179884,0.027226183997356657,0.026165472503578258,0.025293674037754954,0.02471116183083666,0.0244587981397153,-0.02192650818309616,-0.02187922006554288,-0.021798661488020343,-0.021677573284222262,-0.021516899540813483,-0.021323588991776887,-0.021106610010349414,-0.02087502713544609,-0.020637138662607413,-0.020400163076658373,-0.02017018667265802,-0.01995222516791273,-0.019750324825622556,-0.019567666674902284,-0.01940665691893173,-0.0192689964968622,-0.019155727503402886,-0.019067256407822697,-0.019003354998545774,-0.018963140698588177,-0.018945038922566937,-0.018946732267295374,-0.01896510571646104,-0.01899620547104064,-0.01903524501534548,-0.01907672153318174,-0.019114759115055335,-0.019143887576753116,-0.019160579732904637,-0.019165734631206632,-0.0172076974498947,-0.015947555614333808,-0.0140103164678127,-0.011859671122397941,-0.009759065064660177,-0.007857373258019607,-0.006237067585647793,-0.004941893042918366,-0.003992951184184079,-0.0033982874460534163,-0.003158729363292423,-0.0032715029842620424,-0.0037324934570293067,-0.004537648843374598,-0.005683815705985751,-0.007169169241890927,-0.008993320544576022,-0.011157126162466113,-0.013662175483069916,-0.016509877365088244,-0.019699995549260052,-0.023228374122799877,-0.02708341959111582,-0.031240611895982706,-0.035653805598810484,-0.040241160871839377,-0.04486186066831621,-0.04927626141330421,-0.05307741305730751,-0.05553749721608536,0.05791206094943124,0.05568501033372186,0.05224407538633358,0.04823062945313694,0.0439977200360957,0.03975056205214855,0.03560754348767148,0.031635432215736614,0.027869734989650397,0.024326875759243194,0.02101164991773885,0.01792188691268848,0.015051423725878976,0.012392035335096807,0.009934708588730246,0.00767049519822649,0.005591089875082389,0.0036892256654255107,0.00195894524657092,0.00039578608621582134,-0.0010030960870039962,-0.0022388500518104593,-0.0033108890569621963,-0.004216883945019845,-0.004952789913147626,-0.005512912185366758,-0.005890021878542484,-0.006075541826447761,-0.006059835088137788,-0.005832649641021703,-0.0053838070482612466,-0.0047042807296264755,-0.0037879088160650554,-0.002634160403474084,-0.001252684285958594,0.00032906351092520936,0.0020527612740153245,0.003806335424229701,0.005383525578352533,0.006411173216999799,0.011306383004182408,0.011003379899483079,0.010541081313672152,0.010018209246677401,0.00948708753881533,0.008975706807838435,0.008498530861857034,0.008062530023664749,0.007670551567088069,0.0073232437481038914,0.007020169612800942,0.0067604589557106465,0.006543192509887774,0.00636762848689898,0.00623333446541352,0.006140260501652506,0.006088772988654512,0.006079658147108091,0.006114095910124462,0.006193597025177411,0.0063198861562341335,0.0064946986261489315,0.0067194334102325115,0.00699456164464074,0.007318612599256369,0.00768641732011055,0.008086025442237244,0.008493192148633533,0.008861484334932834,0.009103775824986754,0.226334419657519,0.22363051979300508,0.21949901164498442,0.21477898239299975,0.2097943255203063,0.204621303228123,0.19922572338145983,0.19353173811941815,0.18745493744427222,0.18091734505469503,0.1738532494273386,0.16621046478940116,0.1579493870412989,0.14904105533969414,0.13946483015206468,0.1292059927709488,0.11825343036616687,0.10659753206346068,0.09422846465895418,0.08113512919953791,0.06730536217401095,0.052728425074747065,0.03740169101365609,0.02134500606553047,0.004629089733498404,-0.012570244549351628,-0.029869963135752187,-0.04648739974891214,-0.060881641995820246,-0.07008466587535622,0.06745484083808151,0.07541741108025235,0.08769575271708163,0.10170821693827747,0.11624535569353611,0.1307988286953332,0.14520332744177722,0.15944823915197048,0.17358098204931594,0.18765861849351495,0.20172514177829726,0.21580240789990057,0.22988822852130397,0.24395808756526094,0.2579685398741276,0.2718612291064346,0.2855669527853024,0.29900948059002985,0.31210899167490425,0.32478508995336597,0.3369594109353784,0.34855786731350236,0.3595126001382596,0.3697637151781237,0.3792608916191966,0.3879649541249819,0.3958494994567445,0.40290266302872624,0.40912909458165814,0.41455217553448165,0.4192164364249038,0.42318998567679955,0.42656647782132495,0.4294656061783826,0.43203006390740484,0.43441490147688455,0.4367612711794209,0.4391385950784752,0.4414249625597222,0.44306129614119527,-0.12142411853142221,-0.12447430362340128,-0.1292584115549289,-0.13479336783802864,-0.14056282158253453,-0.14630167593350052,-0.1518784345516906,-0.1572316128995226,-0.16233575235582975,-0.1671832325600917,-0.17177464172073087,-0.1761138262700115,-0.18020551631889248,-0.1840543725184034,-0.1876648180250413,-0.19104130538744357,-0.1941888277860926,-0.1971135717813013,-0.19982365336909425,-0.20232989415126212,-0.20464658231139765,-0.20679211678634601,-0.20878933167750802,-0.2106650978066682,-0.2124484110463527,-0.21416542405358996,-0.21582840021346783,-0.2174125575315884,-0.21880938986373621,-0.2197315620502991,6.435152789988024,6.437013179816859,6.44084245709746,6.446100557324826,6.4523616047008545,6.459463302322547,6.4673973747267155,6.476231680971978,6.48606451190426,6.497000540664885,6.509139522779151,6.522572195783141,6.537380125169875,6.553637654869817,6.571414936275687,6.590781462335144,6.611809749447275,6.634578859957401,6.659177354813437,6.68570497064502,6.7142717192618875,6.744991997300531,6.777969242291874,6.81326286274998,6.8508219713839935,6.890356462608906,6.931088125988026,6.9712639411882265,7.00719777343329,7.031068143873199,-90.1287749640851,-90.11179914123204,-90.1242546381618,-90.18885951513948,-90.30880892837013,9.529580703703687,9.365747542644385,9.215862448967528,9.08380381797906,8.968640293809585,8.868305445706937,8.78060151921818,8.703545020864112,8.635459066572366,8.574970178276999,8.520971624471713,8.472578930610325,8.429087664582767,8.389936902560294,8.354678944160696,8.322954734961968,8.294474071386503,8.268999644293217,8.246334072144236,8.226309189602034,8.208777004183503,8.193601835839218,8.180653271498159,8.169799673763919,8.160902108764276,8.153808731207391,8.14834994195553,8.144335078381118,8.141552125154703,8.139773132133996,8.138769750323263,8.138345270952414,8.138387067989242,8.138921974777986,8.1397822149911,-2.391006354516321,-2.383878970733349,-2.373159287550152,-2.3611590047767095,-2.3489588056363573,-2.3370732647454133,-2.325733264118753,-2.3150282573260483,-2.30497853680572,-2.295572470931802,-2.28678554698854,-2.278589821224159,-2.270958267545211,-2.263866415822122,-2.2572925635322463,-2.2512172533315606,-2.245622387257754,-2.2404901815243647,-2.2358020822139224,-2.2315377353334043,-2.2276741289460915,-2.2241850949831132,-2.2210415059416846,-2.218212763509655,-2.215670620553283,-2.213397090767103,-2.2113991994010576,-2.209733585178583,-2.2085396487118487,-2.207979712791257,0.1482781935770845,0.14627007901185607,0.14321575560143174,0.1397556847668966,0.136154302948853,0.13249276576243574,0.12876606472127605,0.12493231663120241,0.12093707138956233,0.11672489723423496,0.11224444586696336,0.1074501996536128,0.10230256314389408,0.09676716461399337,0.09081381790201704,0.08441538258193759,0.07754666088840168,0.0701834411083837,0.06230182399849582,0.05387805655664124,0.044889274689921876,0.03531588137775543,0.025146875607788388,0.014390517273568548,0.0030946844799473183,-0.008615018848104228,-0.020464300457206264,-0.03189736316289782,-0.04183025465249557,-0.04819089236355012,0.054596929393028404,0.06059005209317547,0.06984789916396039,0.08038179106733878,0.09119680987714673,0.10182336622892763,0.11206481019144121,0.12186187011502625,0.13122072029182164,0.14017487194905698,0.14876530609581096,0.1570305211316736,0.1650019878106832,0.17270254034883692,0.18014633757229603,0.18733963731574477,0.19428196482658677,0.20096744626971486,0.20738618529685482,0.2135256215260597,0.21937184456510295,0.22491085738874972,0.23012979514533072,0.23501811185997212,0.23956875205294637,0.24377932521929324,0.24765329899491917,0.25120121949657914,0.2544419503574318,0.2574038883758476,0.2601260484452723,0.26265878812682786,0.265063714068674,0.26741188558207796,0.26977862608782743,0.2722317113866666,0.2748067072216145,0.277457103062261,0.2799559398499696,0.281691253269571,-0.08015167557164204,-0.0822383318966331,-0.08551361761101361,-0.08929541168390642,-0.09322081567006535,-0.09710169880054309,-0.10084403365090111,-0.10440400704555941,-0.10776437486765644,-0.11092166609432752,-0.11387928358271893,-0.11664384256619087,-0.11922330186735053,-0.12162609324968798,-0.12386080887335993,-0.12593620281495532,-0.12786137147577392,-0.12964603721684398,-0.1313008900388013,-0.13283795208644733,-0.1342709220643883,-0.13561542607112642,-0.13688903426191246,-0.1381107702081863,-0.13929958154221822,-0.14047073460733372,-0.14162809209165061,-0.14274813116276164,-0.14374768089783174,-0.14441448867529516,-0.012607467998819288,-0.013096016903091368,-0.013857335534225967,-0.014734412616348891,-0.015650838153874247,-0.016572338524838415,-0.017485939582456922,-0.01838898184792015,-0.019283444789380155,-0.020173056231897135,-0.0210618755638734,-0.0219536581741977,-0.022851632229730967,-0.023758490050340697,-0.024676488020531906,-0.025607598168562618,-0.02655368026830729,-0.02751665521122959,-0.028498662866695668,-0.0295021817369161,-0.03053007141534181,-0.03158546643248883,-0.03267138973114925,-0.033789842765145295,-0.034939922532316814,-0.036114125042104206,-0.03729124574897469,-0.03842279546728378,-0.039407336395413495,-0.04004123997982845,0.0036663604495146274,0.004255116624847233,0.005168375431992445,0.006212274936274298,0.007289180835982734,0.008352288915148165,0.00938119120473857,0.010368826293642996,0.01131460070337198,0.012220773608078161,0.013090588530531022,0.013927344479725434,0.014733971450596073,0.015512873438865427,0.01626590949263118,0.0169944422611934,0.017699416112691324,0.018381445041541156,0.019040900727532062,0.019677996680002252,0.020292867521447988,0.020885644147483617,0.021456526377960472,0.022005855147881448,0.02253418639861593,0.023042368666665425,0.02353162576014256,0.024003644651429568,0.024460666147433585,0.024905571057388443,0.02534194545887658,0.025774091829021017,0.026206921672951466,0.02664560751463796,0.027094764036633023,0.027556722556028035,0.028028067205070784,0.028492811773048743,0.028909233028940662,0.02918434196157449,0.0056380835380380745,0.005284170505518659,0.004732501590865468,0.004096563436633005,0.0034342860166134415,0.002774367258325583,0.00213019356544919,0.0015072884182245616,0.0009072520280142271,0.0003298443940593643,-0.00022592981133584544,-0.000761277558240181,-0.0012773687459457506,-0.0017752483172444045,-0.0022558357953812447,-0.002719972112799951,-0.0031684917830716586,-0.0036023080371023752,-0.0040225026820053245,-0.004430412496162717,-0.004827699727343315,-0.005216384014261166,-0.0055987927634078005,-0.005977348551709838,-0.006354039624739016,-0.006729281207583426,-0.007099608799990165,-0.007453116022702488,-0.007760649509862105,-0.007959092317989303
mxj,0.9342649368902549,0.9359562435704731,0.9382230061860071,0.9408994615690673,0.9437920284803063,0.9467387758011778,0.9496123899918061,0.9523151234448086,0.9547727441714855,0.9569292973847894,0.9587429271439163,0.9601826636731374,0.9612260188485102,0.9618572499377294,0.9620661855746668,0.9618475412169687,0.961200680341836,0.9601298028543397,0.9586445651668036,0.9567611588658949,0.9545038979816098,0.9519073883306923,0.9490193721777977,0.9459043420463367,0.9426479537690966,0.939361983629837,0.9361886745491006,0.9332995777227353,0.9308746654758338,0.9289484824573719,-0.7616511509527442,-0.7635129238659317,-0.7657934072952699,-0.7684923373716188,-0.7714711614494689,-0.774594888738001,-0.7777517837955692,-0.780855112501083,-0.7838397507951704,-0.7866581141701268,-0.7892764559008718,-0.7916717685586434,-0.7938292632285702,-0.7957403403180336,-0.797400962673386,-0.7988103549876158,-0.7999699690796191,-0.8008826684835704,-0.8015520970871748,-0.8019822055526475,-0.8021769164665571,-0.80213991511458,-0.8018745579261513,-0.8013838953729113,-0.8006708107960812,-0.799738281648203,-0.7985897753855813,-0.7972297992692123,-0.7956646323202445,-0.7939032795524366,-0.791958704527941,-0.7898494175170505,-0.7876015238223797,-0.7852513680801749,-0.7828489338018088,-0.7804621243737628,-0.7781818066731283,-0.7761262906906499,-0.7744397477546139,-0.7732455772667262,-0.1635639898298571,-0.1628445355616721,-0.16220636458898063,-0.1616352585047096,-0.16111157050085456,-0.16061932442675797,-0.16014654645462034,-0.1596845344327189,-0.15922703748980727,-0.15876958567422061,-0.158308983668781,-0.15784294147129163,-0.1573698110340893,-0.15688840380244518,-0.1563978710407392,-0.1558976348866148,-0.1553873630357936,-0.15486698414953182,-0.15433674491945837,-0.15379731368414706,-0.1532499400135512,-0.15269668527790214,-0.15214074626825713,-0.15158690240179307,-0.15104212514817128,-0.15051638734198125,-0.15002367130120664,-0.14958295081943906,-0.14921813808373674,-0.14894928017333653,-2.4443773476454265,-2.450151018013818,-2.459194751182249,-2.4708655161709174,-2.4843998211560923,-2.499192887305977,-2.5147967209703737,-2.5308855943568105,-2.547221717430233,-2.5636279929205514,-2.579967605509381,-2.5961290145773503,-2.6120149531856782,-2.6275343482940556,-2.6425963946268993,-2.657106287530553,-2.670962355948056,-2.6840545599432986,-2.6962645603199817,-2.707467869110978,-2.717538996598229,-2.7263610776925518,-2.733842233980454,-2.7399418685013046,-2.744710841663803,-2.7483483241593376,-2.7512701118338896,-2.7541421577539893,-2.7577345279843968,-2.7613160451649748,2.272310230365875,2.268267613430453,2.263636364337003,2.259281521142981,2.254592028425833,2.249031069930595,2.242281462226501,2.2342182040121514,2.224846485265445,2.2142499047537143,2.2025540502946583,2.189902849829025,2.176443961628209,2.1623201696271437,2.14766462737321,2.1325985060753254,2.1172301088700394,2.1016548555264905,2.0859557668489614,2.070204224167412,2.0544608738488392,2.0387766083957715,2.0231935970247434,2.007746368192265,1.9924629704278232,1.9773662606936924,1.9624753954406096,1.947807632820961,1.9333806002288583,1.9192152459800127,1.9053397860818357,1.8917950873794496,1.8786421080375284,1.865972248368788,1.8539217158121009,1.8426910858909782,1.8325704763848805,1.8239656993730478,1.8174019363314908,1.8133234140353256,0.20321553164248396,0.20129053599694924,0.1995253127370713,0.19788974046308017,0.196349685339972,0.19487875024116263,0.19345788813483988,0.19207371690917618,0.19071693674460555,0.18938111279532155,0.18806179121040323,0.18675587448490694,0.18546118937427103,0.1841761974443208,0.1828998138779605,0.18163131271594501,0.1803703067655884,0.17911679895153698,0.17787130995883738,0.17663509568644598,0.17541047839819068,0.17420132873230187,0.17301375302881228,0.17185706202985473,0.17074511960091376,0.1696981755250384,0.16874521146344446,0.1679263531149453,0.16729313693931835,0.16688977549644357,0.8188388772794779,0.8207403223833607,0.8236442585218837,0.8272928028061752,0.8313817416847673,0.8356547382689463,0.8399076465554636,0.8439805070345905,0.8477483245341411,0.8511133384492737,0.8539990665344419,0.8563458986524335,0.8581079431089869,0.8592508720966912,0.8597505759090147,0.8595924937805819,0.8587715382150201,0.8572925713921506,0.8551714301095501,0.8524365332493709,0.8491311461526188,0.8453164212406321,0.8410753814398895,0.8365180471096316,0.8317878763972573,0.8270694051121765,0.8225959252647215,0.8186514927002051,0.8155489040594475,0.8134431197398548,-0.6481157546820668,-0.6501032172457215,-0.6529374531811882,-0.6565180217606894,-0.6605979445194059,-0.6649506402945882,-0.6693901859001556,-0.6737703415578622,-0.6779784090287961,-0.681928968462568,-0.6855585165381761,-0.6888211115305332,-0.6916848798036206,-0.6941292078887145,-0.6961424690853768,-0.6977201681701288,-0.6988634183733318,-0.6995776887842489,-0.6998717781733781,-0.6997569842719997,-0.6992464471543478,-0.6983546526710196,-0.6970970878163651,-0.6954900452523773,-0.6935505796468977,-0.6912966247075882,-0.6887472875790142,-0.6859233475855326,-0.6828480004136104,-0.6795479084419949,-0.6760546452494172,-0.6724066600287326,-0.6686519379638618,-0.664851594331271,-0.6610846981809875,-0.6574546060884154,-0.6540967630925918,-0.6511861424611292,-0.6489360208743307,-0.6475274782745872,-0.10483910714861677,-0.10417700115723649,-0.10357838947672793,-0.10303300572831242,-0.10252480189372992,-0.10204031536525182,-0.10156920763485644,-0.10110379184035923,-0.10063842110854271,-0.1001689707089688,-0.09969244031421542,-0.0992066615753715,-0.09871008953891325,-0.09820165967925032,-0.09768069725643613,-0.09714687039033931,-0.09660018235009704,-0.09604100229521428,-0.09547013743436739,-0.09488895372286632,-0.09429955729528494,-0.09370505537258311,-0.09310992389745376,-0.0925205196585539,-0.09194578525737152,-0.09139819616030953,-0.09089495665058012,-0.09045919792949109,-0.09011999722684394,-0.08990240535388949,-0.2975278281890925,-0.29808569282043784,-0.2988343567327538,-0.299716450320636,-0.3006679898374802,-0.3016358777249284,-0.30257852168225874,-0.30346406411526594,-0.3042683732809426,-0.3049733251679685,-0.30556543926958213,-0.3060348306452507,-0.3063744244567337,-0.30657938648047534,-0.3066467347580133,-0.30657510862611126,-0.30636468089762836,-0.30601720719434766,-0.30553621391633,-0.3049273336188616,-0.304198804029884,-0.30336215446299875,-0.3024331095580024,-0.30143273993576436,-0.3003888673563946,-0.29933763619521514,-0.29832486320645124,-0.2974055342506965,-0.29663674006135565,-0.2960264048175869,0.2529098875257212,0.25350400343287127,0.2542357974968876,0.255107699480277,0.25607518378340366,0.25709450839998205,0.25812935805162773,0.2591514723266837,0.2601395485737612,0.2610779157998504,0.2619553302864972,0.2627639711464571,0.2634986269308843,0.2641560442275175,0.2647344082329468,0.2652329298088585,0.265651518842029,0.2659905284323649,0.2662505582755639,0.26643230866443357,0.2665364789819131,0.26656370657519446,0.26651454363801186,0.2663894713197674,0.26618895184733304,0.26591352111173805,0.26556392607976687,0.26514131371771477,0.26464748109684333,0.2640852002990508,0.26345863705444295,0.26277388916191313,0.26203967996233235,0.2612682528765422,0.26047652163267854,0.2596875219700565,0.25893213415749416,0.25825066499366756,0.2576925196077373,0.2573016573563467,0.06843881620575676,0.06821645540947863,0.06803189767780271,0.0678794286765978,0.06774928732073127,0.06763317671616997,0.06752467273742502,0.06741896766759581,0.06731250680563194,0.06720267372116084,0.06708754456839605,0.06696570441288108,0.06683611332368722,0.0666980114086928,0.06655085463272958,0.06639427577312884,0.0662280670472164,0.06605218277242786,0.06586676209634601,0.06567217351751853,0.06546908479913593,0.0652585641374972,0.06504222124475645,0.06482240025656283,0.06460243930488163,0.06438701051625273,0.06418253709985466,0.06399759104362512,0.06384284934610551,0.06372747561007641,-0.049691977502695966,-0.04936808845751289,-0.04829992860820764,-0.04655719006577652,-0.04421960710571038,-0.041339896146408095,-0.03794971277711179,-0.0340681406138591,-0.029708382197972782,-0.02488231513243022,-0.019603419993928783,-0.013888584891923683,-0.0077591736259567945,-0.0012416326671097488,0.005632168438817975,0.012824720297743397,0.020292665743134153,0.027986494605961698,0.0358500263910827,0.04381953902254704,0.05182235371388988,0.05977461135727158,0.06757786820715228,0.07511399595004306,0.08223771224039067,0.08876600906534779,0.09446420699678992,0.09903150355921855,0.10210102607845187,0.10336996676973631,0.16093444660613387,0.15978987654324905,0.15683928341506104,0.15232410966177734,0.1465338210198872,0.13969171359120414,0.1319620618682673,0.12346836868834621,0.11430911549421219,0.10456893298698966,0.09432590269192076,0.08365599697518822,0.07263551368826016,0.06134214716332598,0.04985515730184664,0.038254963308764545,0.026622390812035768,0.01503773100910566,0.003579720189434532,-0.007675488258274132,-0.018655313420723463,-0.029291670892380495,-0.03952181738107674,-0.04928911082953036,-0.05854368609030414,-0.06724304783558366,-0.0753525804680717,-0.08284596877026629,-0.0897055117551262,-0.09592229373563321,-0.10149614796928885,-0.10643530475767071,-0.11075555101627499,-0.11447863374625045,-0.11762950820149687,-0.12023187457267348,-0.12230134716276309,-0.12383614223681416,-0.12480809089013378,-0.1251869330140004,-0.04219050577570754,-0.041798270982378316,-0.04081058154637296,-0.03932663732178443,-0.03746806037291539,-0.03533510797997855,-0.03300620360741624,-0.03054253417726184,-0.02799259248033016,-0.025395660331274925,-0.02278429326705328,-0.020186034533401977,-0.017624573374076885,-0.015120513712572742,-0.012691874038039782,-0.010354404840872945,-0.008121785896492387,-0.006005750156746287,-0.004016172344503174,-0.0021611576269576077,-0.00044716882567720495,0.0011207598165984684,0.002538656759242308,0.003803002121071014,0.0049097398512831444,0.005852739498825206,0.006621526361419661,0.007198370934508598,0.007556082215385493,0.007670282709819946,-0.011422337484682521,-0.011320369204258843,-0.011083945780848259,-0.010716533277623688,-0.010222191459114655,-0.009601556764476604,-0.008853592118791359,-0.007977294575166771,-0.006972848810851945,-0.005842289263334827,-0.0045898151081868455,-0.003221875611478686,-0.0017471091523766635,-0.00017619232327981127,0.0014783627100752594,0.0032024357597439934,0.004980530407171918,0.006795990690448145,0.008631181425994366,0.010467604497951782,0.01228591247107158,0.014065764392109756,0.015785444531257686,0.01742113277040014,0.018945677507504866,0.02032669841774648,0.02152391207489578,0.02248612305008532,0.02315055027010809,0.02346577253060822,0.0374837989213787,0.037206262540968246,0.03658457334846872,0.0356552219147967,0.03446210312720324,0.033038202364892466,0.03140760955808619,0.029588984351546166,0.027598306024971597,0.025450687548357387,0.023161457303698896,0.02074672861230009,0.018223629815845688,0.015610317999476597,0.01292586034864135,0.010190039646094995,0.007423120970759811,0.004645602286542316,0.0018779637752714962,-0.0008595764969381303,-0.0035472970592309028,-0.006166197010128105,-0.008698210849112153,-0.011126416667295635,-0.01343524098559118,-0.015610663388323898,-0.017640423993829313,-0.019514235195758678,-0.021223997329470112,-0.022764014153340673,-0.024131198296701295,-0.025325248067670614,-0.026348763074657944,-0.027207245248087458,-0.02790890034622795,-0.02846411058846396,-0.028884396524747613,-0.029180684381292538,-0.029361026584970973,-0.02943145081986541,-0.009789427234160951,-0.009667687360368,-0.00943152662459449,-0.009098110388855364,-0.008688553571890703,-0.008220156268327426,-0.007706566551008919,-0.00715874948635541,-0.006585863564137786,-0.005995889113537747,-0.005396039441231949,-0.004793009850838824,-0.004193111911247906,-0.0036023293935517516,-0.003026321383631781,-0.0024703905129847617,-0.001939428880955836,-0.001437850245790108,-0.0009695157727450318,-0.0005376586202086447,-0.00014481413465732007,0.00020723655385548878,0.0005174980588362327,0.0007857503746389674,0.001012471247495067,0.0011986547686001076,0.0013454794023551528,0.001453795864117674,0.0015235564085707594,0.0015547527955785886,0.045827680870437926,0.04530541883363351,0.04410010636928202,0.04229135084799973,0.03997263469861462,0.0372116214007438,0.03405371308768179,0.030529193361286955,0.02665925825912735,0.022460330579247345,0.017946990122503226,0.013133919158889062,0.008037186259702733,0.0026751050504891793,-0.0029311615608755837,-0.008757124931732863,-0.0147745202502515,-0.020950789876989395,-0.027248403511390906,-0.03362389922306569,-0.040026493536349295,-0.04639605208233866,-0.05266013002658221,-0.05872968150790103,-0.06449291610565919,-0.06980674047158733,-0.07448560070404837,-0.07829005553371723,-0.0809270775516384,-0.0821539893973293,-0.10792546091614783,-0.10680972090793511,-0.10432200562069688,-0.10068179467352073,-0.09615185826164363,-0.09093998852364882,-0.08520132608618436,-0.07905128675576056,-0.07257760815557246,-0.06584941845549142,-0.058923635024638266,-0.05184932870441816,-0.04467062300827518,-0.03742855989810612,-0.03016224301235937,-0.022909477687240942,-0.015707061834072444,-0.008590836072176256,-0.0015955697867644503,0.005245262164050857,0.011899772586500434,0.01833799593769836,0.024532241267868127,0.03045744670524253,0.036091520445705294,0.04141565361763444,0.04641458847708568,0.05107682107944278,0.05539470959798254,0.059364446929510706,0.06298583656301604,0.06626178174779074,0.06919735515316827,0.0717982564370726,0.07406838749360012,0.07600620161479066,0.07759950781864577,0.0788190755720361,0.07961431642860384,0.0799402823962343,0.035767637592637014,0.03527281287146988,0.034260378759342625,0.03282007834505514,0.031060289347096662,0.02906968150381456,0.02691703860119156,0.02465542684648102,0.022326284987984175,0.019962570736515958,0.017591026170326297,0.015233765578196973,0.012909375743627716,0.010633674749992786,0.008420235383780048,0.006280749219222309,0.004225286623257871,0.002262494941327159,0.0003997700038048113,-0.0013565656913591406,-0.003001041329030868,-0.004528727015093381,-0.005934772323205231,-0.007213708750409706,-0.008358399210056114,-0.009358489652201388,-0.010198240549913251,-0.01085394970968731,-0.01129264100543901,-0.011486221336392446,0.010724145222545577,0.010680991110609248,0.010528069642169076,0.010281069989956163,0.009958451850162246,0.009574654686867775,0.009140403793671956,0.008663715837822144,0.00815079087173919,0.0076066642188650155,0.007035654612060641,0.006441663016313708,0.005828368223917732,0.005199353455251368,0.00455818855033871,0.003908485560667627,0.003253941269581173,0.002598377900049631,0.001945792809481206,0.0013004290920004408,0.0006668820231310185,5.026143659896121e-05,-0.0005435620292262994,-0.0011075880381182235,-0.0016331434662917033,-0.00210910651818752,-0.0025208664689084642,-0.002849201387220196,-0.0030700868033299578,-0.0031636830735708027,-0.008784528965445106,-0.008711987122720435,-0.008517490814010924,-0.008220596935001767,-0.007844499744225235,-0.00740764261950172,-0.006923899710182986,-0.006403666283624399,-0.00585487143590022,-0.005283737965022963,-0.004695317880144727,-0.004093859093285334,-0.0034830523806035317,-0.0028661954438334476,-0.0022463002441215213,-0.0016261617722189946,-0.0010084007284967035,-0.0003954886389953491,0.00021023877126698925,0.0008065759646974507,0.00139144698982498,0.0019629079571698398,0.002519151163075193,0.0030585097028876414,0.003579461485697889,0.004080631438994879,0.0045607903480558085,0.005018848152302762,0.00545383851600478,0.005864889941591902,0.006251176359285831,0.006611836666751518,0.006945847670993509,0.007251827890777697,0.007527740827014157,0.007770458638768199,0.007975153363576473,0.00813457457969681,0.008238660975983692,0.008278393474421913,0.0006193050830854557,0.0005715962423174376,0.0004552068457721742,0.00028095384758304587,6.228819239877115e-05,-0.00018985059150655736,-0.00046703333203509945,-0.0007627754508908319,-0.001071989961646369,-0.0013905721629365875,-0.001715105244645021,-0.0020426581348541584,-0.002370649230353239,-0.0026967558586102475,-0.003018854848886199,-0.0033349836973509683,-0.0036433145991047328,-0.003942135306855485,-0.004229831567122082,-0.004504865861780137,-0.004765746324172385,-0.005010977886508901,-0.00523898472218623,-0.005447988653803554,-0.005635822543079951,-0.00579965289675376,-0.005935590967227827,-0.006038235452606865,-0.00610046520789638,-0.006116154704384671
myj,0.043139371412118765,0.03766297297585375,0.033020322125834944,0.029290533266423502,0.026429724541547905,0.024343514343327044,0.022915684049781504,0.022021978639429562,0.021536726940468043,0.02133596910995017,0.021298744975553063,0.021307372997190654,0.021247157172837206,0.021005767827286803,0.020472444742877016,0.01953712166279864,0.01808954844259958,0.016018481537003026,0.013211021975092052,0.009552203967989392,0.004924983143940409,-0.000789145316599793,-0.0077085252070783206,-0.01594808353466437,-0.025613333931483462,-0.036789600633685526,-0.04952262810599645,-0.06378227058922092,-0.0793960889289872,-0.09588087281615887,-0.06720549240089341,-0.05164154111032171,-0.03719169580246895,-0.024099562323733892,-0.012421957404038508,-0.002137170249779885,0.0068153852058134845,0.014514028138023605,0.02104402708399533,0.026491815225245574,0.0309418834055748,0.03447515667479806,0.03716823227661337,0.03909313620565058,0.04031740202778167,0.04090435520480895,0.04091353110849383,0.04040118117393021,0.03942083748768965,0.03802391593604071,0.0362603442584124,0.03417920529176044,0.03182938808997804,0.02926024083210166,0.026522219639673494,0.023667526541881756,0.020750727572004024,0.017829337725405736,0.014964352077125653,0.01222068958497502,0.009667494025208612,0.007378197755503635,0.00543018457043587,0.0039037602215366007,0.002879897201390591,0.0024357402156045538,0.0026358794270171515,0.0035151228331740114,0.005044153923186023,0.007049486878517586,-0.036915201332599956,-0.034761042933491915,-0.03270752972986024,-0.030765176252413262,-0.02892939360578417,-0.02719049120639916,-0.0255371625604095,-0.023957996980385587,-0.022442073287525233,-0.020979150853719375,-0.01955967333776165,-0.018174685622328823,-0.016815711194791305,-0.015474612496122475,-0.01414344476077467,-0.012814308024527321,-0.011479199257713901,-0.010129865623540013,-0.008757660146404334,-0.007353402633911266,-0.005907252091353676,-0.004408603408043277,-0.00284603346809309,-0.001207345423885009,0.0005201942402210946,0.0023492382967842396,0.00429098146610718,0.006352189870920233,0.008528945634175944,0.010791254211891699,-0.055659950400687164,-0.0539482806604088,-0.052419896292752455,-0.05114177463051739,-0.050150925912689104,-0.049456851542995395,-0.04904634122724616,-0.04888787679779938,-0.048934916552422436,-0.0491280356136059,-0.04939603722835528,-0.049656149382037995,-0.049813376358375905,-0.04975901879994993,-0.04936831659131258,-0.04849710808288776,-0.04697733725981479,-0.04461118041415446,-0.04116351560571374,-0.03635244693020212,-0.029837679136864637,-0.02120684347657864,-0.009960676755364162,0.004500151427649257,0.022879532122887625,0.04596526614100771,0.07454780289355334,0.10919797907293294,0.14980366597230094,0.19414161049758782,0.13397396348975785,0.0949208608005121,0.061054301118979915,0.03318012305355289,0.010845055617473065,-0.006718184008841277,-0.020313351886949604,-0.03066032157429177,-0.03836510708929808,-0.043923780341668106,-0.04773771442009078,-0.050130651025543926,-0.051364178657156145,-0.05165066674193142,-0.05116366575290954,-0.05004610895832684,-0.048416718707066764,-0.04637498979878529,-0.04400506240033053,-0.04137873445150575,-0.03855780837258749,-0.0355959215755135,-0.032539974299652386,-0.029431240173792617,-0.026306222996783646,-0.02319730604405379,-0.020133226464292164,-0.017139396016986552,-0.014238079695886086,-0.011448435103741161,-0.008786407440204869,-0.006264467658002815,-0.0038911754132904264,-0.0016705458702013232,0.0003987949960855275,0.0023246569228376757,0.0041224531619530325,0.005816220264415861,0.007438761476546318,0.009028617455007382,0.03369217420848203,0.03260840971734025,0.03149942187243138,0.030360798759804908,0.029192392052729055,0.027995602967926914,0.026772395096651636,0.02552482768876807,0.024254848947292018,0.022964209526664447,0.021654436334824112,0.020326837414479826,0.018982523371324334,0.0176224377669012,0.016247392359938218,0.014858104839087005,0.01345523758230982,0.012039436418282534,0.010611368543999689,0.009171758766019167,0.007721423101155089,0.006261298471072152,0.004792466666135198,0.0033161697605201823,0.0018338123905188297,0.0003469431646663246,-0.0011427988561694136,-0.002633795763998137,-0.004124686209648676,-0.00561462948772018,-0.07961705113239814,-0.07636598133760497,-0.07328782504955811,-0.07044099769623635,-0.06785474729797514,-0.06552632825533777,-0.06342544227950953,-0.061499397588821836,-0.05967774887444932,-0.05787608238613018,-0.0559989935362033,-0.05394240193222544,-0.05159536570387857,-0.048841547249597994,-0.045560467855651154,-0.041628676647018636,-0.03692095301454046,-0.031311662567134135,-0.024676396364487374,-0.016894044093332283,-0.00784948813842945,0.0025628355372688816,0.014434169246824169,0.02783496308309985,0.04280594851171138,0.05934553001498877,0.07739150744126722,0.0967929314486094,0.11726976485739499,0.13830646222298965,0.09846604191983716,0.07903299867760882,0.060503079311622354,0.043229051597312385,0.02738994434301567,0.013071252693890756,0.00029637976907359587,-0.01095192873840034,-0.02071816512596314,-0.02906504563611989,-0.03606725939189559,-0.04180700910294277,-0.04637077652954602,-0.04984695781015347,-0.05232413625805776,-0.053889833335134085,-0.05462962415600714,-0.05462653335447243,-0.05396064677221801,-0.05270888781517158,-0.0509449166182776,-0.04873911666622632,-0.046158638032451904,-0.04326746938657067,-0.040126512659441005,-0.03679363487032816,-0.03332367115495316,-0.02976835148993473,-0.026176120974454875,-0.022591819877234798,-0.01905618528563835,-0.015605131904667502,-0.012268767297829442,-0.009070101093698213,-0.006023428250808038,-0.0031324270622352657,-0.0003881620729888624,0.0022324053514655162,0.004766065916881779,0.00725500543654789,0.04921564914537557,0.04707524669929608,0.044932329530468884,0.042794889630506816,0.04066981180367435,0.03856239887653956,0.036476276833946386,0.0344136358897984,0.03237548792035483,0.030361898014851008,0.02837217801561387,0.026405045098597313,0.02445875143497034,0.02253119131516712,0.02061999149209015,0.018722589702923287,0.016836305615491653,0.01495840787964653,0.013086180562078553,0.011216991957930134,0.00934836854533394,0.007478076549656265,0.00560421298113134,0.003725306633644898,0.0018404264180515995,-5.071257932609541e-05,-0.001947670470210383,-0.003849292783956848,-0.005753948046641089,-0.007660353314984603,0.006085247860683013,0.004831982269498825,0.003843356951414356,0.0031417290706957646,0.0027109080728430213,0.0025188904605082385,0.0025269317063001395,0.002693881398974307,0.0029782631700538964,0.003339257008377672,0.0037371043744711674,0.0041331962690192015,0.004489981315461744,0.004770770899262811,0.004939487901385764,0.004960390140420268,0.004797792608879137,0.004415810996528213,0.003778151904596294,0.0028479831020298274,0.001587932262040126,-3.971069218455803e-05,-0.0020724655258014257,-0.004546601345896073,-0.007495181482175366,-0.010944545490805924,-0.014907972212370002,-0.019373799615327925,-0.024283724036394616,-0.02947743828902369,-0.022103670070449874,-0.016840922899580946,-0.011947948634033034,-0.007507031745502157,-0.0035383609960422113,-3.6139845932314785e-05,0.0030182773303275567,0.005649398484409929,0.007884053026805837,0.009749507103881783,0.01127246193704412,0.012478538148460672,0.013392039932734079,0.014035885997586206,0.014431642892802188,0.014599622867207174,0.014559023143746685,0.014328092215869503,0.013924313917385689,0.013364603194274238,0.012665509480205728,0.011843424796673219,0.010914794408217077,0.009896328189977766,0.008805210855761914,0.007659308831515332,0.00647737074623933,0.005279217045381479,0.004085911722607527,0.002919904901897752,0.0018051276782555803,0.0007670078155230797,-0.00016764800645052702,-0.0009710017835815599,-0.0016149377155985079,-0.002072555773144913,-0.002321062553205522,-0.0023474623904378156,-0.002159923532424113,-0.0018139602177926761,-0.012365436440541472,-0.011351777579026279,-0.010393451875390314,-0.009498157792399375,-0.00866505758897107,-0.007890179355754423,-0.007168331207451306,-0.006493986908971738,-0.005861668854243884,-0.00526610377658443,-0.0047022676367562966,-0.004165375700544871,-0.003650845099009814,-0.0031542436407896446,-0.002671231926882456,-0.002197502462027323,-0.0017287178024356642,-0.0012604491136429807,-0.0007881165023795322,-0.0003069331065770342,0.00018814361557906167,0.0007024471311244396,0.0012416120517947382,0.001811537783463657,0.0024182648451848143,0.003067684536992188,0.0037649234539659515,0.004513058821099036,0.0053104672308144085,0.006144444629709504,0.9567254193282722,0.9800205594909244,1.002786289882323,1.0249733366944724,1.0465874813884284,1.0676356206778337,1.0881118310052216,1.1079947617261041,1.1272490446784786,1.145827810649621,1.1636752715230614,1.180728995127538,1.1969217648359063,1.2121830159146612,1.2264398734168935,1.239617822309583,1.2516410363057275,1.2624323866634768,1.2719131518507538,1.2800024601434643,1.286616530948777,1.2916678572109959,1.2950646304919928,1.2967110333065648,1.296509679948656,1.2943688617432372,1.2902201873634453,1.2840592434134237,1.276036233450526,1.2666852017978414,-1.1716090546056108,-1.1665129473572335,-1.1598373017294534,-1.1514096434784733,-1.1412530114799324,-1.1294340493592472,-1.1160168104986496,-1.1010487164950291,-1.084559258941681,-1.0665632547396626,-1.0470654387354443,-1.0260650552924062,-1.0035599198664613,-0.9795497745186594,-0.9540389186266793,-0.9270381643684686,-0.898566193302031,-0.868650397223405,-0.8373272836926162,-0.8046425191000708,-0.7706506723156963,-0.7354147109543874,-0.6990052907154904,-0.6614998662745393,-0.6229816399459196,-0.5835383517436412,-0.5432609015416574,-0.5022417808474984,-0.46057327867197273,-0.418345414200644,-0.37564354098185504,-0.3325455688921579,-0.28911877319575296,-0.24541623061315931,-0.20147309679191494,-0.15730334910847432,-0.11289855805441107,-0.06823262097643124,-0.02328146553293209,0.021911138885947423,0.8288673325872082,0.8172223763515092,0.8049664870977153,0.7920177463468008,0.7783756995987687,0.7640671905368777,0.74912776851329,0.7335943017471322,0.7175023124152062,0.7008852305187929,0.6837744271100519,0.6661995250613018,0.6481887653357603,0.6297693311116745,0.6109675887482808,0.5918092298007309,0.5723193085224807,0.5525221722677998,0.5324412818880546,0.5120989178540185,0.4915157674273587,0.47071039148352156,0.4496985813215133,0.42849264626090644,0.40710074351105163,0.3855265231221381,0.3637697252926557,0.3418292853383633,0.31971243460590415,0.29746206504010786,-1.0462770593964024,-0.4051861702168935,0.23621112416185497,0.8781649588190703,1.52079089325116,2.1641615142357296,2.808347754399165,3.4534319452045565,4.099511237983734,4.746697215514814,5.395114268119869,6.044897787654918,6.696192628287463,7.349152017503911,8.00393699011238,8.66071637416917,9.319667343721449,9.98097655033871,10.644841836629894,11.3114745067478,11.98110205660305,12.653971102784453,13.330349905058029,14.010529164543186,14.694818305485569,15.383531283292996,16.07694920532549,16.775229541562112,17.47820113034595,18.184767456587963,14.213786926192483,5.224440213974731,-3.761902140334314,-12.753620602131377,-21.75964408612981,-20.791332634123137,-19.849440678196515,-18.926549340440943,-18.019093649156275,-17.124420137108245,-16.24051185585813,-15.36579652038563,-14.499028455617008,-13.639204312397851,-12.785502191478372,-11.937237021025794,-11.093827617456554,-10.254772214093464,-9.419630180920649,-8.588008305490803,-7.759550465363645,-6.933929852139045,-6.1108431424218,-5.290006183706282,-4.471150887638032,-3.654023118893747,-2.838381435805786,-2.0239965960890913,-1.2106517771881045,-0.39814349003881944,0.4137168269699032,1.2251005656898997,2.0361591585510723,2.847021008075899,3.6577887623147944,4.468538298724297,5.279322444141144,6.0901851229131125,6.90120288693538,7.712524335731757,6.011924093198303,5.772573980137508,5.534654220293646,5.298258122177458,5.06333079585761,4.829778635568118,4.597500280633312,4.366398570917681,4.136384037307835,3.907375233059838,3.679297891092574,3.4520837604864028,3.225669471555193,2.9999955653131565,2.7750057303419453,2.550646250787622,2.326865655896654,2.103614557488072,1.8808456625388317,1.6585139483197509,1.4365769833564173,1.2149953655275567,0.9937332181859801,0.7727586211329935,0.5520437199811568,0.3315639861987165,0.11129549979926878,-0.10879195216381277,-0.32875197175226845,-0.5486852845083661,0.6239853891109206,0.6391692681855403,0.6539601599726836,0.6683248760141396,0.6822734056242439,0.695819807332839,0.7089713996480214,0.7217259489806906,0.7340718523511782,0.7459892542062789,0.7574513430142815,0.7684255415032339,0.7788744949687612,0.7887568366601272,0.7980277368537827,0.8066392501896189,0.8145404764895829,0.8216775497788831,0.8279934725431417,0.8334278223194929,0.8379163827269167,0.8413908051912813,0.8437785179834805,0.8450033215909798,0.8449875601435792,0.8436577014481941,0.8409571697219178,0.8368750984977567,0.8315094779251524,0.8252256043753867,-0.778717415312812,-0.7741404544208024,-0.7683725512454487,-0.7612830244212603,-0.7528987516761276,-0.7432917973721942,-0.732542189647404,-0.7207240934457673,-0.7079017384440363,-0.6941292163060666,-0.6794517788536041,-0.6639076080830364,-0.647529614086011,-0.6303470752660587,-0.6123870528463158,-0.5936755646316669,-0.5742385260920173,-0.5541024755137869,-0.5332951021657664,-0.5118455954723231,-0.48978483087898894,-0.4671454052000854,-0.44396153097682145,-0.42026879611330514,-0.39610379138616736,-0.37150360483576605,-0.34650517820625737,-0.3211445169881131,-0.29545574261385354,-0.26946997421470087,-0.24321403045314582,-0.21670895416320946,-0.1899683939732313,-0.16299694871216275,-0.1357887366654893,-0.10832679561599434,-0.08058467341811593,-0.05253345201501247,-0.02416117319221911,0.004469474570900189,0.5388858336326656,0.5311703825230722,0.5230357178196385,0.5144268888184627,0.5053460527809364,0.4958148901208119,0.4858614235710661,0.47551467385392243,0.4648026177836755,0.4537515099976588,0.44238577589527495,0.4307281256748752,0.4187997329729569,0.4066204079056206,0.39420873384165134,0.381582155047397,0.3687570099703237,0.35574850761670973,0.34257064493391454,0.32923606295187824,0.3157558399051652,0.30213922242268154,0.28839330447442535,0.2745226845275397,0.2605291788626687,0.24641177654864066,0.23216726270592858,0.21779255560529975,0.20329103781968882,0.18869174905022668,0.14766266149412832,0.14650397684747674,0.14524735445601067,0.14388110239696772,0.14240574999133315,0.14082497883715206,0.13914273412662226,0.13736223938840908,0.13548576553975522,0.1335146777875451,0.13144957415879333,0.12929043863542233,0.1270367780316377,0.12468773133160482,0.12224214840449577,0.11969863820942805,0.11705558757674339,0.11431115176382889,0.11146321802191039,0.10850934399812218,0.10544667479035752,0.10227184731765959,0.09898090119484948,0.09556923721971344,0.09203170997502497,0.08836303737393791,0.08455891721083475,0.08061874372979005,0.0765518331934647,0.07239365690085231,-0.0941690033147804,-0.09390613755578237,-0.09352513730534184,-0.09301255117639684,-0.09237030083436792,-0.09160483915593431,-0.09072356126967662,-0.08973346667324478,-0.08864074971945257,-0.08745075359155408,-0.08616806238640606,-0.08479663494190959,-0.08333994000767575,-0.08180107685048199,-0.08018287632205556,-0.07848798217123942,-0.07671891427692401,-0.07487811604050876,-0.07296798813146665,-0.07099091047648187,-0.0689492539799943,-0.066845383034007,-0.06468164944881494,-0.06246037801770399,-0.06018384351820316,-0.05785423854896976,-0.05547363121888793,-0.053043911365648455,-0.050566723779645883,-0.0480433869868051,-0.0454747968804341,-0.04286131653260128,-0.04020265831091052,-0.03749777483597683,-0.034744797523067916,-0.031941109485497776,-0.02908374449111406,-0.026170559426461182,-0.023203160349931196,-0.020194856838172903,0.07029333520768155,0.07090435024252884,0.07144514834100768,0.07190670523432985,0.07228916220538295,0.07259552911141043,0.07282958881110346,0.0729950860659514,0.07309545664639927,0.07313377107344365,0.07311276245827258,0.07303488158140681,0.07290235456505911,0.07271723262418561,0.07248142970571081,0.07219674655847541,0.07186488083518583,0.07148742311716205,0.07106583875091843,0.07060143541509944,0.07009531671759106,0.06954832337164873,0.06896096660121032,0.06833336529862422,0.06766521335110909,0.06695583595380938,0.06620446504918931,0.06541103780789825,0.06457819121553587,0.06371663819495832
mzj,0.0,0.0,0.0,0.0,0.0,0.0,0.0,0.0,0.0,0.0,0.0,0.0,0.0,0.0,0.0,0.0,0.0,0.0,0.0,0.0,0.0,0.0,0.0,0.0,0.0,0.0,0.0,0.0,0.0,0.0,0.0,0.0,0.0,0.0,0.0,0.0,0.0,0.0,0.0,0.0,0.0,0.0,0.0,0.0,0.0,0.0,0.0,0.0,0.0,0.0,0.0,0.0,0.0,0.0,0.0,0.0,0.0,0.0,0.0,0.0,0.0,0.0,0.0,0.0,0.0,0.0,0.0,0.0,0.0,0.0,0.0,0.0,0.0,0.0,0.0,0.0,0.0,0.0,0.0,0.0,0.0,0.0,0.0,0.0,0.0,0.0,0.0,0.0,0.0,0.0,0.0,0.0,0.0,0.0,0.0,0.0,0.0,0.0,0.0,0.0,0.0,0.0,0.0,0.0,0.0,0.0,0.0,0.0,0.0,0.0,0.0,0.0,0.0,0.0,0.0,0.0,0.0,0.0,0.0,0.0,0.0,0.0,0.0,0.0,0.0,0.0,0.0,0.0,0.0,0.0,0.0,0.0,0.0,0.0,0.0,0.0,0.0,0.0,0.0,0.0,0.0,0.0,0.0,0.0,0.0,0.0,0.0,0.0,0.0,0.0,0.0,0.0,0.0,0.0,0.0,0.0,0.0,0.0,0.0,0.0,0.0,0.0,0.0,0.0,0.0,0.0,0.0,0.0,0.0,0.0,0.0,0.0,0.0,0.0,0.0,0.0,0.0,0.0,0.0,0.0,0.0,0.0,0.0,0.0,0.0,0.0,0.0,0.0,0.0,0.0,0.0,0.0,0.0,0.0,0.0,0.0,0.0,0.0,0.0,0.0,0.0,0.0,0.0,0.0,0.0,0.0,0.0,0.0,0.0,0.0,0.0,0.0,0.0,0.0,0.0,0.0,0.0,0.0,0.0,0.0,0.0,0.0,0.0,0.0,0.0,0.0,0.0,0.0,0.0,0.0,0.0,0.0,0.0,0.0,0.0,0.0,0.0,0.0,0.0,0.0,0.0,0.0,0.0,0.0,0.0,0.0,0.0,0.0,0.0,0.0,0.0,0.0,0.0,0.0,0.0,0.0,0.0,0.0,0.0,0.0,0.0,0.0,0.0,0.0,0.0,0.0,0.0,0.0,0.0,0.0,0.0,0.0,0.0,0.0,0.0,0.0,0.0,0.0,0.0,0.0,0.0,0.0,0.0,0.0,0.0,0.0,0.0,0.0,0.0,0.0,0.0,0.0,0.0,0.0,0.0,0.0,0.0,0.0,0.0,0.0,0.0,0.0,0.0,0.0,0.0,0.0,0.0,0.0,0.0,0.0,0.0,0.0,0.0,0.0,0.0,0.0,0.0,0.0,0.0,0.0,0.0,0.0,0.0,0.0,0.0,0.0,0.0,0.0,0.0,0.0,0.0,0.0,0.0,0.0,0.0,0.0,0.0,0.0,0.0,0.0,0.0,0.0,0.0,0.0,0.0,0.0,0.0,0.0,0.0,0.0,0.0,0.0,0.0,0.0,0.0,0.0,0.0,0.0,0.0,0.0,0.0,0.0,0.0,0.0,0.0,0.0,0.0,0.0,0.0,0.0,0.0,0.0,0.0,0.0,0.0,0.0,0.0,0.0,0.0,0.0,0.0,0.0,0.0,0.0,0.0,0.0,0.0,0.0,0.0,0.0,0.0,0.0,0.0,0.0,0.0,0.0,0.0,0.0,0.0,0.0,0.0,0.0,0.0,0.0,0.0,0.0,0.0,0.0,0.0,0.0,0.0,0.0,0.0,0.0,0.0,0.0,0.0,0.0,0.0,0.0,0.0,0.0,0.0,0.0,0.0,0.0,0.0,0.0,0.0,0.0,0.0,0.0,0.0,0.0,0.0,0.0,0.0,0.0,0.0,0.0,0.0,0.0,0.0,0.0,0.0,0.0,0.0,0.0,0.0,0.0,0.0,0.0,0.0,0.0,0.0,0.0,0.0,0.0,0.0,0.0,0.0,0.0,0.0,0.0,0.0,0.0,0.0,0.0,0.0,0.0,0.0,0.0,0.0,0.0,0.0,0.0,0.0,0.0,0.0,0.0,0.0,0.0,0.0,0.0,0.0,0.0,0.0,0.0,0.0,0.0,0.0,0.0,0.0,0.0,0.0,0.0,0.0,0.0,0.0,0.0,0.0,0.0,0.0,0.0,0.0,0.0,0.0,0.0,0.0,0.0,0.0,0.0,0.0,0.0,0.0,0.0,0.0,0.0,0.0,0.0,0.0,0.0,0.0,0.0,0.0,0.0,0.0,0.0,0.0,0.0,0.0,0.0,0.0,0.0,0.0,0.0,0.0,0.0,0.0,0.0,0.0,0.0,0.0,0.0,0.0,0.0,0.0,0.0,0.0,0.0,0.0,0.0,0.0,0.0,0.0,0.0,0.0,0.0,0.0,0.0,0.0,0.0,0.0,0.0,0.0,0.0,0.0,0.0,0.0,0.0,0.0,0.0,0.0,0.0,0.0,0.0,0.0,0.0,0.0,0.0,0.0,0.0,0.0,0.0,0.0,0.0,0.0,0.0,0.0,0.0,0.0,0.0,0.0,0.0,0.0,0.0,0.0,0.0,0.0,0.0,0.0,0.0,0.0,0.0,0.0,0.0,0.0,0.0,0.0,0.0,0.0,0.0,0.0,0.0,0.0,0.0,0.0,0.0,0.0,0.0,0.0,0.0,0.0,0.0,0.0,0.0,0.0,0.0,0.0,0.0,0.0,0.0,0.0,0.0,0.0,0.0,0.0,0.0,0.0,0.0,0.0,0.0,0.0,0.0,0.0,0.0,0.0,0.0,0.0,0.0,0.0,0.0,0.0,0.0,0.0,0.0,0.0,0.0,0.0,0.0,0.0,0.0,0.0,0.0,0.0,0.0,0.0,0.0,0.0,0.0,0.0,0.0,0.0,0.0,0.0,0.0,0.0,0.0,0.0,0.0,0.0,0.0,0.0,0.0,0.0,0.0,0.0,0.0,0.0,0.0,0.0,0.0,0.0,0.0,0.0,0.0,0.0,0.0,0.0,0.0,0.0,0.0,0.0,0.0,0.0,0.0,0.0,0.0,0.0,0.0,0.0,0.0,0.0,0.0,0.0,0.0,0.0,0.0,0.0,0.0,0.0,0.0,0.0,0.0,0.0,0.0,0.0,0.0,0.0,0.0,0.0,0.0,0.0,0.0,0.0,0.0,0.0,0.0,0.0,0.0,0.0,0.0,0.0,0.0,0.0,0.0,0.0,0.0,0.0,0.0,0.0,0.0,0.0,0.0,0.0,0.0,0.0,0.0,0.0,0.0,0.0,0.0,0.0,0.0,0.0,0.0,0.0,0.0,0.0,0.0,0.0,0.0,0.0,0.0,0.0,0.0,0.0,0.0,0.0,0.0,0.0,0.0,0.0,0.0,0.0,0.0,0.0,0.0,0.0,0.0,0.0,0.0,0.0,0.0,0.0,0.0,0.0,0.0,0.0,0.0
L,0.1,0.1,0.10000000000000003,0.09999999999999998,0.09999999999999998,0.10000000000000009,0.09999999999999998,0.09999999999999998,0.09999999999999998,0.09999999999999998,0.10000000000000009,0.10000000000000009,0.09999999999999987,0.10000000000000009,0.09999999999999987,0.10000000000000009,0.10000000000000009,0.09999999999999987,0.10000000000000009,0.09999999999999987,0.10000000000000009,0.10000000000000009,0.10000000000000009,0.10000000000000009,0.09999999999999964,0.10000000000000009,0.10000000000000009,0.10000000000000009,0.10000000000000009,0.09999999999999964,0.10000000000000009,0.10000000000000009,0.10000000000000009,0.10000000000000009,0.09999999999999964,0.10000000000000009,0.10000000000000009,0.10000000000000009,0.10000000000000009,0.09999999999999964,0.10000000000000053,0.09999999999999964,0.09999999999999964,0.10000000000000053,0.09999999999999964,0.10000000000000053,0.09999999999999964,0.10000000000000053,0.09999999999999964,0.09999999999999964,0.10000000000000053,0.09999999999999964,0.10000000000000053,0.09999999999999964,0.09999999999999964,0.10000000000000053,0.09999999999999964,0.10000000000000053,0.09999999999999964,0.09999999999999964,0.10000000000000053,0.09999999999999964,0.10000000000000053,0.09999999999999964,0.09999999999999964,0.10000000000000053,0.09999999999999964,0.10000000000000053,0.09999999999999964,0.09999999999999964,0.10000000000000053,0.09999999999999964,0.10000000000000053,0.09999999999999964,0.09999999999999964,0.10000000000000053,0.09999999999999964,0.10000000000000053,0.09999999999999964,0.09999999999999964,0.09999999999999964,0.10000000000000142,0.09999999999999964,0.09999999999999964,0.09999999999999964,0.09999999999999964,0.10000000000000142,0.09999999999999964,0.09999999999999964,0.09999999999999964,0.09999999999999964,0.10000000000000142,0.09999999999999964,0.09999999999999964,0.09999999999999964,0.10000000000000142,0.09999999999999964,0.09999999999999964,0.09999999999999964,0.09999999999999964,0.1,0.1,0.10000000000000003,0.09999999999999998,0.09999999999999998,0.10000000000000009,0.09999999999999998,0.09999999999999998,0.09999999999999998,0.09999999999999998,0.10000000000000009,0.10000000000000009,0.09999999999999987,0.10000000000000009,0.09999999999999987,0.10000000000000009,0.10000000000000009,0.09999999999999987,0.10000000000000009,0.09999999999999987,0.10000000000000009,0.10000000000000009,0.10000000000000009,0.10000000000000009,0.09999999999999964,0.10000000000000009,0.10000000000000009,0.10000000000000009,0.10000000000000009,0.09999999999999964,0.10000000000000009,0.10000000000000009,0.10000000000000009,0.10000000000000009,0.09999999999999964,0.10000000000000009,0.10000000000000009,0.10000000000000009,0.10000000000000009,0.09999999999999964,0.10000000000000053,0.09999999999999964,0.09999999999999964,0.10000000000000053,0.09999999999999964,0.10000000000000053,0.09999999999999964,0.10000000000000053,0.09999999999999964,0.09999999999999964,0.10000000000000053,0.09999999999999964,0.10000000000000053,0.09999999999999964,0.09999999999999964,0.10000000000000053,0.09999999999999964,0.10000000000000053,0.09999999999999964,0.09999999999999964,0.10000000000000053,0.09999999999999964,0.10000000000000053,0.09999999999999964,0.09999999999999964,0.10000000000000053,0.09999999999999964,0.10000000000000053,0.09999999999999964,0.09999999999999964,0.10000000000000053,0.09999999999999964,0.10000000000000053,0.09999999999999964,0.09999999999999964,0.10000000000000053,0.09999999999999964,0.10000000000000053,0.09999999999999964,0.09999999999999964,0.09999999999999964,0.10000000000000142,0.09999999999999964,0.09999999999999964,0.09999999999999964,0.09999999999999964,0.10000000000000142,0.09999999999999964,0.09999999999999964,0.09999999999999964,0.09999999999999964,0.10000000000000142,0.09999999999999964,0.09999999999999964,0.09999999999999964,0.10000000000000142,0.09999999999999964,0.09999999999999964,0.09999999999999964,0.09999999999999964,0.1,0.1,0.10000000000000003,0.09999999999999998,0.09999999999999998,0.10000000000000009,0.09999999999999998,0.09999999999999998,0.09999999999999998,0.09999999999999998,0.10000000000000009,0.10000000000000009,0.09999999999999987,0.10000000000000009,0.09999999999999987,0.10000000000000009,0.10000000000000009,0.09999999999999987,0.10000000000000009,0.09999999999999987,0.10000000000000009,0.10000000000000009,0.10000000000000009,0.10000000000000009,0.09999999999999964,0.10000000000000009,0.10000000000000009,0.10000000000000009,0.10000000000000009,0.09999999999999964,0.10000000000000009,0.10000000000000009,0.10000000000000009,0.10000000000000009,0.09999999999999964,0.10000000000000009,0.10000000000000009,0.10000000000000009,0.10000000000000009,0.09999999999999964,0.10000000000000053,0.09999999999999964,0.09999999999999964,0.10000000000000053,0.09999999999999964,0.10000000000000053,0.09999999999999964,0.10000000000000053,0.09999999999999964,0.09999999999999964,0.10000000000000053,0.09999999999999964,0.10000000000000053,0.09999999999999964,0.09999999999999964,0.10000000000000053,0.09999999999999964,0.10000000000000053,0.09999999999999964,0.09999999999999964,0.10000000000000053,0.09999999999999964,0.10000000000000053,0.09999999999999964,0.09999999999999964,0.10000000000000053,0.09999999999999964,0.10000000000000053,0.09999999999999964,0.09999999999999964,0.10000000000000053,0.09999999999999964,0.10000000000000053,0.09999999999999964,0.09999999999999964,0.10000000000000053,0.09999999999999964,0.10000000000000053,0.09999999999999964,0.09999999999999964,0.09999999999999964,0.10000000000000142,0.09999999999999964,0.09999999999999964,0.09999999999999964,0.09999999999999964,0.10000000000000142,0.09999999999999964,0.09999999999999964,0.09999999999999964,0.09999999999999964,0.10000000000000142,0.09999999999999964,0.09999999999999964,0.09999999999999964,0.10000000000000142,0.09999999999999964,0.09999999999999964,0.09999999999999964,0.09999999999999964,0.1,0.1,0.10000000000000003,0.09999999999999998,0.09999999999999998,0.10000000000000009,0.09999999999999998,0.09999999999999998,0.09999999999999998,0.09999999999999998,0.10000000000000009,0.10000000000000009,0.09999999999999987,0.10000000000000009,0.09999999999999987,0.10000000000000009,0.10000000000000009,0.09999999999999987,0.10000000000000009,0.09999999999999987,0.10000000000000009,0.10000000000000009,0.10000000000000009,0.10000000000000009,0.09999999999999964,0.10000000000000009,0.10000000000000009,0.10000000000000009,0.10000000000000009,0.09999999999999964,0.10000000000000009,0.10000000000000009,0.10000000000000009,0.10000000000000009,0.09999999999999964,0.10000000000000009,0.10000000000000009,0.10000000000000009,0.10000000000000009,0.09999999999999964,0.10000000000000053,0.09999999999999964,0.09999999999999964,0.10000000000000053,0.09999999999999964,0.10000000000000053,0.09999999999999964,0.10000000000000053,0.09999999999999964,0.09999999999999964,0.10000000000000053,0.09999999999999964,0.10000000000000053,0.09999999999999964,0.09999999999999964,0.10000000000000053,0.09999999999999964,0.10000000000000053,0.09999999999999964,0.09999999999999964,0.10000000000000053,0.09999999999999964,0.10000000000000053,0.09999999999999964,0.09999999999999964,0.10000000000000053,0.09999999999999964,0.10000000000000053,0.09999999999999964,0.09999999999999964,0.10000000000000053,0.09999999999999964,0.10000000000000053,0.09999999999999964,0.09999999999999964,0.10000000000000053,0.09999999999999964,0.10000000000000053,0.09999999999999964,0.09999999999999964,0.09999999999999964,0.10000000000000142,0.09999999999999964,0.09999999999999964,0.09999999999999964,0.09999999999999964,0.10000000000000142,0.09999999999999964,0.09999999999999964,0.09999999999999964,0.09999999999999964,0.10000000000000142,0.09999999999999964,0.09999999999999964,0.09999999999999964,0.10000000000000142,0.09999999999999964,0.09999999999999964,0.09999999999999964,0.09999999999999964,0.1,0.1,0.10000000000000003,0.09999999999999998,0.09999999999999998,0.10000000000000009,0.09999999999999998,0.09999999999999998,0.09999999999999998,0.09999999999999998,0.10000000000000009,0.10000000000000009,0.09999999999999987,0.10000000000000009,0.09999999999999987,0.10000000000000009,0.10000000000000009,0.09999999999999987,0.10000000000000009,0.09999999999999987,0.10000000000000009,0.10000000000000009,0.10000000000000009,0.10000000000000009,0.09999999999999964,0.10000000000000009,0.10000000000000009,0.10000000000000009,0.10000000000000009,0.09999999999999964,0.10000000000000009,0.10000000000000009,0.10000000000000009,0.10000000000000009,0.09999999999999964,0.10000000000000009,0.10000000000000009,0.10000000000000009,0.10000000000000009,0.09999999999999964,0.10000000000000053,0.09999999999999964,0.09999999999999964,0.10000000000000053,0.09999999999999964,0.10000000000000053,0.09999999999999964,0.10000000000000053,0.09999999999999964,0.09999999999999964,0.10000000000000053,0.09999999999999964,0.10000000000000053,0.09999999999999964,0.09999999999999964,0.10000000000000053,0.09999999999999964,0.10000000000000053,0.09999999999999964,0.09999999999999964,0.10000000000000053,0.09999999999999964,0.10000000000000053,0.09999999999999964,0.09999999999999964,0.10000000000000053,0.09999999999999964,0.10000000000000053,0.09999999999999964,0.09999999999999964,0.10000000000000053,0.09999999999999964,0.10000000000000053,0.09999999999999964,0.09999999999999964,0.10000000000000053,0.09999999999999964,0.10000000000000053,0.09999999999999964,0.09999999999999964,0.09999999999999964,0.10000000000000142,0.09999999999999964,0.09999999999999964,0.09999999999999964,0.09999999999999964,0.10000000000000142,0.09999999999999964,0.09999999999999964,0.09999999999999964,0.09999999999999964,0.10000000000000142,0.09999999999999964,0.09999999999999964,0.09999999999999964,0.10000000000000142,0.09999999999999964,0.09999999999999964,0.09999999999999964,0.09999999999999964,0.1,0.1,0.10000000000000003,0.09999999999999998,0.09999999999999998,0.10000000000000009,0.09999999999999998,0.09999999999999998,0.09999999999999998,0.09999999999999998,0.10000000000000009,0.10000000000000009,0.09999999999999987,0.10000000000000009,0.09999999999999987,0.10000000000000009,0.10000000000000009,0.09999999999999987,0.10000000000000009,0.09999999999999987,0.10000000000000009,0.10000000000000009,0.10000000000000009,0.10000000000000009,0.09999999999999964,0.10000000000000009,0.10000000000000009,0.10000000000000009,0.10000000000000009,0.09999999999999964,0.10000000000000009,0.10000000000000009,0.10000000000000009,0.10000000000000009,0.09999999999999964,0.10000000000000009,0.10000000000000009,0.10000000000000009,0.10000000000000009,0.09999999999999964,0.10000000000000053,0.09999999999999964,0.09999999999999964,0.10000000000000053,0.09999999999999964,0.10000000000000053,0.09999999999999964,0.10000000000000053,0.09999999999999964,0.09999999999999964,0.10000000000000053,0.09999999999999964,0.10000000000000053,0.09999999999999964,0.09999999999999964,0.10000000000000053,0.09999999999999964,0.10000000000000053,0.09999999999999964,0.09999999999999964,0.10000000000000053,0.09999999999999964,0.10000000000000053,0.09999999999999964,0.09999999999999964,0.10000000000000053,0.09999999999999964,0.10000000000000053,0.09999999999999964,0.09999999999999964,0.10000000000000053,0.09999999999999964,0.10000000000000053,0.09999999999999964,0.09999999999999964,0.10000000000000053,0.09999999999999964,0.10000000000000053,0.09999999999999964,0.09999999999999964,0.09999999999999964,0.10000000000000142,0.09999999999999964,0.09999999999999964,0.09999999999999964,0.09999999999999964,0.10000000000000142,0.09999999999999964,0.09999999999999964,0.09999999999999964,0.09999999999999964,0.10000000000000142,0.09999999999999964,0.09999999999999964,0.09999999999999964,0.10000000000000142,0.09999999999999964,0.09999999999999964,0.09999999999999964,0.09999999999999964,0.1,0.1,0.10000000000000003,0.09999999999999998,0.09999999999999998,0.10000000000000009,0.09999999999999998,0.09999999999999998,0.09999999999999998,0.09999999999999998,0.10000000000000009,0.10000000000000009,0.09999999999999987,0.10000000000000009,0.09999999999999987,0.10000000000000009,0.10000000000000009,0.09999999999999987,0.10000000000000009,0.09999999999999987,0.10000000000000009,0.10000000000000009,0.10000000000000009,0.10000000000000009,0.09999999999999964,0.10000000000000009,0.10000000000000009,0.10000000000000009,0.10000000000000009,0.09999999999999964,0.10000000000000009,0.10000000000000009,0.10000000000000009,0.10000000000000009,0.09999999999999964,0.10000000000000009,0.10000000000000009,0.10000000000000009,0.10000000000000009,0.09999999999999964,0.10000000000000053,0.09999999999999964,0.09999999999999964,0.10000000000000053,0.09999999999999964,0.10000000000000053,0.09999999999999964,0.10000000000000053,0.09999999999999964,0.09999999999999964,0.10000000000000053,0.09999999999999964,0.10000000000000053,0.09999999999999964,0.09999999999999964,0.10000000000000053,0.09999999999999964,0.10000000000000053,0.09999999999999964,0.09999999999999964,0.10000000000000053,0.09999999999999964,0.10000000000000053,0.09999999999999964,0.09999999999999964,0.10000000000000053,0.09999999999999964,0.10000000000000053,0.09999999999999964,0.09999999999999964,0.10000000000000053,0.09999999999999964,0.10000000000000053,0.09999999999999964,0.09999999999999964,0.10000000000000053,0.09999999999999964,0.10000000000000053,0.09999999999999964,0.09999999999999964,0.09999999999999964,0.10000000000000142,0.09999999999999964,0.09999999999999964,0.09999999999999964,0.09999999999999964,0.10000000000000142,0.09999999999999964,0.09999999999999964,0.09999999999999964,0.09999999999999964,0.10000000000000142,0.09999999999999964,0.09999999999999964,0.09999999999999964,0.10000000000000142,0.09999999999999964,0.09999999999999964,0.09999999999999964,0.09999999999999964,0.1,0.1,0.10000000000000003,0.09999999999999998,0.09999999999999998,0.10000000000000009,0.09999999999999998,0.09999999999999998,0.09999999999999998,0.09999999999999998,0.10000000000000009,0.10000000000000009,0.09999999999999987,0.10000000000000009,0.09999999999999987,0.10000000000000009,0.10000000000000009,0.09999999999999987,0.10000000000000009,0.09999999999999987,0.10000000000000009,0.10000000000000009,0.10000000000000009,0.10000000000000009,0.09999999999999964,0.10000000000000009,0.10000000000000009,0.10000000000000009,0.10000000000000009,0.09999999999999964,0.10000000000000009,0.10000000000000009,0.10000000000000009,0.10000000000000009,0.09999999999999964,0.10000000000000009,0.10000000000000009,0.10000000000000009,0.10000000000000009,0.09999999999999964,0.10000000000000053,0.09999999999999964,0.09999999999999964,0.10000000000000053,0.09999999999999964,0.10000000000000053,0.09999999999999964,0.10000000000000053,0.09999999999999964,0.09999999999999964,0.10000000000000053,0.09999999999999964,0.10000000000000053,0.09999999999999964,0.09999999999999964,0.10000000000000053,0.09999999999999964,0.10000000000000053,0.09999999999999964,0.09999999999999964,0.10000000000000053,0.09999999999999964,0.10000000000000053,0.09999999999999964,0.09999999999999964,0.10000000000000053,0.09999999999999964,0.10000000000000053,0.09999999999999964,0.09999999999999964,0.10000000000000053,0.09999999999999964,0.10000000000000053,0.09999999999999964,0.09999999999999964,0.10000000000000053,0.09999999999999964,0.10000000000000053,0.09999999999999964,0.09999999999999964,0.09999999999999964,0.10000000000000142,0.09999999999999964,0.09999999999999964,0.09999999999999964,0.09999999999999964,0.10000000000000142,0.09999999999999964,0.09999999999999964,0.09999999999999964,0.09999999999999964,0.10000000000000142,0.09999999999999964,0.09999999999999964,0.09999999999999964,0.10000000000000142,0.09999999999999964,0.09999999999999964,0.09999999999999964,0.09999999999999964
